LECROYSDA18000 15238 Waveform
Segments 1 SegmentSize 302
Segment TrigTime TimeSinceSegment1
#1 01-Jan-2002 01:32:22 0                 
Time Ampl
-2.5154e-009 0.0128336
-2.49873e-009 0.0062389
-2.48206e-009 -0.000614717
-2.4654e-009 -0.00677779
-2.44873e-009 -0.00608725
-2.43206e-009 0.00214745
-2.4154e-009 -0.000390291
-2.39873e-009 -0.0135278
-2.38206e-009 -0.0110764
-2.3654e-009 0.00332136
-2.34873e-009 0.00359758
-2.33206e-009 -0.00087367
-2.3154e-009 0.00549657
-2.29873e-009 0.000904472
-2.28206e-009 -0.0189313
-2.2654e-009 -0.0179473
-2.24873e-009 0.00478876
-2.23206e-009 0.00882843
-2.2154e-009 -0.00717485
-2.19873e-009 -0.00986796
-2.18206e-009 0.000904472
-2.1654e-009 0.00252724
-2.14873e-009 -0.00335962
-2.13206e-009 -0.00263455
-2.1154e-009 0.00275167
-2.09873e-009 0.00366663
-2.08206e-009 0.00313147
-2.0654e-009 0.0101405
-2.04873e-009 0.0177882
-2.03206e-009 0.0103304
-2.0154e-009 -0.00228928
-1.99873e-009 0.00242366
-1.98206e-009 0.0109173
-1.9654e-009 -0.000476609
-1.94873e-009 -0.00978164
-1.93206e-009 0.00634248
-1.9154e-009 0.0197562
-1.89873e-009 0.0106066
-1.88206e-009 0.00456434
-1.8654e-009 0.00791346
-1.84873e-009 -9.68116e-005
-1.83206e-009 -0.0080035
-1.8154e-009 0.00123248
-1.79873e-009 0.00546204
-1.78206e-009 -0.0049306
-1.7654e-009 -0.00537945
-1.74873e-009 0.00437444
-1.73206e-009 0.0064288
-1.7154e-009 0.00905285
-1.69873e-009 0.0132824
-1.68206e-009 0.000317513
-1.6654e-009 -0.0132516
-1.64873e-009 -0.000321237
-1.63206e-009 0.0116251
-1.6154e-009 -0.00297982
-1.59873e-009 -0.0103513
-1.58206e-009 0.00575552
-1.5654e-009 0.00872484
-1.54873e-009 -0.00733022
-1.53206e-009 -0.00905658
-1.5154e-009 0.00147417
-1.49873e-009 0.00199207
-1.48206e-009 0.00169859
-1.4654e-009 0.00837957
-1.44873e-009 0.00570373
-1.43206e-009 -0.00444722
-1.4154e-009 -0.00339414
-1.39873e-009 0.00359758
-1.38206e-009 0.00340768
-1.3654e-009 0.00320052
-1.34873e-009 0.00711934
-1.33206e-009 0.0051513
-1.3154e-009 -4.5021e-005
-1.29873e-009 0.0043917
-1.28206e-009 0.0129717
-1.2654e-009 0.00844863
-1.24873e-009 -0.00727843
-1.23206e-009 -0.0132343
-1.2154e-009 -0.0019958
-1.19873e-009 0.00692944
-1.18206e-009 -0.000839143
-1.1654e-009 -0.00971259
-1.14873e-009 -0.00463712
-1.13206e-009 0.00180218
-1.1154e-009 -0.000355764
-1.09873e-009 0.000282986
-1.08206e-009 0.00484055
-1.0654e-009 0.000610993
-1.04873e-009 -0.00662242
-1.03206e-009 -0.00451627
-1.0154e-009 -0.00140884
-9.98732e-010 -0.00228928
-9.82065e-010 0.00195755
-9.65398e-010 0.00345947
-9.48732e-010 -0.00798624
-9.32065e-010 -0.0100061
-9.15398e-010 0.0093118
-8.98732e-010 0.0171667
-8.82065e-010 0.000213932
-8.65398e-010 -0.00802076
-8.48732e-010 0.00175038
-8.32065e-010 0.00358032
-8.15398e-010 -0.000562926
-7.98732e-010 0.00582457
-7.82065e-010 0.00872484
-7.65398e-010 0.00147417
-7.48732e-010 0.00492687
-7.32065e-010 0.0142492
-7.15398e-010 0.00691218
-6.98732e-010 -0.00235833
-6.82065e-010 0.00421907
-6.65398e-010 0.00525488
-6.48732e-010 -0.00622536
-6.32065e-010 -0.00515502
-6.15398e-010 0.00423633
-5.98732e-010 2.4033e-005
-5.82065e-010 -0.00275539
-5.65398e-010 0.00919096
-5.48732e-010 0.011815
-5.32065e-010 -0.000148602
-5.15398e-010 -0.00297982
-4.98732e-010 -0.000183129
-4.82065e-010 -0.00551756
-4.65398e-010 -0.00424006
-4.48732e-010 0.00610079
-4.32065e-010 0.00389106
-4.15398e-010 -0.00367036
-3.98732e-010 0.0027344
-3.82065e-010 0.00718839
-3.65398e-010 -0.00118441
-3.48732e-010 -0.000856406
-3.32065e-010 0.00799978
-3.15398e-010 0.00328684
-2.98732e-010 -0.00589735
-2.82065e-010 -0.00296256
-2.65398e-010 -0.000735562
-2.48732e-010 -0.00323877
-2.32065e-010 0.00361484
-2.15398e-010 0.0105548
-1.98732e-010 0.00342495
-1.82065e-010 -0.00325603
-1.65398e-010 -0.00185769
-1.48732e-010 -0.00665695
-1.32065e-010 -0.0139939
-1.15398e-010 -0.00824519
-9.87317e-011 0.00468518
-8.2065e-011 0.0142837
-6.53983e-011 0.0198598
-4.87317e-011 0.0151123
-3.2065e-011 0.00206113
-1.53983e-011 -0.000735562
1.26835e-012 0.00579005
1.7935e-011 0.00378748
3.46017e-011 0.00166407
5.12683e-011 0.0180817
6.7935e-011 0.0451854
8.46017e-011 0.0744125
1.01268e-010 0.117053
1.17935e-010 0.174489
1.34602e-010 0.233012
1.51268e-010 0.290534
1.67935e-010 0.356084
1.84602e-010 0.434305
2.01268e-010 0.518637
2.17935e-010 0.590971
2.34602e-010 0.644506
2.51268e-010 0.697798
2.67935e-010 0.757357
2.84602e-010 0.80207
3.01268e-010 0.827844
3.17935e-010 0.849044
3.34602e-010 0.856346
3.51268e-010 0.839359
3.67935e-010 0.817158
3.84602e-010 0.794456
4.01268e-010 0.752403
4.17935e-010 0.701492
4.34602e-010 0.662719
4.51268e-010 0.620647
4.67935e-010 0.565111
4.84602e-010 0.516307
5.01268e-010 0.472699
5.17935e-010 0.418526
5.34602e-010 0.36967
5.51268e-010 0.334194
5.67935e-010 0.288497
5.84602e-010 0.237691
6.01268e-010 0.208015
6.17935e-010 0.185866
6.34602e-010 0.155482
6.51268e-010 0.136906
6.67935e-010 0.125892
6.84602e-010 0.0976319
7.01268e-010 0.0764151
7.17935e-010 0.0871703
7.34602e-010 0.091935
7.51268e-010 0.0710634
7.67935e-010 0.062915
7.84602e-010 0.0712188
8.01268e-010 0.0618619
8.17935e-010 0.0464974
8.34602e-010 0.0485172
8.51268e-010 0.0452717
8.67935e-010 0.0282326
8.84602e-010 0.0254532
9.01268e-010 0.0315817
9.17935e-010 0.0212409
9.34602e-010 0.0125573
9.51268e-010 0.0271278
9.67935e-010 0.0414565
9.84602e-010 0.0361048
1.00127e-009 0.0266962
1.01794e-009 0.0253669
1.0346e-009 0.0287678
1.05127e-009 0.0352243
1.06794e-009 0.0404034
1.0846e-009 0.0369162
1.10127e-009 0.0268343
1.11794e-009 0.0173911
1.1346e-009 0.01437
1.15127e-009 0.0200842
1.16794e-009 0.0249525
1.1846e-009 0.0188758
1.20127e-009 0.0123847
1.21794e-009 0.0166661
1.2346e-009 0.0197562
1.25127e-009 0.0130753
1.26794e-009 0.00934633
1.2846e-009 0.0148361
1.30127e-009 0.0203432
1.31794e-009 0.0211891
1.3346e-009 0.0182198
1.35127e-009 0.0145426
1.36794e-009 0.0176846
1.3846e-009 0.023675
1.40127e-009 0.0178572
1.41794e-009 0.00654964
1.4346e-009 0.00815515
1.45127e-009 0.0168042
1.46794e-009 0.0201188
1.4846e-009 0.0238304
1.50127e-009 0.023675
1.51794e-009 0.00737829
1.5346e-009 -0.00558661
1.55127e-009 0.00629069
1.56794e-009 0.0198943
1.5846e-009 0.014957
1.60127e-009 0.0129717
1.61794e-009 0.0218279
1.6346e-009 0.0190312
1.65127e-009 0.00915643
1.66794e-009 0.0150433
1.6846e-009 0.023019
1.70127e-009 0.0116942
1.71794e-009 -0.00151242
1.7346e-009 0.00195755
1.75127e-009 0.00793072
1.76794e-009 0.00404643
1.7846e-009 -0.000200393
1.80127e-009 0.00276893
1.81794e-009 0.0096916
1.8346e-009 0.0143873
1.85127e-009 0.00974339
1.86794e-009 -0.00216843
1.8846e-009 -0.0071058
1.90127e-009 -0.00127073
1.91794e-009 0.00257903
1.9346e-009 0.000904472
1.95127e-009 0.00268261
1.96794e-009 0.00556562
1.9846e-009 0.00114616
2.00127e-009 -0.00304887
2.01794e-009 0.0027344
2.0346e-009 0.00936359
2.05127e-009 0.00725745
2.06794e-009 0.00492687
2.0846e-009 0.00877663
2.10127e-009 0.0100714
2.11794e-009 0.00686038
2.1346e-009 0.00884569
2.15127e-009 0.0132997
2.16794e-009 0.00955349
2.1846e-009 0.00508224
2.20127e-009 0.0111935
2.21794e-009 0.0159065
2.2346e-009 0.00765451
2.25127e-009 0.00213018
2.26794e-009 0.0111245
2.2846e-009 0.0166661
2.30127e-009 0.00579005
2.31794e-009 -0.00484428
2.3346e-009 -0.00128799
2.35127e-009 0.00525488
2.36794e-009 0.00337315
2.3846e-009 -0.00116715
2.40127e-009 -0.00101178
2.41794e-009 0.00187123
2.4346e-009 0.00465065
2.45127e-009 0.00749913
2.46794e-009 0.00844863
2.4846e-009 0.00408096
2.50127e-009 -0.0037912
