LECROYSDA18000 15238 Waveform
Segments 1 SegmentSize 302
Segment TrigTime TimeSinceSegment1
#1 01-Jan-2002 01:28:53 0                 
Time Ampl
-2.51396e-009 -0.013476
-2.4973e-009 -0.00425732
-2.48063e-009 -0.00534492
-2.46396e-009 -0.00588009
-2.4473e-009 0.00394285
-2.43063e-009 0.00494413
-2.41396e-009 -0.00430911
-2.3973e-009 -0.0032733
-2.38063e-009 0.00256177
-2.36396e-009 -0.00185769
-2.3473e-009 -0.00795171
-2.33063e-009 -0.00867678
-2.31396e-009 -0.00701948
-2.2973e-009 0.00156049
-2.28063e-009 0.0104685
-2.26396e-009 0.00356305
-2.2473e-009 -0.00658789
-2.23063e-009 -0.000338501
-2.21396e-009 0.0067568
-2.1973e-009 -0.000545663
-2.18063e-009 -0.00701948
-2.16396e-009 -0.00342867
-2.1473e-009 0.00432265
-2.13063e-009 0.0155094
-2.11396e-009 0.0204986
-2.0973e-009 0.00780988
-2.08063e-009 -0.00375668
-2.06396e-009 0.00223376
-2.0473e-009 0.00687765
-2.03063e-009 0.00304515
-2.01396e-009 0.00670501
-1.9973e-009 0.00722292
-1.98063e-009 -0.00789992
-1.96396e-009 -0.0114907
-1.9473e-009 0.00446076
-1.93063e-009 0.00490961
-1.91396e-009 -0.0105758
-1.8973e-009 -0.00883215
-1.88063e-009 0.00306241
-1.86396e-009 0.00361484
-1.8473e-009 0.00473697
-1.83063e-009 0.00727471
-1.81396e-009 -0.00472343
-1.7973e-009 -0.0113526
-1.78063e-009 0.00532393
-1.76396e-009 0.0119531
-1.7473e-009 -0.00639799
-1.73063e-009 -0.0124057
-1.71396e-009 0.00226829
-1.6973e-009 0.00668775
-1.68063e-009 0.00140511
-1.66396e-009 0.00385653
-1.6473e-009 0.00475424
-1.63063e-009 0.00320052
-1.61396e-009 0.0145081
-1.5973e-009 0.0234161
-1.58063e-009 0.00779261
-1.56396e-009 -0.0124748
-1.5473e-009 -0.0147535
-1.53063e-009 -0.00971259
-1.51396e-009 -0.00342867
-1.4973e-009 0.00991603
-1.48063e-009 0.0158892
-1.46396e-009 0.00366663
-1.4473e-009 -0.00432637
-1.43063e-009 0.00629069
-1.41396e-009 0.0153368
-1.3973e-009 0.00808609
-1.38063e-009 -0.00441269
-1.36396e-009 -0.0101442
-1.3473e-009 -0.00679506
-1.33063e-009 0.0020266
-1.31396e-009 0.00580731
-1.2973e-009 0.000438357
-1.28063e-009 -0.00261728
-1.26396e-009 0.00207839
-1.2473e-009 0.00392559
-1.23063e-009 0.000248459
-1.21396e-009 0.0011289
-1.1973e-009 0.00587636
-1.18063e-009 0.00347674
-1.16396e-009 -0.00548303
-1.1473e-009 -0.0100406
-1.13063e-009 -0.00560387
-1.11396e-009 0.00235461
-1.0973e-009 0.00484055
-1.08063e-009 -0.000908197
-1.06396e-009 -0.00550029
-1.0473e-009 -0.00158147
-1.03063e-009 0.00169859
-1.01396e-009 -0.00399837
-9.97298e-010 -0.00788266
-9.80631e-010 -0.000666508
-9.63965e-010 0.00660143
-9.47298e-010 0.00411549
-9.30631e-010 0.000559202
-9.13965e-010 0.00356305
-8.97298e-010 0.0062389
-8.80631e-010 0.00219924
-8.63965e-010 -0.0037912
-8.47298e-010 -0.00401563
-8.30631e-010 0.00252724
-8.13965e-010 0.00901832
-7.97298e-010 0.00870758
-7.80631e-010 0.00299336
-7.63965e-010 -0.00258276
-7.47298e-010 -0.00518955
-7.30631e-010 -0.00425732
-7.13965e-010 -0.00372215
-6.97298e-010 -0.0100924
-6.80631e-010 -0.0168252
-6.63965e-010 -0.0103686
-6.47298e-010 0.000472884
-6.30631e-010 -0.00244465
-6.13965e-010 -0.00796897
-5.97298e-010 0.000800891
-5.80631e-010 0.00711934
-5.63965e-010 -0.00211664
-5.47298e-010 -0.00442995
-5.30631e-010 0.0078962
-5.13965e-010 0.00958802
-4.97298e-010 -0.00132252
-4.80631e-010 -0.00228928
-4.63965e-010 0.00285525
-4.47298e-010 -0.000959987
-4.30631e-010 -0.00517228
-4.13965e-010 -0.00394658
-3.97298e-010 -0.00510323
-3.80631e-010 -0.00341141
-3.63965e-010 0.00313147
-3.47298e-010 -0.0025137
-3.30631e-010 -0.0145636
-3.13965e-010 -0.00556935
-2.97298e-010 0.0142837
-2.80631e-010 0.0137313
-2.63965e-010 0.000593729
-2.47298e-010 -0.00296256
-2.30631e-010 -0.00140884
-2.13965e-010 0.000921736
-1.97298e-010 0.00741282
-1.80631e-010 0.00423633
-1.63965e-010 -0.0119396
-1.47298e-010 -0.0149434
-1.30631e-010 -0.000321237
-1.13965e-010 0.00596268
-9.7298e-011 0.0043917
-8.06313e-011 0.0134896
-6.39646e-011 0.0213099
-4.7298e-011 0.0126609
-3.06313e-011 0.00511677
-1.39646e-011 0.0112453
2.70204e-012 0.0161136
1.93687e-011 0.0137313
3.60354e-011 0.018168
5.2702e-011 0.0355696
6.93687e-011 0.0586682
8.60354e-011 0.0831306
1.02702e-010 0.11386
1.19369e-010 0.156535
1.36035e-010 0.204856
1.52702e-010 0.245926
1.69369e-010 0.280366
1.86035e-010 0.316637
2.02702e-010 0.352252
2.19369e-010 0.383533
2.36035e-010 0.411759
2.52702e-010 0.426744
2.69369e-010 0.422497
2.86035e-010 0.419527
3.02702e-010 0.426312
3.19369e-010 0.416144
3.36035e-010 0.38286
3.52702e-010 0.357672
3.69369e-010 0.347987
3.86035e-010 0.331414
4.02702e-010 0.306607
4.19369e-010 0.284527
4.36035e-010 0.25782
4.52702e-010 0.222516
4.69369e-010 0.190993
4.86035e-010 0.170156
5.02702e-010 0.157933
5.19369e-010 0.14464
5.36035e-010 0.114723
5.52702e-010 0.0803857
5.69369e-010 0.0759662
5.86035e-010 0.0882579
6.02702e-010 0.0717194
6.19369e-010 0.0404379
6.36035e-010 0.0388842
6.52702e-010 0.0495531
6.69369e-010 0.0397474
6.86035e-010 0.0310638
7.02702e-010 0.0369162
7.19369e-010 0.0310984
7.36035e-010 0.019083
7.52702e-010 0.0278356
7.69369e-010 0.0366572
7.86035e-010 0.0211373
8.02702e-010 0.00691218
8.19369e-010 0.00986424
8.36035e-010 0.00806883
8.52702e-010 -0.000787352
8.69369e-010 -0.000856406
8.86035e-010 0.00166407
9.02702e-010 0.00226829
9.19369e-010 0.0121258
9.36035e-010 0.0226738
9.52702e-010 0.0171149
9.69369e-010 0.00592816
9.86035e-010 0.00269988
1.0027e-009 0.00294157
1.01937e-009 0.00601447
1.03604e-009 0.0115561
1.0527e-009 0.00839684
1.06937e-009 0.000904472
1.08604e-009 0.0047715
1.1027e-009 0.0103304
1.11937e-009 0.00356305
1.13604e-009 -0.00128799
1.1527e-009 0.00503045
1.16937e-009 0.00801704
1.18604e-009 0.0047715
1.2027e-009 0.00380474
1.21937e-009 0.00100805
1.23604e-009 -0.00223749
1.2527e-009 0.00366663
1.26937e-009 0.00654964
1.28604e-009 -0.00432637
1.3027e-009 -0.00698495
1.31937e-009 0.00805157
1.33604e-009 0.0144736
1.3527e-009 0.00641153
1.36937e-009 0.00558288
1.38604e-009 0.00846589
1.4027e-009 0.0013188
1.41937e-009 -0.000942724
1.43604e-009 0.0095017
1.4527e-009 0.0122639
1.46937e-009 0.00470245
1.48604e-009 0.00471971
1.5027e-009 0.00875937
1.51937e-009 0.00748187
1.53604e-009 0.012074
1.5527e-009 0.0212754
1.56937e-009 0.0141629
1.58604e-009 -0.00344593
1.6027e-009 -0.0049306
1.61937e-009 0.00597995
1.63604e-009 0.00635974
1.6527e-009 -0.00111536
1.66937e-009 0.00102532
1.68604e-009 0.0114007
1.7027e-009 0.01601
1.71937e-009 0.00995055
1.73604e-009 0.00064552
1.7527e-009 -0.00127073
1.76937e-009 0.00580731
1.78604e-009 0.0120222
1.8027e-009 0.0107792
1.81937e-009 0.00551383
1.83604e-009 -0.00139158
1.8527e-009 -0.0090911
1.86937e-009 -0.00993701
1.88604e-009 -0.000856406
1.9027e-009 0.00541025
1.91937e-009 -9.68116e-005
1.93604e-009 -0.00688137
1.9527e-009 -0.004171
1.96937e-009 0.00390832
1.98604e-009 0.0108483
2.0027e-009 0.014042
2.01937e-009 0.0089838
2.03604e-009 -0.00108083
2.0527e-009 -0.000373028
2.06937e-009 0.0134723
2.08604e-009 0.019083
2.1027e-009 0.00622163
2.11937e-009 -0.0056384
2.13604e-009 -0.00128799
2.1527e-009 0.00684312
2.16937e-009 0.00466792
2.18604e-009 -0.00149516
2.2027e-009 -0.00058019
2.21937e-009 0.00610079
2.23604e-009 0.0105548
2.2527e-009 0.00870758
2.26937e-009 0.00318326
2.28604e-009 0.000369303
2.3027e-009 0.00290704
2.31937e-009 0.00672228
2.33604e-009 0.00736103
2.3527e-009 0.00361484
2.36937e-009 -0.00465438
2.38604e-009 -0.0130444
2.4027e-009 -0.012095
2.41937e-009 -0.00140884
2.43604e-009 0.00572099
2.4527e-009 0.00263082
2.46937e-009 -0.0018059
2.48604e-009 -0.00246191
2.5027e-009 -0.00349772
