LECROYSDA18000 15238 Waveform
Segments 1 SegmentSize 302
Segment TrigTime TimeSinceSegment1
#1 01-Jan-2002 01:30:22 0                 
Time Ampl
-2.51565e-009 0.0100196
-2.49898e-009 -0.00750286
-2.48232e-009 -0.00684685
-2.46565e-009 0.0106066
-2.44898e-009 0.00741282
-2.43232e-009 -0.0103513
-2.41565e-009 -0.010921
-2.39898e-009 0.000317513
-2.38232e-009 0.00261356
-2.36565e-009 -0.00185769
-2.34898e-009 -0.00434364
-2.33232e-009 -0.00360131
-2.31565e-009 -0.000908197
-2.29898e-009 -0.000200393
-2.28232e-009 -0.000545663
-2.26565e-009 0.00497866
-2.24898e-009 0.011815
-2.23232e-009 0.0110727
-2.21565e-009 0.00818968
-2.19898e-009 0.00613532
-2.18232e-009 -0.00152968
-2.16565e-009 -0.00684685
-2.14898e-009 -0.000839143
-2.13232e-009 0.00256177
-2.11565e-009 -0.00168505
-2.09898e-009 0.0016468
-2.08232e-009 0.00698123
-2.06565e-009 0.000144878
-2.04898e-009 -0.00380847
-2.03232e-009 0.00200934
-2.01565e-009 -0.00311793
-1.99898e-009 -0.0126992
-1.98232e-009 -0.00344593
-1.96565e-009 0.00620437
-1.94898e-009 -0.00197853
-1.93232e-009 -0.00192674
-1.91565e-009 0.011746
-1.89898e-009 0.0105893
-1.88232e-009 0.00423633
-1.86565e-009 0.0134723
-1.84898e-009 0.0115215
-1.83232e-009 -0.00967806
-1.81565e-009 -0.00910837
-1.79898e-009 0.0104167
-1.78232e-009 0.00651511
-1.76565e-009 -0.00663968
-1.74898e-009 0.00200934
-1.73232e-009 0.00610079
-1.71565e-009 -0.00841783
-1.69898e-009 -0.0054485
-1.68232e-009 0.0139384
-1.66565e-009 0.0104685
-1.64898e-009 -0.00689864
-1.63232e-009 -0.00655337
-1.61565e-009 0.000628256
-1.59898e-009 -0.0010463
-1.58232e-009 -0.00087367
-1.56565e-009 0.00187123
-1.54898e-009 0.000110351
-1.53232e-009 0.00161228
-1.51565e-009 0.00542751
-1.49898e-009 0.00162954
-1.48232e-009 6.76951e-006
-1.46565e-009 0.00699849
-1.44898e-009 0.00670501
-1.43232e-009 0.000559202
-1.41565e-009 0.00516856
-1.39898e-009 0.00834505
-1.38232e-009 -0.00342867
-1.36565e-009 -0.00902205
-1.34898e-009 -0.00147789
-1.33232e-009 -0.00606999
-1.31565e-009 -0.0182062
-1.29898e-009 -0.00688137
-1.28232e-009 0.0174257
-1.26565e-009 0.0186514
-1.24898e-009 -0.000701035
-1.23232e-009 -0.01118
-1.21565e-009 -0.00360131
-1.19898e-009 0.00699849
-1.18232e-009 0.0040119
-1.16565e-009 -0.00919468
-1.14898e-009 -0.0110246
-1.13232e-009 0.00283799
-1.11565e-009 0.0111763
-1.09898e-009 0.00765451
-1.08232e-009 0.00532393
-1.06565e-009 0.0022165
-1.04898e-009 -0.00641526
-1.03232e-009 -0.00594914
-1.01565e-009 0.00560015
-9.98983e-010 0.00848316
-9.82316e-010 0.00232008
-9.65649e-010 0.00214745
-9.48983e-010 0.0049614
-9.32316e-010 0.00541025
-9.15649e-010 0.00786167
-8.98983e-010 0.00525488
-8.82316e-010 -0.00394658
-8.65649e-010 0.00140511
-8.48983e-010 0.0197044
-8.32316e-010 0.0201878
-8.15649e-010 0.00506498
-7.98983e-010 0.0018367
-7.82316e-010 0.00591089
-7.65649e-010 0.00418454
-7.48983e-010 0.0067568
-7.32316e-010 0.00848316
-7.15649e-010 -0.00567293
-6.98983e-010 -0.0143392
-6.82316e-010 -9.68116e-005
-6.65649e-010 0.00843136
-6.48983e-010 -0.00242739
-6.32316e-010 -0.00739928
-6.15649e-010 -0.00394658
-5.98983e-010 -0.00722664
-5.82316e-010 -0.00551756
-5.65649e-010 0.00433991
-5.48983e-010 -0.000252183
-5.32316e-010 -0.0123712
-5.15649e-010 -0.00755465
-4.98983e-010 0.000248459
-4.82316e-010 -0.00446448
-4.65649e-010 -0.00125347
-4.48983e-010 0.0123674
-4.32316e-010 0.0109518
-4.15649e-010 0.000162141
-3.98983e-010 0.00304515
-3.82316e-010 0.00958802
-3.65649e-010 0.00302788
-3.48983e-010 -0.00615631
-3.32316e-010 -0.00465438
-3.15649e-010 0.00492687
-2.98983e-010 0.0114007
-2.82316e-010 0.00511677
-2.65649e-010 -0.00405016
-2.48983e-010 0.00233734
-2.32316e-010 0.0118323
-2.15649e-010 0.00285525
-1.98983e-010 -0.00771002
-1.82316e-010 -0.00182316
-1.65649e-010 0.000869945
-1.48983e-010 -0.00572472
-1.32316e-010 0.000904472
-1.15649e-010 0.0137831
-9.89825e-011 0.00953623
-8.23159e-011 0.00118069
-6.56492e-011 0.00511677
-4.89825e-011 0.00926001
-3.23159e-011 0.0108483
-1.56492e-011 0.0159237
1.01745e-012 0.0123157
1.76841e-011 0.00506498
3.43508e-011 0.0231744
5.10175e-011 0.0572871
6.76841e-011 0.072807
8.43508e-011 0.0802303
1.01017e-010 0.108974
1.17684e-010 0.149198
1.34351e-010 0.180773
1.51017e-010 0.20691
1.67684e-010 0.233789
1.84351e-010 0.262827
2.01017e-010 0.294212
2.17684e-010 0.318104
2.34351e-010 0.330033
2.51017e-010 0.341893
2.67684e-010 0.352977
2.84351e-010 0.349386
3.01017e-010 0.33542
3.17684e-010 0.319399
3.34351e-010 0.295472
3.51017e-010 0.269179
3.67684e-010 0.252261
3.84351e-010 0.235308
4.01017e-010 0.215058
4.17684e-010 0.204683
4.34351e-010 0.191649
4.51017e-010 0.15947
4.67684e-010 0.135474
4.84351e-010 0.134852
5.01017e-010 0.12111
5.17684e-010 0.0858582
5.34351e-010 0.0695615
5.51017e-010 0.0748786
5.67684e-010 0.0671791
5.84351e-010 0.0465665
6.01017e-010 0.0328938
6.17684e-010 0.0263164
6.34351e-010 0.0259366
6.51017e-010 0.0307704
6.67684e-010 0.0281808
6.84351e-010 0.0211546
7.01017e-010 0.0235024
7.17684e-010 0.0254014
7.34351e-010 0.0185823
7.51017e-010 0.0172012
7.67684e-010 0.0182025
7.84351e-010 0.008604
8.01017e-010 0.00428812
8.17684e-010 0.0112108
8.34351e-010 0.00553109
8.51017e-010 -0.0052586
8.67684e-010 0.00468518
8.84351e-010 0.0138694
9.01017e-010 0.00323505
9.17684e-010 0.00411549
9.34351e-010 0.0201015
9.51017e-010 0.0136622
9.67684e-010 -0.00351499
9.84351e-010 0.00347674
1.00102e-009 0.0132997
1.01768e-009 0.00396011
1.03435e-009 -0.000459345
1.05102e-009 0.00352853
1.06768e-009 -0.00194401
1.08435e-009 -0.000355764
1.10102e-009 0.014042
1.11768e-009 0.00865579
1.13435e-009 -0.00997154
1.15102e-009 -0.00427458
1.16768e-009 0.00882843
1.18435e-009 -4.5021e-005
1.20102e-009 -0.00475796
1.21768e-009 0.00953623
1.23435e-009 0.0119876
1.25102e-009 0.00200934
1.26768e-009 0.00679133
1.28435e-009 0.0144045
1.30102e-009 0.00601447
1.31768e-009 0.000334776
1.33435e-009 0.0064288
1.35102e-009 0.00660143
1.36768e-009 0.00128427
1.38435e-009 0.00264809
1.40102e-009 0.00418454
1.41768e-009 0.00123248
1.43435e-009 0.00152596
1.45102e-009 0.00301062
1.46768e-009 -2.77575e-005
1.48435e-009 -0.00135705
1.50102e-009 0.00352853
1.51768e-009 0.0107274
1.53435e-009 0.0152332
1.55102e-009 0.0104857
1.56768e-009 -0.00102904
1.58435e-009 -0.00215117
1.60102e-009 0.00772356
1.61768e-009 0.006049
1.63435e-009 -0.00859046
1.65102e-009 -0.0121985
1.66768e-009 -0.00116715
1.68435e-009 0.00784441
1.70102e-009 0.0112108
1.71768e-009 0.0125919
1.73435e-009 0.00981245
1.75102e-009 0.00549657
1.76768e-009 0.00366663
1.78435e-009 0.00124974
1.80102e-009 -0.000200393
1.81768e-009 0.00264809
1.83435e-009 0.0016468
1.85102e-009 -0.00467164
1.86768e-009 -0.00306614
1.88435e-009 0.00373569
1.90102e-009 0.000455621
1.91768e-009 -0.00434364
1.93435e-009 0.00295883
1.95102e-009 0.00611805
1.96768e-009 -0.00674326
1.98435e-009 -0.0134933
2.00102e-009 -0.00173685
2.01768e-009 0.00832778
2.03435e-009 0.0069467
2.05102e-009 0.00703302
2.06768e-009 0.00910464
2.08435e-009 0.0031142
2.10102e-009 -0.00299708
2.11768e-009 0.00295883
2.13435e-009 0.0101405
2.15102e-009 0.00299336
2.16768e-009 -0.0080035
2.18435e-009 -0.00220296
2.20102e-009 0.014698
2.21768e-009 0.017909
2.23435e-009 0.00449528
2.25102e-009 -0.00377394
2.26768e-009 -0.000321237
2.28435e-009 4.12965e-005
2.30102e-009 -0.00361857
2.31768e-009 0.00135332
2.33435e-009 0.00775809
2.35102e-009 -0.000839143
2.36768e-009 -0.0139076
2.38435e-009 -0.0103513
2.40102e-009 0.00482329
2.41768e-009 0.0133342
2.43435e-009 0.0111417
2.45102e-009 0.00238913
2.46768e-009 -0.00660516
2.48435e-009 -0.00418826
2.50102e-009 0.00865579
