LECROYSDA18000 15238 Waveform
Segments 1 SegmentSize 302
Segment TrigTime TimeSinceSegment1
#1 01-Jan-2002 01:30:57 0                 
Time Ampl
-2.51475e-009 0.00648059
-2.49809e-009 0.000680047
-2.48142e-009 -0.00891847
-2.46475e-009 0.000386567
-2.44809e-009 0.00654964
-2.43142e-009 -0.0049306
-2.41475e-009 -0.00808982
-2.39809e-009 0.000369303
-2.38142e-009 -0.00391205
-2.36475e-009 -0.0125956
-2.34809e-009 -0.00543124
-2.33142e-009 0.00394285
-2.31475e-009 0.00302788
-2.29809e-009 0.00247545
-2.28142e-009 0.00194028
-2.26475e-009 -0.00387752
-2.24809e-009 -0.00358404
-2.23142e-009 0.00213018
-2.21475e-009 -0.00206485
-2.19809e-009 -0.00627715
-2.18142e-009 0.00494413
-2.16475e-009 0.0130062
-2.14809e-009 0.00252724
-2.13142e-009 -0.0069159
-2.11475e-009 -0.00330783
-2.09809e-009 9.30871e-005
-2.08142e-009 -0.000200393
-2.06475e-009 0.00232008
-2.04809e-009 0.00361484
-2.03142e-009 0.0025963
-2.01475e-009 0.00584184
-1.99809e-009 0.00858674
-1.98142e-009 0.00366663
-1.96475e-009 -0.00165053
-1.94809e-009 -0.00165053
-1.93142e-009 -0.000338501
-1.91475e-009 0.00149143
-1.89809e-009 0.00175038
-1.88142e-009 -0.00591462
-1.86475e-009 -0.0135451
-1.84809e-009 -0.00755465
-1.83142e-009 0.00314873
-1.81475e-009 0.00344221
-1.79809e-009 2.4033e-005
-1.78142e-009 0.00226829
-1.76475e-009 0.00433991
-1.74809e-009 0.00375295
-1.73142e-009 0.00358032
-1.71475e-009 -0.000338501
-1.69809e-009 -0.00499965
-1.68142e-009 0.00109437
-1.66475e-009 0.00837957
-1.64809e-009 -0.000269447
-1.63142e-009 -0.00933279
-1.61475e-009 0.000628256
-1.59809e-009 0.00837957
-1.58142e-009 -0.00522408
-1.56475e-009 -0.0144083
-1.54809e-009 -0.0012362
-1.53142e-009 0.00893201
-1.51475e-009 0.00394285
-1.49809e-009 0.00599721
-1.48142e-009 0.015354
-1.46475e-009 0.00767177
-1.44809e-009 -0.00865951
-1.43142e-009 -0.00588009
-1.41475e-009 0.00568647
-1.39809e-009 0.000938999
-1.38142e-009 -0.00682958
-1.36475e-009 0.00371843
-1.34809e-009 0.0150088
-1.33142e-009 0.00720566
-1.31475e-009 -0.000683771
-1.29809e-009 0.00877663
-1.28142e-009 0.0155612
-1.26475e-009 0.00323505
-1.24809e-009 -0.010265
-1.23142e-009 -0.00924647
-1.21475e-009 -0.00361857
-1.19809e-009 -0.00225475
-1.18142e-009 -0.0030834
-1.16475e-009 -0.00596641
-1.14809e-009 -0.00596641
-1.13142e-009 0.00484055
-1.11475e-009 0.0145254
-1.09809e-009 0.0080343
-1.08142e-009 -0.000407555
-1.06475e-009 0.00288978
-1.04809e-009 0.00138785
-1.03142e-009 -0.00865951
-1.01475e-009 -0.00403289
-9.98086e-010 0.00834505
-9.8142e-010 -0.0010981
-9.64753e-010 -0.0171877
-9.48086e-010 -0.00727843
-9.3142e-010 0.0105548
-9.14753e-010 0.00720566
-8.98086e-010 -0.00159874
-8.8142e-010 0.00294157
-8.64753e-010 0.00926001
-8.48086e-010 0.00929454
-8.3142e-010 0.00656691
-8.14753e-010 -2.77575e-005
-7.98086e-010 -0.00353225
-7.8142e-010 0.00446076
-7.64753e-010 0.00927728
-7.48086e-010 0.000144878
-7.3142e-010 -0.00624262
-7.14753e-010 -0.00247918
-6.98086e-010 -0.000355764
-6.8142e-010 0.00244093
-6.64753e-010 0.0104685
-6.48086e-010 0.0108483
-6.3142e-010 0.00371843
-6.14753e-010 0.00314873
-5.98086e-010 0.00299336
-5.8142e-010 -0.00296256
-5.64753e-010 -0.0010463
-5.48086e-010 0.00435718
-5.3142e-010 -0.0028935
-5.14753e-010 -0.0058283
-4.98086e-010 0.00944991
-4.8142e-010 0.0150433
-4.64753e-010 9.30871e-005
-4.48086e-010 -0.00731296
-4.3142e-010 -0.00246191
-4.14753e-010 -0.00196127
-3.98086e-010 -0.000528399
-3.8142e-010 0.0016468
-3.64753e-010 -0.00935006
-3.48086e-010 -0.0163418
-3.3142e-010 -0.000787352
-3.14753e-010 0.0108483
-2.98086e-010 0.0040637
-2.8142e-010 0.00415001
-2.64753e-010 0.0110036
-2.48086e-010 0.0042018
-2.3142e-010 -0.00235833
-2.14753e-010 0.00128427
-1.98086e-010 -0.00429185
-1.8142e-010 -0.0100233
-1.64753e-010 0.00489234
-1.48086e-010 0.0137658
-1.3142e-010 0.000973526
-1.14753e-010 0.00257903
-9.80865e-011 0.0198943
-8.14198e-011 0.0123329
-6.47532e-011 -0.00700222
-4.80865e-011 0.000421094
-3.14198e-011 0.0149052
-1.47532e-011 0.0112971
1.91351e-012 0.0128854
1.85802e-011 0.0310811
3.52468e-011 0.0464629
5.19135e-011 0.0573734
6.85802e-011 0.0716849
8.52468e-011 0.0865488
1.01914e-010 0.108888
1.1858e-010 0.140256
1.35247e-010 0.159522
1.51914e-010 0.167549
1.6858e-010 0.189681
1.85247e-010 0.219133
2.01914e-010 0.233824
2.1858e-010 0.244061
2.35247e-010 0.257061
2.51914e-010 0.254264
2.6858e-010 0.238727
2.85247e-010 0.231597
3.01914e-010 0.225952
3.1858e-010 0.209569
3.35247e-010 0.195326
3.51914e-010 0.188921
3.6858e-010 0.177372
3.85247e-010 0.157536
4.01914e-010 0.136112
4.1858e-010 0.118849
4.35247e-010 0.112599
4.51914e-010 0.109682
4.6858e-010 0.090951
4.85247e-010 0.0632948
5.01914e-010 0.0503472
5.1858e-010 0.0490179
5.35247e-010 0.0448746
5.51914e-010 0.0403516
5.6858e-010 0.0338087
5.85247e-010 0.0205158
6.01914e-010 0.0173739
6.1858e-010 0.031012
6.35247e-010 0.033895
6.51914e-010 0.0176156
6.6858e-010 0.00979518
6.85247e-010 0.0166661
7.01914e-010 0.0180989
7.1858e-010 0.0138694
7.35247e-010 0.0129544
7.51914e-010 0.0078962
7.6858e-010 -0.000614717
7.85247e-010 0.000956263
8.01914e-010 0.00654964
8.1858e-010 0.00142238
8.35247e-010 -0.00515502
8.51914e-010 -2.77575e-005
8.6858e-010 0.00637701
8.85247e-010 0.00347674
9.01914e-010 0.000662783
9.1858e-010 0.00425359
9.35247e-010 0.00504772
9.51914e-010 0.000731837
9.6858e-010 0.0013188
9.85247e-010 0.00568647
1.00191e-009 0.00302788
1.01858e-009 -0.00211664
1.03525e-009 0.000731837
1.05191e-009 0.00411549
1.06858e-009 0.00114616
1.08525e-009 0.00230282
1.10191e-009 0.00692944
1.11858e-009 0.000680047
1.13525e-009 -0.00745107
1.15191e-009 -0.00178864
1.16858e-009 0.000317513
1.18525e-009 -0.0142356
1.20191e-009 -0.020157
1.21858e-009 -0.00615631
1.23525e-009 0.00358032
1.25191e-009 0.00361484
1.26858e-009 0.00848316
1.28525e-009 0.0103304
1.30191e-009 0.00185397
1.31858e-009 0.000421094
1.33525e-009 0.00817241
1.35191e-009 0.00660143
1.36858e-009 -0.00197853
1.38525e-009 -0.00422279
1.40191e-009 -0.00282445
1.41858e-009 0.000421094
1.43525e-009 0.00727471
1.45191e-009 0.00905285
1.46858e-009 0.00744734
1.48525e-009 0.0136104
1.50191e-009 0.0143873
1.51858e-009 -0.00111536
1.53525e-009 -0.00684685
1.55191e-009 0.00739555
1.56858e-009 0.011487
1.58525e-009 0.00247545
1.60191e-009 0.00677407
1.61858e-009 0.0145599
1.63525e-009 0.00518582
1.65191e-009 -0.00171958
1.66858e-009 0.0062389
1.68525e-009 0.0069467
1.70191e-009 -0.000908197
1.71858e-009 0.00200934
1.73525e-009 0.00850042
1.75191e-009 0.00684312
1.76858e-009 0.00630795
1.78525e-009 0.00456434
1.80191e-009 -0.00731296
1.81858e-009 -0.01282
1.83525e-009 -0.00334235
1.85191e-009 -0.00102904
1.86858e-009 -0.00976438
1.88525e-009 -0.00917742
1.90191e-009 -0.00382573
1.91858e-009 -0.00750286
1.93525e-009 -0.00508597
1.95191e-009 0.00986424
1.96858e-009 0.0115043
1.98525e-009 -0.00518955
2.00191e-009 -0.0110937
2.01858e-009 -0.000303974
2.03525e-009 0.00214745
2.05191e-009 -0.00834877
2.06858e-009 -0.010593
2.08525e-009 0.00197481
2.10191e-009 0.0140765
2.11858e-009 0.015285
2.13525e-009 0.00900106
2.15191e-009 0.000852682
2.16858e-009 -0.0056384
2.18525e-009 -0.00682958
2.20191e-009 -0.00320424
2.21858e-009 -0.000424818
2.23525e-009 -0.000269447
2.25191e-009 0.00124974
2.26858e-009 0.00503045
2.28525e-009 0.00812062
2.30191e-009 0.00843136
2.31858e-009 0.00440897
2.33525e-009 -0.0023756
2.35191e-009 -0.00510323
2.36858e-009 -0.00215117
2.38525e-009 -0.000200393
2.40191e-009 -0.00102904
2.41858e-009 -0.000890933
2.43525e-009 -0.000528399
2.45191e-009 0.000610993
2.46858e-009 0.00558288
2.48525e-009 0.00680859
2.50191e-009 -0.00241012
