LECROYSDA18000 15238 Waveform
Segments 1 SegmentSize 302
Segment TrigTime TimeSinceSegment1
#1 01-Jan-2002 01:33:33 0                 
Time Ampl
-2.50884e-009 0.00288978
-2.49217e-009 -0.00299708
-2.47551e-009 -0.0100061
-2.45884e-009 -0.00693316
-2.44217e-009 -0.00396384
-2.42551e-009 -0.00367036
-2.40884e-009 7.58236e-005
-2.39217e-009 0.00156049
-2.37551e-009 0.00121522
-2.35884e-009 0.00682586
-2.34217e-009 0.00805157
-2.32551e-009 -0.000959987
-2.30884e-009 -0.00201306
-2.29217e-009 0.00511677
-2.27551e-009 -0.000442082
-2.25884e-009 -0.0101269
-2.24217e-009 -0.00391205
-2.22551e-009 0.00492687
-2.20884e-009 0.00359758
-2.19217e-009 0.00447802
-2.17551e-009 0.00573826
-2.15884e-009 -0.00273813
-2.14217e-009 -0.00363583
-2.12551e-009 0.0105375
-2.10884e-009 0.0109173
-2.09217e-009 -0.00883215
-2.07551e-009 -0.0159447
-2.05884e-009 -0.00311793
-2.04217e-009 0.00397738
-2.02551e-009 0.000421094
-2.00884e-009 0.00200934
-1.99217e-009 0.00941539
-1.97551e-009 0.0112108
-1.95884e-009 0.00432265
-1.94217e-009 -0.00351499
-1.92551e-009 -0.00367036
-1.90884e-009 -0.000165866
-1.89217e-009 -0.00480975
-1.87551e-009 -0.01282
-1.85884e-009 -0.0078136
-1.84217e-009 0.00501319
-1.82551e-009 0.00518582
-1.80884e-009 -0.00531039
-1.79217e-009 -0.00627715
-1.77551e-009 0.00497866
-1.75884e-009 0.0106411
-1.74217e-009 0.00111163
-1.72551e-009 -0.0118533
-1.70884e-009 -0.0131998
-1.69217e-009 -0.00577651
-1.67551e-009 -0.00227201
-1.65884e-009 -0.00301435
-1.64217e-009 -0.000338501
-1.62551e-009 0.00252724
-1.60884e-009 -0.00171958
-1.59217e-009 -0.00841783
-1.57551e-009 -0.00874583
-1.55884e-009 -0.00373941
-1.54217e-009 -0.000821879
-1.52551e-009 -0.00223749
-1.50884e-009 -0.001616
-1.49217e-009 0.00449528
-1.47551e-009 0.00573826
-1.45884e-009 -0.00437816
-1.44217e-009 -0.00983343
-1.42551e-009 0.000973526
-1.40884e-009 0.0105893
-1.39217e-009 0.00489234
-1.37551e-009 -0.00197853
-1.35884e-009 0.000852682
-1.34217e-009 0.00461613
-1.32551e-009 0.00504772
-1.30884e-009 0.00470245
-1.29217e-009 0.000438357
-1.27551e-009 -0.00494786
-1.25884e-009 -0.00354951
-1.24217e-009 -0.00208212
-1.22551e-009 -0.00750286
-1.20884e-009 -0.00845235
-1.19217e-009 -0.00102904
-1.17551e-009 -0.00058019
-1.15884e-009 -0.00914289
-1.14217e-009 -0.0112318
-1.12551e-009 -0.00510323
-1.10884e-009 -0.00184043
-1.09217e-009 -0.00396384
-1.07551e-009 -0.00722664
-1.05884e-009 -0.00757191
-1.04217e-009 -0.00320424
-1.02551e-009 -1.0494e-005
-1.00884e-009 -0.00185769
-9.92173e-010 0.00119795
-9.75506e-010 0.0117805
-9.58839e-010 0.0125228
-9.42173e-010 -0.00125347
-9.25506e-010 -0.00981617
-9.08839e-010 -0.00392931
-8.92173e-010 0.00582457
-8.75506e-010 0.0122639
-8.58839e-010 0.0128163
-8.42173e-010 0.00584184
-8.25506e-010 0.00207839
-8.08839e-010 0.0105548
-7.92173e-010 0.0156993
-7.75506e-010 0.00299336
-7.58839e-010 -0.0114562
-7.42173e-010 -0.00931553
-7.25506e-010 -7.95481e-005
-7.08839e-010 0.00218197
-6.92173e-010 0.00169859
-6.75506e-010 0.00389106
-6.58839e-010 0.0024064
-6.42173e-010 -0.00551756
-6.25506e-010 -0.0104722
-6.08839e-010 -0.00638073
-5.92173e-010 -0.000562926
-5.75506e-010 -7.95481e-005
-5.58839e-010 -0.00101178
-5.42173e-010 0.000628256
-5.25506e-010 0.0018367
-5.08839e-010 0.00185397
-4.92173e-010 0.00214745
-4.75506e-010 -0.000459345
-4.58839e-010 -0.00515502
-4.42173e-010 -0.0043609
-4.25506e-010 9.30871e-005
-4.08839e-010 7.58236e-005
-3.92173e-010 -0.000390291
-3.75506e-010 0.00451255
-3.58839e-010 0.00775809
-3.42173e-010 0.00672228
-3.25506e-010 0.00856947
-3.08839e-010 0.0106411
-2.92173e-010 0.00706755
-2.75506e-010 0.00396011
-2.58839e-010 0.00192302
-2.42173e-010 -0.0047407
-2.25506e-010 -0.00444722
-2.08839e-010 0.00946718
-1.92173e-010 0.0126264
-1.75506e-010 -0.0039811
-1.58839e-010 -0.00952269
-1.42173e-010 0.00480603
-1.25506e-010 0.0102268
-1.08839e-010 0.00295883
-9.21725e-011 0.00249272
-7.55058e-011 0.00225103
-5.88392e-011 -0.00518955
-4.21725e-011 4.12965e-005
-2.55058e-011 0.0172703
-8.83918e-012 0.018824
7.82749e-012 0.00932907
2.44942e-011 0.0159755
4.11608e-011 0.0359149
5.78275e-011 0.0572008
7.44942e-011 0.0848569
9.11608e-011 0.109337
1.07827e-010 0.116363
1.24494e-010 0.128568
1.41161e-010 0.166168
1.57827e-010 0.200246
1.74494e-010 0.206306
1.91161e-010 0.205374
2.07827e-010 0.214299
2.24494e-010 0.223259
2.41161e-010 0.230164
2.57827e-010 0.235326
2.74494e-010 0.225658
2.91161e-010 0.206806
3.07827e-010 0.203561
3.24494e-010 0.209741
3.41161e-010 0.197795
3.57827e-010 0.171848
3.74494e-010 0.153894
3.91161e-010 0.142396
4.07827e-010 0.128068
4.24494e-010 0.114688
4.41161e-010 0.101395
4.57827e-010 0.0819394
4.74494e-010 0.0639508
4.91161e-010 0.0576324
5.07827e-010 0.0567002
5.24494e-010 0.050468
5.41161e-010 0.038677
5.57827e-010 0.027801
5.74494e-010 0.024521
5.91161e-010 0.028457
6.07827e-010 0.0292857
6.24494e-010 0.022035
6.41161e-010 0.0166833
6.57827e-010 0.0196872
6.74494e-010 0.0230536
6.91161e-010 0.0199634
7.07827e-010 0.0134896
7.24494e-010 0.00758545
7.41161e-010 0.00373569
7.57827e-010 0.00269988
7.74494e-010 0.00402917
7.91161e-010 0.00758545
8.07827e-010 0.0116079
8.24494e-010 0.0101405
8.41161e-010 0.00337315
8.57827e-010 0.00143964
8.74494e-010 0.00561741
8.91161e-010 0.0053412
9.07827e-010 0.000938999
9.24494e-010 0.00214745
9.41161e-010 0.00667049
9.57827e-010 0.00729197
9.74494e-010 0.00648059
9.91161e-010 0.00611805
1.00783e-009 0.00501319
1.02449e-009 0.00872484
1.04116e-009 0.0156475
1.05783e-009 0.0113834
1.07449e-009 -0.00163326
1.09116e-009 -0.00351499
1.10783e-009 0.00396011
1.12449e-009 0.00232008
1.14116e-009 -0.00494786
1.15783e-009 -0.00280718
1.17449e-009 0.00518582
1.19116e-009 0.00986424
1.20783e-009 0.0122121
1.22449e-009 0.010831
1.24116e-009 0.00213018
1.25783e-009 -0.00736475
1.27449e-009 -0.00826245
1.29116e-009 0.000887209
1.30783e-009 0.0120567
1.32449e-009 0.00993329
1.34116e-009 -0.00764097
1.35783e-009 -0.0160483
1.37449e-009 -0.00133978
1.39116e-009 0.0110209
1.40783e-009 0.00166407
1.42449e-009 -0.00916016
1.44116e-009 -0.00501691
1.45783e-009 0.00100805
1.47449e-009 0.00135332
1.49116e-009 0.0033041
1.50783e-009 0.00509951
1.52449e-009 0.00276893
1.54116e-009 0.00337315
1.55783e-009 0.00862126
1.57449e-009 0.0103821
1.59116e-009 0.00710207
1.60783e-009 0.00333863
1.62449e-009 0.00180218
1.64116e-009 0.00354579
1.65783e-009 0.00337315
1.67449e-009 -0.00541397
1.69116e-009 -0.0148916
1.70783e-009 -0.0133379
1.72449e-009 -0.0065361
1.74116e-009 -0.00344593
1.75783e-009 -0.0012362
1.77449e-009 -0.000459345
1.79116e-009 -0.00361857
1.80783e-009 -0.0010981
1.82449e-009 0.00907011
1.84116e-009 0.0095017
1.85783e-009 -0.00408468
1.87449e-009 -0.0137868
1.89116e-009 -0.0115425
1.90783e-009 -0.00434364
1.92449e-009 0.00232008
1.94116e-009 0.0033041
1.95783e-009 -0.00135705
1.97449e-009 -7.95481e-005
1.99116e-009 0.00761998
2.00783e-009 0.00620437
2.02449e-009 -0.00280718
2.04116e-009 -0.00380847
2.05783e-009 0.000869945
2.07449e-009 0.0031142
2.09116e-009 0.00634248
2.10783e-009 0.00497866
2.12449e-009 -0.00745107
2.14116e-009 -0.0109901
2.15783e-009 0.00660143
2.17449e-009 0.0195318
2.19116e-009 0.0132306
2.20783e-009 0.00748187
2.22449e-009 0.008604
2.24116e-009 0.00535846
2.25783e-009 0.00490961
2.27449e-009 0.0118495
2.29116e-009 0.00791346
2.30783e-009 -0.0071058
2.32449e-009 -0.00959174
2.34116e-009 0.000144878
2.35783e-009 0.00275167
2.37449e-009 -0.00147789
2.39116e-009 -0.00349772
2.40783e-009 -0.00387752
2.42449e-009 4.12965e-005
2.44116e-009 0.00850042
2.45783e-009 0.00888022
2.47449e-009 0.000766364
2.49116e-009 0.000628256
2.50783e-009 0.00677407
