LECROYSDA18000 15238 Waveform
Segments 1 SegmentSize 302
Segment TrigTime TimeSinceSegment1
#1 01-Jan-2002 01:33:57 0                 
Time Ampl
-2.5068e-009 -0.00639799
-2.49013e-009 0.00832778
-2.47346e-009 0.00634248
-2.4568e-009 -0.00487881
-2.44013e-009 -0.00139158
-2.42346e-009 0.00516856
-2.4068e-009 0.000576465
-2.39013e-009 0.0013188
-2.37346e-009 0.00941539
-2.3568e-009 0.00509951
-2.34013e-009 -0.00358404
-2.32346e-009 0.00254451
-2.3068e-009 0.00791346
-2.29013e-009 -0.00375668
-2.27346e-009 -0.0133034
-2.2568e-009 -0.0058283
-2.24013e-009 0.00411549
-2.22346e-009 0.00366663
-2.2068e-009 -0.00297982
-2.19013e-009 -0.00655337
-2.17346e-009 -0.000355764
-2.1568e-009 0.00948444
-2.14013e-009 0.00862126
-2.12346e-009 0.000749101
-2.1068e-009 -0.000373028
-2.09013e-009 -0.000977251
-2.07346e-009 -0.0081934
-2.0568e-009 -0.00779634
-2.04013e-009 0.0014569
-2.02346e-009 -0.000545663
-2.0068e-009 -0.00969533
-1.99013e-009 -0.00569019
-1.97346e-009 0.0013188
-1.9568e-009 -0.00363583
-1.94013e-009 -0.00475796
-1.92346e-009 0.00377022
-1.9068e-009 0.000386567
-1.89013e-009 -0.011836
-1.87346e-009 -0.00803803
-1.8568e-009 0.00375295
-1.84013e-009 0.00035204
-1.82346e-009 -0.00789992
-1.8068e-009 -0.00189222
-1.79013e-009 0.0103994
-1.77346e-009 0.0151296
-1.7568e-009 0.0118668
-1.74013e-009 0.00416728
-1.72346e-009 -0.00106357
-1.7068e-009 0.00244093
-1.69013e-009 0.00691218
-1.67346e-009 0.00302788
-1.6568e-009 -0.00268634
-1.64013e-009 -0.00306614
-1.62346e-009 -0.00130526
-1.6068e-009 0.00176765
-1.59013e-009 0.006049
-1.57346e-009 0.00456434
-1.5568e-009 -0.00178864
-1.54013e-009 -0.00159874
-1.52346e-009 0.0051513
-1.5068e-009 0.00711934
-1.49013e-009 0.00157775
-1.47346e-009 -0.0050687
-1.4568e-009 -0.00707127
-1.44013e-009 -0.00320424
-1.42346e-009 -0.000165866
-1.4068e-009 -0.00313519
-1.39013e-009 -0.00330783
-1.37346e-009 0.0049614
-1.3568e-009 0.00953623
-1.34013e-009 0.00606626
-1.32346e-009 0.00601447
-1.3068e-009 0.00649785
-1.29013e-009 -0.00296256
-1.27346e-009 -0.00905658
-1.2568e-009 0.000334776
-1.24013e-009 0.00706755
-1.22346e-009 -7.95481e-005
-1.2068e-009 -0.00335962
-1.19013e-009 0.00390832
-1.17346e-009 0.00637701
-1.1568e-009 -0.000321237
-1.14013e-009 -0.00760644
-1.12346e-009 -0.0098507
-1.1068e-009 -0.00306614
-1.09013e-009 0.00608353
-1.07346e-009 0.00135332
-1.0568e-009 -0.0101097
-1.04013e-009 -0.00617357
-1.02346e-009 0.00326957
-1.0068e-009 -0.00130526
-9.9013e-010 -0.00285897
-9.73463e-010 0.0093118
-9.56796e-010 0.00641153
-9.4013e-010 -0.0133379
-9.23463e-010 -0.00964354
-9.06796e-010 0.0148534
-8.9013e-010 0.0156648
-8.73463e-010 -0.00451627
-8.56796e-010 -0.00865951
-8.4013e-010 -0.000735562
-8.23463e-010 -0.00315245
-8.06796e-010 -0.00598367
-7.9013e-010 0.00245819
-7.73463e-010 0.00844863
-7.56796e-010 0.00354579
-7.4013e-010 -0.00358404
-7.23463e-010 -0.00712306
-7.06796e-010 -0.00700222
-6.9013e-010 -0.00458533
-6.73463e-010 -0.00256549
-6.56796e-010 0.0013188
-6.4013e-010 0.00670501
-6.23463e-010 0.00181944
-6.06796e-010 -0.0110419
-5.9013e-010 -0.00929826
-5.73463e-010 0.00487508
-5.56796e-010 0.00433991
-5.4013e-010 -0.00686411
-5.23463e-010 -0.00489607
-5.06796e-010 -0.00092546
-4.9013e-010 -0.0116634
-4.73463e-010 -0.0136659
-4.56796e-010 0.00579005
-4.4013e-010 0.0134205
-4.23463e-010 -0.00461985
-4.06796e-010 -0.01465
-3.9013e-010 -0.00178864
-3.73463e-010 0.0073265
-3.56796e-010 -0.00130526
-3.4013e-010 -0.010852
-3.23463e-010 -0.00867678
-3.06796e-010 -0.0012362
-2.9013e-010 0.00124974
-2.73463e-010 -0.0019958
-2.56796e-010 -0.00382573
-2.4013e-010 -0.000959987
-2.23463e-010 0.00135332
-2.06796e-010 -0.000303974
-1.9013e-010 -0.0028935
-1.73463e-010 -0.00234107
-1.56796e-010 0.00492687
-1.4013e-010 0.0166488
-1.23463e-010 0.0207057
-1.06796e-010 0.0123847
-9.01295e-011 0.00359758
-7.34628e-011 0.00252724
-5.67962e-011 0.00727471
-4.01295e-011 0.0188413
-2.34628e-011 0.0313055
-6.79617e-012 0.0305805
9.8705e-012 0.0259711
2.65372e-011 0.0403171
4.32038e-011 0.0649866
5.98705e-011 0.0793844
7.65372e-011 0.0900015
9.32038e-011 0.100411
1.0987e-010 0.0984088
1.26537e-010 0.0988577
1.43204e-010 0.121335
1.5987e-010 0.137942
1.76537e-010 0.127308
1.93204e-010 0.122405
2.0987e-010 0.136958
2.26537e-010 0.137459
2.43204e-010 0.12225
2.5987e-010 0.120161
2.76537e-010 0.120679
2.93204e-010 0.103847
3.0987e-010 0.0892419
3.26537e-010 0.0894836
3.43204e-010 0.0864625
3.5987e-010 0.0740327
3.76537e-010 0.0588926
3.93204e-010 0.042078
4.0987e-010 0.0329973
4.26537e-010 0.0341885
4.43204e-010 0.0261437
4.5987e-010 0.0134723
4.76537e-010 0.0222422
4.93204e-010 0.0352243
5.0987e-010 0.0238995
5.26537e-010 0.0137313
5.43204e-010 0.0235369
5.5987e-010 0.0227946
5.76537e-010 0.0096916
5.93204e-010 0.013386
6.0987e-010 0.0167869
6.26537e-010 0.000576465
6.43204e-010 -0.000994514
6.5987e-010 0.0171149
6.76537e-010 0.0117805
6.93204e-010 -0.00708854
7.0987e-010 0.00114616
7.26537e-010 0.0145944
7.43204e-010 0.00553109
7.5987e-010 0.000231195
7.76537e-010 0.00594542
7.93204e-010 -0.000131339
8.0987e-010 -0.0030834
8.26537e-010 0.0108828
8.43204e-010 0.0112798
8.5987e-010 -0.0036531
8.76537e-010 -0.000770089
8.93204e-010 0.00743008
9.0987e-010 -0.0023756
9.26537e-010 -0.00353225
9.43204e-010 0.0112281
9.5987e-010 0.00615258
9.76537e-010 -0.00974712
9.93204e-010 -0.000148602
1.00987e-009 0.014698
1.02654e-009 0.00673954
1.0432e-009 -0.00261728
1.05987e-009 -0.00411921
1.07654e-009 -0.0130617
1.0932e-009 -0.0120086
1.10987e-009 0.0105202
1.12654e-009 0.0161136
1.1432e-009 -0.00487881
1.15987e-009 -0.00753739
1.17654e-009 0.0122811
1.1932e-009 0.0125919
1.20987e-009 -0.00441269
1.22654e-009 -0.00479249
1.2432e-009 0.00611805
1.25987e-009 0.00520309
1.27654e-009 -0.00394658
1.2932e-009 -0.0108002
1.30987e-009 -0.0138558
1.32654e-009 -0.00948816
1.3432e-009 -0.000804616
1.35987e-009 -0.000511136
1.37654e-009 -0.00655337
1.3932e-009 -0.00484428
1.40987e-009 0.00199207
1.42654e-009 0.00197481
1.4432e-009 -0.000131339
1.45987e-009 0.00449528
1.47654e-009 0.00532393
1.4932e-009 -0.00803803
1.50987e-009 -0.0187932
1.52654e-009 -0.00739928
1.5432e-009 0.0107965
1.55987e-009 0.00801704
1.57654e-009 -0.00869404
1.5932e-009 -0.0116116
1.60987e-009 0.000300249
1.62654e-009 0.00772356
1.6432e-009 0.00743008
1.65987e-009 0.00777535
1.67654e-009 0.00801704
1.6932e-009 0.00653238
1.70987e-009 0.00641153
1.72654e-009 0.00447802
1.7432e-009 -0.00116715
1.75987e-009 0.000559202
1.77654e-009 0.0127645
1.7932e-009 0.0181507
1.80987e-009 0.0093118
1.82654e-009 0.00225103
1.8432e-009 0.00433991
1.85987e-009 0.00435718
1.87654e-009 0.00173312
1.8932e-009 0.00572099
1.90987e-009 0.00810336
1.92654e-009 -0.00228928
1.9432e-009 -0.0106103
1.95987e-009 -0.00175411
1.97654e-009 0.00758545
1.9932e-009 -0.000787352
2.00987e-009 -0.0129581
2.02654e-009 -0.00897026
2.0432e-009 0.00589363
2.05987e-009 0.0141111
2.07654e-009 0.00836231
2.0932e-009 -0.0037912
2.10987e-009 -0.00807256
2.12654e-009 -0.00247918
2.1432e-009 -0.000718298
2.15987e-009 -0.00572472
2.17654e-009 -0.00348046
2.1932e-009 0.00710207
2.20987e-009 0.011418
2.22654e-009 0.00793072
2.2432e-009 0.00487508
2.25987e-009 0.000662783
2.27654e-009 -0.00472343
2.2932e-009 -0.00372215
2.30987e-009 0.00064552
2.32654e-009 -0.000545663
2.3432e-009 -0.00315245
2.35987e-009 -0.0012362
2.37654e-009 0.00109437
2.3932e-009 0.00318326
2.40987e-009 0.00851768
2.42654e-009 0.0120222
2.4432e-009 0.00850042
2.45987e-009 0.0033041
2.47654e-009 0.00264809
2.4932e-009 0.00490961
2.50987e-009 0.00413275
