LECROYSDA18000 15238 Waveform
Segments 1 SegmentSize 302
Segment TrigTime TimeSinceSegment1
#1 01-Jan-2002 01:31:02 0                 
Time Ampl
-2.50461e-009 -0.004171
-2.48794e-009 -0.00230654
-2.47128e-009 -0.00907384
-2.45461e-009 -0.0106966
-2.43794e-009 0.000956263
-2.42128e-009 0.0138176
-2.40461e-009 0.0100196
-2.38794e-009 -0.00957448
-2.37128e-009 -0.0180854
-2.35461e-009 -0.00184043
-2.33794e-009 0.00874211
-2.32128e-009 -0.00613904
-2.30461e-009 -0.0135624
-2.28794e-009 0.00337315
-2.27128e-009 0.0107792
-2.25461e-009 0.0015087
-2.23794e-009 0.00423633
-2.22128e-009 0.00867305
-2.20461e-009 -0.00461985
-2.18794e-009 -0.00515502
-2.17128e-009 0.0164071
-2.15461e-009 0.0145599
-2.13794e-009 -0.0110246
-2.12128e-009 -0.0120086
-2.10461e-009 0.00356305
-2.08794e-009 -0.00111536
-2.07128e-009 -0.00827972
-2.05461e-009 0.000179405
-2.03794e-009 -0.00108083
-2.02128e-009 -0.0123194
-2.00461e-009 -0.00677779
-1.98794e-009 0.00480603
-1.97128e-009 0.00359758
-1.95461e-009 0.00301062
-1.93794e-009 0.00625616
-1.92128e-009 0.0018367
-1.90461e-009 -0.000787352
-1.88794e-009 0.000334776
-1.87128e-009 -0.00941911
-1.85461e-009 -0.0134933
-1.83794e-009 0.00532393
-1.82128e-009 0.0143182
-1.80461e-009 -0.0021857
-1.78794e-009 -0.00726117
-1.77128e-009 0.00370116
-1.75461e-009 -0.00118441
-1.73794e-009 -0.00990249
-1.72128e-009 -6.22846e-005
-1.70461e-009 0.00461613
-1.68794e-009 -0.00363583
-1.67128e-009 0.00168133
-1.65461e-009 0.0100541
-1.63794e-009 -0.00177137
-1.62128e-009 -0.0100233
-1.60461e-009 -0.000562926
-1.58794e-009 0.00035204
-1.57128e-009 -0.00541397
-1.55461e-009 0.00342495
-1.53794e-009 0.0093118
-1.52128e-009 0.000973526
-1.50461e-009 0.00382201
-1.48794e-009 0.0149052
-1.47128e-009 0.0101232
-1.45461e-009 0.00522035
-1.43794e-009 0.0113316
-1.42128e-009 0.0018367
-1.40461e-009 -0.0151851
-1.38794e-009 -0.00518955
-1.37128e-009 0.00889748
-1.35461e-009 -0.00475796
-1.33794e-009 -0.0129236
-1.32128e-009 0.0047715
-1.30461e-009 0.0105548
-1.28794e-009 -0.001616
-1.27128e-009 0.00135332
-1.25461e-009 0.00974339
-1.23794e-009 -0.00028671
-1.22128e-009 -0.00682958
-1.20461e-009 0.00465065
-1.18794e-009 0.00989876
-1.17128e-009 0.00290704
-1.15461e-009 0.000282986
-1.13794e-009 -0.000597454
-1.12128e-009 -0.00425732
-1.10461e-009 -0.0019958
-1.08794e-009 -2.77575e-005
-1.07128e-009 -0.00741654
-1.05461e-009 -0.00848688
-1.03794e-009 0.00516856
-1.02128e-009 0.0147671
-1.00461e-009 0.00991603
-9.87943e-010 -0.00111536
-9.71276e-010 -0.0105585
-9.5461e-010 -0.00981617
-9.37943e-010 0.000749101
-9.21276e-010 -2.77575e-005
-9.0461e-010 -0.0143392
-8.87943e-010 -0.0106793
-8.71276e-010 0.0134033
-8.5461e-010 0.0201706
-8.37943e-010 0.00437444
-8.21276e-010 -0.00337688
-8.0461e-010 -0.00108083
-7.87943e-010 -0.00615631
-7.71276e-010 -0.0110246
-7.5461e-010 -0.00586283
-7.37943e-010 -0.00132252
-7.21276e-010 -0.00111536
-7.0461e-010 0.00166407
-6.87943e-010 0.00380474
-6.71276e-010 0.00297609
-6.5461e-010 0.00409822
-6.37943e-010 0.00257903
-6.21276e-010 -0.00422279
-6.0461e-010 -0.00242739
-5.87943e-010 0.0087939
-5.71276e-010 0.00869032
-5.5461e-010 -0.0043609
-5.37943e-010 -0.00976438
-5.21276e-010 -0.00386026
-5.0461e-010 0.000887209
-4.87943e-010 0.00256177
-4.71276e-010 0.00394285
-4.5461e-010 0.00238913
-4.37943e-010 -0.000666508
-4.21276e-010 -0.000355764
-4.0461e-010 0.00235461
-3.87943e-010 0.00333863
-3.71276e-010 0.000731837
-3.5461e-010 -0.00215117
-3.37943e-010 0.00149143
-3.21276e-010 0.00810336
-3.0461e-010 0.00570373
-2.87943e-010 -0.00163326
-2.71276e-010 -0.00101178
-2.5461e-010 0.00121522
-2.37943e-010 -0.00170232
-2.21276e-010 0.00335589
-2.0461e-010 0.0132651
-1.87943e-010 0.00618711
-1.71276e-010 -0.00669147
-1.5461e-010 -0.000200393
-1.37943e-010 0.00767177
-1.21276e-010 -0.00337688
-1.0461e-010 -0.00979891
-8.79431e-011 -0.000701035
-7.12765e-011 0.00123248
-5.46098e-011 2.4033e-005
-3.79431e-011 0.0117805
-2.12765e-011 0.0157856
-4.60979e-012 0.00589363
1.20569e-011 0.0158719
2.87235e-011 0.0416291
4.53902e-011 0.0470844
6.20569e-011 0.0485863
7.87235e-011 0.0770711
9.53902e-011 0.107576
1.12057e-010 0.119591
1.28724e-010 0.136285
1.4539e-010 0.158261
1.62057e-010 0.166772
1.78724e-010 0.179185
1.9539e-010 0.205184
2.12057e-010 0.213263
2.28724e-010 0.199866
2.4539e-010 0.197933
2.62057e-010 0.207601
2.78724e-010 0.209879
2.9539e-010 0.20981
3.12057e-010 0.204821
3.28724e-010 0.181515
3.4539e-010 0.159798
3.62057e-010 0.160782
3.78724e-010 0.160402
3.9539e-010 0.136596
4.12057e-010 0.106074
4.28724e-010 0.0862898
4.4539e-010 0.0779861
4.62057e-010 0.0761907
4.78724e-010 0.0663159
4.9539e-010 0.0447538
5.12057e-010 0.0350862
5.28724e-010 0.042475
5.4539e-010 0.0395575
5.62057e-010 0.0246763
5.78724e-010 0.0222422
5.9539e-010 0.0276974
6.12057e-010 0.0230881
6.28724e-010 0.015941
6.4539e-010 0.0148534
6.62057e-010 0.015613
6.78724e-010 0.0210337
6.9539e-010 0.0272141
7.12057e-010 0.0187549
7.28724e-010 0.00383927
7.4539e-010 0.00235461
7.62057e-010 0.00577278
7.78724e-010 0.00143964
7.9539e-010 -0.000977251
8.12057e-010 0.000956263
8.28724e-010 -0.000787352
8.4539e-010 0.000421094
8.62057e-010 0.00756819
8.78724e-010 0.00907011
8.9539e-010 0.00699849
9.12057e-010 0.00794799
9.28724e-010 0.00214745
9.4539e-010 -0.00612178
9.62057e-010 0.00209565
9.78724e-010 0.013714
9.9539e-010 0.00497866
1.01206e-009 -0.00834877
1.02872e-009 -0.00584556
1.04539e-009 0.000162141
1.06206e-009 -0.000752825
1.07872e-009 -0.00311793
1.09539e-009 -0.00629441
1.11206e-009 -0.00515502
1.12872e-009 0.00546204
1.14539e-009 0.0082242
1.16206e-009 -0.00277266
1.17872e-009 -0.00316972
1.19539e-009 0.00541025
1.21206e-009 -0.00166779
1.22872e-009 -0.00736475
1.24539e-009 0.00874211
1.26206e-009 0.0126264
1.27872e-009 -0.00907384
1.29539e-009 -0.0116116
1.31206e-009 0.00889748
1.32872e-009 0.00775809
1.34539e-009 -0.00688137
1.36206e-009 2.4033e-005
1.37872e-009 0.00837957
1.39539e-009 -0.000545663
1.41206e-009 0.00250998
1.42872e-009 0.0176328
1.44539e-009 0.00900106
1.46206e-009 -0.00972985
1.47872e-009 -0.0012362
1.49539e-009 0.0157684
1.51206e-009 0.00920822
1.52872e-009 -0.00413647
1.54539e-009 -0.00144337
1.56206e-009 0.00730924
1.57872e-009 0.00958802
1.59539e-009 0.00641153
1.61206e-009 0.000852682
1.62872e-009 -0.0012362
1.64539e-009 0.00325231
1.66206e-009 0.00589363
1.67872e-009 0.00266535
1.69539e-009 0.00130153
1.71206e-009 0.00257903
1.72872e-009 0.000334776
1.74539e-009 -0.00163326
1.76206e-009 0.00216471
1.77872e-009 0.00620437
1.79539e-009 0.00487508
1.81206e-009 0.000179405
1.82872e-009 -0.00489607
1.84539e-009 -0.00772729
1.86206e-009 -0.00731296
1.87872e-009 -0.00655337
1.89539e-009 -0.00430911
1.91206e-009 0.00328684
1.92872e-009 0.0077063
1.94539e-009 -0.000942724
1.96206e-009 -0.00945364
1.97872e-009 -0.00266908
1.99539e-009 0.00667049
2.01206e-009 0.00516856
2.02872e-009 0.00402917
2.04539e-009 0.00637701
2.06206e-009 -0.00187495
2.07872e-009 -0.010921
2.09539e-009 0.00123248
2.11206e-009 0.0169768
2.12872e-009 0.00813788
2.14539e-009 -0.00593188
2.16206e-009 0.00213018
2.17872e-009 0.014042
2.19539e-009 0.00896653
2.21206e-009 0.00211292
2.22872e-009 0.0027344
2.24539e-009 -0.00187495
2.26206e-009 -0.0078136
2.27872e-009 -0.00106357
2.29539e-009 0.00796525
2.31206e-009 0.00294157
2.32872e-009 -0.00948816
2.34539e-009 -0.0132516
2.36206e-009 -0.00185769
2.37872e-009 0.015285
2.39539e-009 0.0157856
2.41206e-009 -0.00348046
2.42872e-009 -0.0125093
2.44539e-009 0.000766364
2.46206e-009 0.00829326
2.47872e-009 -7.95481e-005
2.49539e-009 -0.00168505
2.51206e-009 0.00340768
