LECROYSDA18000 15238 Waveform
Segments 1 SegmentSize 302
Segment TrigTime TimeSinceSegment1
#1 01-Jan-2002 01:31:20 0                 
Time Ampl
-2.51572e-009 -0.00442995
-2.49905e-009 -0.00334235
-2.48239e-009 0.00124974
-2.46572e-009 0.00230282
-2.44905e-009 0.00321778
-2.43239e-009 0.00582457
-2.41572e-009 0.00194028
-2.39905e-009 -0.00515502
-2.38239e-009 -0.00368762
-2.36572e-009 0.00107711
-2.34905e-009 -0.000528399
-2.33239e-009 -0.00246191
-2.31572e-009 0.000300249
-2.29905e-009 0.00421907
-2.28239e-009 0.00934633
-2.26572e-009 0.0109173
-2.24905e-009 0.00190576
-2.23239e-009 -0.0037912
-2.21572e-009 0.00594542
-2.19905e-009 0.0108137
-2.18239e-009 -0.00144337
-2.16572e-009 -0.00831424
-2.14905e-009 -0.00292803
-2.13239e-009 -0.00375668
-2.11572e-009 -0.00605272
-2.09905e-009 0.00207839
-2.08239e-009 0.00361484
-2.06572e-009 -0.00572472
-2.04905e-009 -0.0021857
-2.03239e-009 0.00884569
-2.01572e-009 0.00363211
-1.99905e-009 -0.00192674
-1.98239e-009 0.00965707
-1.96572e-009 0.0128163
-1.94905e-009 -0.00152968
-1.93239e-009 -0.00339414
-1.91572e-009 0.00718839
-1.89905e-009 0.00287251
-1.88239e-009 -0.00624262
-1.86572e-009 0.00226829
-1.84905e-009 0.0126955
-1.83239e-009 0.00844863
-1.81572e-009 0.00257903
-1.79905e-009 0.00187123
-1.78239e-009 -0.00087367
-1.76572e-009 -0.00177137
-1.74905e-009 0.00168133
-1.73239e-009 -0.000666508
-1.71572e-009 -0.00705401
-1.69905e-009 -0.00427458
-1.68239e-009 0.00456434
-1.66572e-009 0.00603174
-1.64905e-009 0.000369303
-1.63239e-009 -0.0019958
-1.61572e-009 0.00356305
-1.59905e-009 0.0107792
-1.58239e-009 0.010175
-1.56572e-009 0.0031142
-1.54905e-009 -0.000856406
-1.53239e-009 -0.00147789
-1.51572e-009 -0.00263455
-1.49905e-009 0.00161228
-1.48239e-009 0.0115043
-1.46572e-009 0.0125919
-1.44905e-009 0.00216471
-1.43239e-009 -0.00512049
-1.41572e-009 -0.0043609
-1.39905e-009 -0.00159874
-1.38239e-009 0.00137059
-1.36572e-009 0.00161228
-1.34905e-009 -0.0021857
-1.33239e-009 2.4033e-005
-1.31572e-009 0.00730924
-1.29905e-009 0.00199207
-1.28239e-009 -0.00991975
-1.26572e-009 -0.0037912
-1.24905e-009 0.00970886
-1.23239e-009 0.00256177
-1.21572e-009 -0.0122158
-1.19905e-009 -0.0094709
-1.18239e-009 -0.00156421
-1.16572e-009 -0.00322151
-1.14905e-009 -0.00268634
-1.13239e-009 0.000852682
-1.11572e-009 -0.00372215
-1.09905e-009 -0.00380847
-1.08239e-009 0.0114352
-1.06572e-009 0.0202396
-1.04905e-009 0.0102958
-1.03239e-009 0.00116342
-1.01572e-009 0.00111163
-9.99054e-010 -0.000597454
-9.82388e-010 -0.0023238
-9.65721e-010 -0.000770089
-9.49054e-010 -0.00437816
-9.32388e-010 -0.0074856
-9.15721e-010 0.00280346
-8.99054e-010 0.0128336
-8.82388e-010 0.00791346
-8.65721e-010 0.00335589
-8.49054e-010 0.00639427
-8.32388e-010 0.000749101
-8.15721e-010 -0.00752012
-7.99054e-010 0.00169859
-7.82388e-010 0.0113834
-7.65721e-010 -0.00163326
-7.49054e-010 -0.0147708
-7.32388e-010 -0.00382573
-7.15721e-010 0.0106238
-6.99054e-010 0.00775809
-6.82388e-010 -0.00087367
-6.65721e-010 -0.00477522
-6.49054e-010 -0.00615631
-6.32388e-010 -0.00209938
-6.15721e-010 0.00527214
-5.99054e-010 0.00352853
-5.82388e-010 -0.00593188
-5.65721e-010 -0.0085732
-5.49054e-010 -0.00187495
-5.32388e-010 0.00539299
-5.15721e-010 0.00755093
-4.99054e-010 0.00408096
-4.82388e-010 0.000749101
-4.65721e-010 0.00321778
-4.49054e-010 0.0056692
-4.32388e-010 0.00332136
-4.15721e-010 0.00335589
-3.99054e-010 0.00487508
-3.82388e-010 -0.000683771
-3.65721e-010 -0.00448174
-3.49054e-010 0.00140511
-3.32388e-010 0.000680047
-3.15721e-010 -0.00826245
-2.99054e-010 -0.00111536
-2.82388e-010 0.0144563
-2.65721e-010 0.0056692
-2.49054e-010 -0.014063
-2.32388e-010 -0.00895299
-2.15721e-010 0.00668775
-1.99054e-010 0.00332136
-1.82388e-010 -0.0052586
-1.65721e-010 -0.000718298
-1.49054e-010 0.00404643
-1.32388e-010 0.00035204
-1.15721e-010 -0.00239286
-9.90542e-011 -0.000493872
-8.23876e-011 0.00375295
-6.57209e-011 0.00717113
-4.90542e-011 0.00404643
-3.23876e-011 0.00178491
-1.57209e-011 0.0134033
9.45766e-013 0.0242102
1.76124e-011 0.015682
3.42791e-011 0.0102095
5.09458e-011 0.0328592
6.76124e-011 0.0644687
8.42791e-011 0.0847706
1.00946e-010 0.109596
1.17612e-010 0.151908
1.34279e-010 0.200453
1.50946e-010 0.24653
1.67612e-010 0.288825
1.84279e-010 0.323767
2.00946e-010 0.35453
2.17612e-010 0.388211
2.34279e-010 0.421254
2.50946e-010 0.444387
2.67612e-010 0.451448
2.84279e-010 0.442557
3.00946e-010 0.431232
3.17612e-010 0.430145
3.34279e-010 0.426105
3.50946e-010 0.402368
3.67612e-010 0.372519
3.84279e-010 0.352787
4.00946e-010 0.331414
4.17612e-010 0.299684
4.34279e-010 0.27075
4.50946e-010 0.247393
4.67612e-010 0.21713
4.84279e-010 0.184795
5.00946e-010 0.167204
5.17612e-010 0.159038
5.34279e-010 0.138443
5.50946e-010 0.103985
5.67612e-010 0.0795916
5.84279e-010 0.0767776
6.00946e-010 0.0759144
6.17612e-010 0.0611714
6.34279e-010 0.0459105
6.50946e-010 0.04156
6.67612e-010 0.0384526
6.84279e-010 0.0345511
7.00946e-010 0.0377448
7.17612e-010 0.0381246
7.34279e-010 0.0269379
7.50946e-010 0.0216034
7.67612e-010 0.0296655
7.84279e-010 0.0301489
8.00946e-010 0.0174429
8.17612e-010 0.0100369
8.34279e-010 0.0116424
8.50946e-010 0.0127472
8.67612e-010 0.0126091
8.84279e-010 0.00957076
9.00946e-010 0.00230282
9.17612e-010 0.0029243
9.34279e-010 0.0145081
9.50946e-010 0.0198425
9.67612e-010 0.014629
9.84279e-010 0.0112108
1.00095e-009 0.00924275
1.01761e-009 0.00597995
1.03428e-009 0.0100887
1.05095e-009 0.0154404
1.06761e-009 0.00527214
1.08428e-009 -0.00897026
1.10095e-009 -0.00475796
1.11761e-009 0.00831052
1.13428e-009 0.008604
1.15095e-009 7.58236e-005
1.16761e-009 -0.00158147
1.18428e-009 0.00565194
1.20095e-009 0.0119704
1.21761e-009 0.00889748
1.23428e-009 0.000127614
1.25095e-009 -0.00354951
1.26761e-009 -0.00325603
1.28428e-009 -0.00720938
1.30095e-009 -0.00976438
1.31761e-009 -0.00211664
1.33428e-009 0.00884569
1.35095e-009 0.0147153
1.36761e-009 0.0158201
1.38428e-009 0.0101577
1.40095e-009 -0.00092546
1.41761e-009 -0.00458533
1.43428e-009 0.00250998
1.45095e-009 0.00651511
1.46761e-009 0.00190576
1.48428e-009 -0.00121894
1.50095e-009 0.00302788
1.51761e-009 0.00962255
1.53428e-009 0.0119359
1.55095e-009 0.00967434
1.56761e-009 0.00796525
1.58428e-009 0.00667049
1.60095e-009 0.00157775
1.61761e-009 0.00040383
1.63428e-009 0.0105202
1.65095e-009 0.0155957
1.66761e-009 0.00256177
1.68428e-009 -0.0103168
1.70095e-009 -0.00986796
1.71761e-009 -0.00795171
1.73428e-009 -0.004171
1.75095e-009 0.00993329
1.76761e-009 0.0157166
1.78428e-009 0.00216471
1.80095e-009 -0.00320424
1.81761e-009 0.00976066
1.83428e-009 0.0129544
1.85095e-009 0.00111163
1.86761e-009 -0.0032733
1.88428e-009 0.000196668
1.90095e-009 0.00157775
1.91761e-009 0.00620437
1.93428e-009 0.00963981
1.95095e-009 0.00100805
1.96761e-009 -0.00588009
1.98428e-009 0.000869945
2.00095e-009 0.00428812
2.01761e-009 -0.00263455
2.03428e-009 -0.00301435
2.05095e-009 0.00508224
2.06761e-009 0.0102786
2.08428e-009 0.014629
2.10095e-009 0.0181162
2.11761e-009 0.0108655
2.13428e-009 0.000162141
2.15095e-009 0.00230282
2.16761e-009 0.010572
2.18428e-009 0.00900106
2.20095e-009 0.000369303
2.21761e-009 -0.00448174
2.23428e-009 -0.00315245
2.25095e-009 0.00161228
2.26761e-009 0.00554836
2.28428e-009 0.00487508
2.30095e-009 0.000956263
2.31761e-009 -0.00263455
2.33428e-009 -0.00372215
2.35095e-009 5.85601e-005
2.36761e-009 0.00644606
2.38428e-009 0.00618711
2.40095e-009 -0.00275539
2.41761e-009 -0.00755465
2.43428e-009 -0.00023492
2.45095e-009 0.00680859
2.46761e-009 0.000541938
2.48428e-009 -0.00886668
2.50095e-009 -0.0052586
