LECROYSDA18000 15238 Waveform
Segments 1 SegmentSize 302
Segment TrigTime TimeSinceSegment1
#1 01-Jan-2002 01:32:57 0                 
Time Ampl
-2.51493e-009 -0.00156421
-2.49827e-009 0.000766364
-2.4816e-009 0.00176765
-2.46493e-009 -0.00418826
-2.44827e-009 -0.0037912
-2.4316e-009 0.00340768
-2.41493e-009 -0.00315245
-2.39827e-009 -0.016687
-2.3816e-009 -0.0124575
-2.36493e-009 0.000196668
-2.34827e-009 0.0018367
-2.3316e-009 0.00171586
-2.31493e-009 0.00432265
-2.29827e-009 -0.00144337
-2.2816e-009 -0.00439543
-2.26493e-009 0.00784441
-2.24827e-009 0.0128336
-2.2316e-009 -0.000511136
-2.21493e-009 -0.00575924
-2.19827e-009 0.0033041
-2.1816e-009 0.00230282
-2.16493e-009 -0.00859046
-2.14827e-009 -0.00998881
-2.1316e-009 -0.0045508
-2.11493e-009 -0.00273813
-2.09827e-009 -0.00159874
-2.0816e-009 0.00107711
-2.06493e-009 0.00351126
-2.04827e-009 0.0045816
-2.0316e-009 -0.000407555
-2.01493e-009 -0.00646705
-1.99827e-009 0.00100805
-1.9816e-009 0.0123674
-1.96493e-009 0.00584184
-1.94827e-009 -0.00501691
-1.9316e-009 0.0013188
-1.91493e-009 0.00812062
-1.89827e-009 0.00143964
-1.8816e-009 -0.000545663
-1.86493e-009 0.00435718
-1.84827e-009 0.000541938
-1.8316e-009 -0.00168505
-1.81493e-009 0.00528941
-1.79827e-009 0.000369303
-1.7816e-009 -0.0118705
-1.76493e-009 -0.0025137
-1.74827e-009 0.0115561
-1.7316e-009 -0.00106357
-1.71493e-009 -0.0136659
-1.69827e-009 0.00339042
-1.6816e-009 0.0191175
-1.66493e-009 0.00815515
-1.64827e-009 -0.00341141
-1.6316e-009 0.000386567
-1.61493e-009 0.00237187
-1.59827e-009 -0.00194401
-1.5816e-009 -0.00197853
-1.56493e-009 0.000800891
-1.54827e-009 0.00133606
-1.5316e-009 0.000680047
-1.51493e-009 -0.0010981
-1.49827e-009 -0.00092546
-1.4816e-009 0.00475424
-1.46493e-009 0.00724018
-1.44827e-009 -0.000217656
-1.4316e-009 -0.00594914
-1.41493e-009 -0.00152968
-1.39827e-009 0.00197481
-1.3816e-009 -0.00349772
-1.36493e-009 -0.00874583
-1.34827e-009 -0.00498239
-1.3316e-009 0.00263082
-1.31493e-009 0.00380474
-1.29827e-009 -0.00208212
-1.2816e-009 -0.00581103
-1.26493e-009 -0.00434364
-1.24827e-009 -0.00465438
-1.2316e-009 -0.0065361
-1.21493e-009 -0.00165053
-1.19827e-009 0.00616984
-1.1816e-009 0.00394285
-1.16493e-009 -0.00670874
-1.14827e-009 -0.0112318
-1.1316e-009 -0.00415374
-1.11493e-009 0.00459886
-1.09827e-009 0.00375295
-1.0816e-009 -0.00304887
-1.06493e-009 -0.00135705
-1.04827e-009 0.00855221
-1.0316e-009 0.00991603
-1.01493e-009 0.00168133
-9.98266e-010 0.000196668
-9.81599e-010 0.00561741
-9.64932e-010 0.00606626
-9.48266e-010 0.00503045
-9.31599e-010 0.00720566
-9.14932e-010 0.00321778
-8.98266e-010 -0.00486154
-8.81599e-010 -0.00209938
-8.64932e-010 0.00682586
-8.48266e-010 0.00653238
-8.31599e-010 0.00204386
-8.14932e-010 0.0042018
-7.98266e-010 0.0080343
-7.81599e-010 0.00660143
-7.64932e-010 0.000559202
-7.48266e-010 -0.00688137
-7.31599e-010 -0.00802076
-7.14932e-010 0.000541938
-6.98266e-010 0.00793072
-6.81599e-010 0.00889748
-6.64932e-010 0.0110727
-6.48266e-010 0.00998508
-6.31599e-010 -0.00130526
-6.14932e-010 -0.0052586
-5.98266e-010 0.00646332
-5.81599e-010 0.00782714
-5.64932e-010 -0.006726
-5.48266e-010 -0.00619083
-5.31599e-010 0.00867305
-5.14932e-010 0.00520309
-4.98266e-010 -0.0081934
-4.81599e-010 -0.00173685
-4.64932e-010 0.0082242
-4.48266e-010 -0.0019958
-4.31599e-010 -0.00903931
-4.14932e-010 0.00276893
-3.98266e-010 0.0051513
-3.81599e-010 -0.00874583
-3.64932e-010 -0.0071058
-3.48266e-010 0.0102786
-3.31599e-010 0.0106584
-3.14932e-010 -0.00189222
-2.98266e-010 0.00266535
-2.81599e-010 0.0153195
-2.64932e-010 0.00722292
-2.48266e-010 -0.0110764
-2.31599e-010 -0.0120432
-2.14932e-010 -0.00208212
-1.98266e-010 -0.000562926
-1.81599e-010 -0.00254823
-1.64932e-010 0.000800891
-1.48266e-010 0.00185397
-1.31599e-010 -4.5021e-005
-1.14932e-010 0.00587636
-9.82657e-011 0.0137658
-8.1599e-011 0.00805157
-6.49324e-011 -0.00505144
-4.82657e-011 -0.00777908
-3.1599e-011 0.000973526
-1.49324e-011 0.0128336
1.7343e-012 0.0240721
1.8401e-011 0.0309603
3.50676e-011 0.0349481
5.17343e-011 0.048569
6.8401e-011 0.0742571
8.50676e-011 0.0974938
1.01734e-010 0.115344
1.18401e-010 0.140342
1.35068e-010 0.170967
1.51734e-010 0.195568
1.68401e-010 0.218563
1.85068e-010 0.246305
2.01734e-010 0.266072
2.18401e-010 0.27044
2.35068e-010 0.274255
2.51734e-010 0.284043
2.68401e-010 0.284561
2.85068e-010 0.270112
3.01734e-010 0.253849
3.18401e-010 0.240781
3.35068e-010 0.225848
3.51734e-010 0.213401
3.68401e-010 0.205529
3.85068e-010 0.186815
4.01734e-010 0.153428
4.18401e-010 0.131192
4.35068e-010 0.132608
4.51734e-010 0.130795
4.68401e-010 0.105867
4.85068e-010 0.0775545
5.01734e-010 0.0671964
5.18401e-010 0.0674208
5.35068e-010 0.063174
5.51734e-010 0.0497947
5.68401e-010 0.0323759
5.85068e-010 0.0253841
6.01734e-010 0.0336706
6.18401e-010 0.0354142
6.35068e-010 0.0173566
6.51734e-010 0.00451255
6.68401e-010 0.0150951
6.85068e-010 0.0268688
7.01734e-010 0.0222249
7.18401e-010 0.0141111
7.35068e-010 0.0104685
7.51734e-010 0.0062389
7.68401e-010 0.00485782
7.85068e-010 0.00582457
8.01734e-010 -0.000493872
8.18401e-010 -0.00644978
8.35068e-010 0.000524675
8.51734e-010 0.00765451
8.68401e-010 0.00454707
8.85068e-010 0.00546204
9.01734e-010 0.0107792
9.18401e-010 0.0031142
9.35068e-010 -0.00700222
9.51734e-010 0.00269988
9.68401e-010 0.0169768
9.85068e-010 0.0104857
1.00173e-009 -0.00584556
1.0184e-009 -0.00917742
1.03507e-009 0.000921736
1.05173e-009 0.0118668
1.0684e-009 0.0132651
1.08507e-009 0.00370116
1.10173e-009 -0.00529313
1.1184e-009 -0.00425732
1.13507e-009 0.00185397
1.15173e-009 0.00627343
1.1684e-009 0.00582457
1.18507e-009 -0.00258276
1.20173e-009 -0.00971259
1.2184e-009 -0.00133978
1.23507e-009 0.012143
1.25173e-009 0.0119876
1.2684e-009 0.00608353
1.28507e-009 0.00553109
1.30173e-009 0.00114616
1.3184e-009 -0.00556935
1.33507e-009 9.30871e-005
1.35173e-009 0.00853495
1.3684e-009 0.00323505
1.38507e-009 -0.00301435
1.40173e-009 0.00316599
1.4184e-009 0.00948444
1.43507e-009 0.00677407
1.45173e-009 0.000334776
1.4684e-009 -0.00579377
1.48507e-009 -0.00472343
1.50173e-009 0.00703302
1.5184e-009 0.013127
1.53507e-009 0.00451255
1.55173e-009 -0.00028671
1.5684e-009 0.00511677
1.58507e-009 0.0027862
1.60173e-009 -0.00682958
1.6184e-009 -0.0065361
1.63507e-009 -0.000424818
1.65173e-009 -0.00192674
1.6684e-009 -0.00679506
1.68507e-009 -0.0058283
1.70173e-009 0.000127614
1.7184e-009 0.00316599
1.73507e-009 -0.00249644
1.75173e-009 -0.00624262
1.7684e-009 0.00428812
1.78507e-009 0.0106756
1.80173e-009 -0.00372215
1.8184e-009 -0.0102995
1.83507e-009 0.00677407
1.85173e-009 0.0098815
1.8684e-009 -0.00919468
1.88507e-009 -0.00707127
1.90173e-009 0.0138866
1.9184e-009 0.0136622
1.93507e-009 0.00584184
1.95173e-009 0.0141456
1.9684e-009 0.00979518
1.98507e-009 -0.0102823
2.00173e-009 -0.0034632
2.0184e-009 0.0173048
2.03507e-009 0.00634248
2.05173e-009 -0.0124748
2.0684e-009 -0.00190948
2.08507e-009 0.00927728
2.10173e-009 0.000282986
2.1184e-009 -0.00196127
2.13507e-009 0.00332136
2.15173e-009 -0.00520681
2.1684e-009 -0.0103513
2.18507e-009 0.00616984
2.20173e-009 0.0212409
2.2184e-009 0.0167696
2.23507e-009 0.00383927
2.25173e-009 -0.00543124
2.2684e-009 -0.00386026
2.28507e-009 0.00672228
2.30173e-009 0.00812062
2.3184e-009 -0.00242739
2.33507e-009 -0.00354951
2.35173e-009 0.0053412
2.3684e-009 0.00691218
2.38507e-009 0.00580731
2.40173e-009 0.00827599
2.4184e-009 0.00252724
2.43507e-009 -0.00581103
2.45173e-009 -0.00137431
2.4684e-009 0.00283799
2.48507e-009 -0.00194401
2.50173e-009 0.00345947
