LECROYSDA18000 15238 Waveform
Segments 1 SegmentSize 302
Segment TrigTime TimeSinceSegment1
#1 01-Jan-2002 01:30:15 0                 
Time Ampl
-2.50812e-009 -0.00665695
-2.49146e-009 0.00168133
-2.47479e-009 0.00123248
-2.45812e-009 0.00266535
-2.44146e-009 0.00646332
-2.42479e-009 -0.00209938
-2.40812e-009 -0.00850414
-2.39146e-009 0.000852682
-2.37479e-009 0.00252724
-2.35812e-009 -0.00836604
-2.34146e-009 -0.00593188
-2.32479e-009 0.00247545
-2.30812e-009 -0.00330783
-2.29146e-009 -0.0034632
-2.27479e-009 0.00993329
-2.25812e-009 0.00786167
-2.24146e-009 -0.00629441
-2.22479e-009 -0.00517228
-2.20812e-009 -0.000942724
-2.19146e-009 -0.00598367
-2.17479e-009 0.000386567
-2.15812e-009 0.0109173
-2.14146e-009 0.000887209
-2.12479e-009 -0.00658789
-2.10812e-009 0.00824147
-2.09146e-009 0.0122121
-2.07479e-009 -0.00448174
-2.05812e-009 -0.00955722
-2.04146e-009 -0.00391205
-2.02479e-009 -0.00427458
-2.00812e-009 0.003494
-1.99146e-009 0.015285
-1.97479e-009 0.00680859
-1.95812e-009 -0.00215117
-1.94146e-009 0.00948444
-1.92479e-009 0.0112626
-1.90812e-009 -0.00304887
-1.89146e-009 0.00173312
-1.87479e-009 0.0131098
-1.85812e-009 -0.000183129
-1.84146e-009 -0.00907384
-1.82479e-009 0.00658417
-1.80812e-009 0.00941539
-1.79146e-009 -0.00534492
-1.77479e-009 -0.00190948
-1.75812e-009 0.0114007
-1.74146e-009 0.0102268
-1.72479e-009 0.00682586
-1.70812e-009 0.0031142
-1.69146e-009 -0.0109038
-1.67479e-009 -0.0111455
-1.65812e-009 0.00767177
-1.64146e-009 0.00396011
-1.62479e-009 -0.0201225
-1.60812e-009 -0.0186551
-1.59146e-009 -0.0019958
-1.57479e-009 -0.00617357
-1.55812e-009 -0.0129581
-1.54146e-009 -0.00313519
-1.52479e-009 0.00233734
-1.50812e-009 0.000196668
-1.49146e-009 0.00250998
-1.47479e-009 -0.00285897
-1.45812e-009 -0.0128028
-1.44146e-009 -0.00520681
-1.42479e-009 0.00237187
-1.40812e-009 -0.010265
-1.39146e-009 -0.0119223
-1.37479e-009 0.00729197
-1.35812e-009 0.00761998
-1.34146e-009 -0.006726
-1.32479e-009 0.00335589
-1.30812e-009 0.0179608
-1.29146e-009 0.00473697
-1.27479e-009 -0.00570745
-1.25812e-009 0.00620437
-1.24146e-009 0.00622163
-1.22479e-009 -0.00898752
-1.20812e-009 -0.00555208
-1.19146e-009 0.00793072
-1.17479e-009 0.00408096
-1.15812e-009 -0.00254823
-1.14146e-009 0.00358032
-1.12479e-009 0.00497866
-1.10812e-009 -0.00297982
-1.09146e-009 -0.00303161
-1.07479e-009 0.00373569
-1.05812e-009 0.00404643
-1.04146e-009 -0.00118441
-1.02479e-009 -0.00663968
-1.00812e-009 -0.0104204
-9.91456e-010 -0.00817614
-9.74789e-010 -0.00170232
-9.58122e-010 0.00175038
-9.41456e-010 0.00396011
-9.24789e-010 0.00611805
-9.08122e-010 0.000921736
-8.91456e-010 -0.00451627
-8.74789e-010 0.00592816
-8.58122e-010 0.0183751
-8.41456e-010 0.00722292
-8.24789e-010 -0.0122503
-8.08122e-010 -0.00886668
-7.91456e-010 0.00670501
-7.74789e-010 0.00813788
-7.58122e-010 0.00423633
-7.41456e-010 0.0112626
-7.24789e-010 0.0163381
-7.08122e-010 0.00851768
-6.91456e-010 0.00261356
-6.74789e-010 0.00718839
-6.58122e-010 0.00943265
-6.41456e-010 0.00250998
-6.24789e-010 -0.00434364
-6.08122e-010 -0.00234107
-5.91456e-010 0.00749913
-5.74789e-010 0.0160964
-5.58122e-010 0.0156648
-5.41456e-010 0.0112626
-5.24789e-010 0.0106756
-5.08122e-010 0.00836231
-4.91456e-010 0.000231195
-4.74789e-010 -0.00299708
-4.58122e-010 0.000680047
-4.41456e-010 -0.00241012
-4.24789e-010 -0.010524
-4.08122e-010 -0.00767549
-3.91456e-010 0.00149143
-3.74789e-010 0.000524675
-3.58122e-010 -0.00415374
-3.41456e-010 0.00204386
-3.24789e-010 0.00934633
-3.08122e-010 0.00107711
-2.91456e-010 -0.0121122
-2.74789e-010 -0.00722664
-2.58122e-010 0.00927728
-2.41456e-010 0.00812062
-2.24789e-010 -0.00959174
-2.08122e-010 -0.00852141
-1.91456e-010 0.0153195
-1.74789e-010 0.0233988
-1.58122e-010 0.00730924
-1.41456e-010 -0.000303974
-1.24789e-010 0.00503045
-1.08122e-010 0.00237187
-9.14557e-011 0.00121522
-7.4789e-011 0.0128336
-5.81223e-011 0.0124883
-4.14557e-011 -0.0043609
-2.4789e-011 -0.00311793
-8.12233e-012 0.0170976
8.54433e-012 0.024193
2.5211e-011 0.0238995
4.18777e-011 0.03828
5.85443e-011 0.0541452
7.5211e-011 0.0655391
9.18777e-011 0.0957502
1.08544e-010 0.136371
1.25211e-010 0.151408
1.41878e-010 0.148991
1.58544e-010 0.164597
1.75211e-010 0.194877
1.91878e-010 0.215007
2.08544e-010 0.223379
2.25211e-010 0.228472
2.41878e-010 0.230958
2.58544e-010 0.232633
2.75211e-010 0.233686
2.91878e-010 0.228369
3.08544e-010 0.218028
3.25211e-010 0.210242
3.41878e-010 0.202301
3.58544e-010 0.184916
3.75211e-010 0.160109
3.91878e-010 0.141205
4.08544e-010 0.134006
4.25211e-010 0.126583
4.41878e-010 0.105832
4.58544e-010 0.0789183
4.75211e-010 0.0624144
4.91878e-010 0.0580812
5.08544e-010 0.0563549
5.25211e-010 0.0510205
5.41878e-010 0.0394539
5.58544e-010 0.0256949
5.75211e-010 0.0224321
5.91878e-010 0.0315299
6.08544e-010 0.0366054
6.25211e-010 0.0285779
6.41878e-010 0.017253
6.58544e-010 0.0126264
6.75211e-010 0.0155267
6.91878e-010 0.0208266
7.08544e-010 0.018496
7.25211e-010 0.00618711
7.41878e-010 -0.00266908
7.58544e-010 0.000110351
7.75211e-010 0.00532393
7.91878e-010 0.00503045
8.08544e-010 0.00161228
8.25211e-010 -0.00132252
8.41878e-010 -0.000787352
8.58544e-010 0.00152596
8.75211e-010 -0.00249644
8.91878e-010 -0.0085732
9.08544e-010 -0.00189222
9.25211e-010 0.00886295
9.41878e-010 0.00358032
9.58544e-010 -0.00541397
9.75211e-010 0.00168133
9.91878e-010 0.0077063
1.00854e-009 -0.00284171
1.02521e-009 -0.00674326
1.04188e-009 0.00817241
1.05854e-009 0.0164934
1.07521e-009 0.00765451
1.09188e-009 0.00192302
1.10854e-009 0.00686038
1.12521e-009 0.0101577
1.14188e-009 0.00722292
1.15854e-009 0.00301062
1.17521e-009 0.00135332
1.19188e-009 0.00266535
1.20854e-009 0.00171586
1.22521e-009 -0.00420553
1.24188e-009 -0.00686411
1.25854e-009 -0.00372215
1.27521e-009 -0.00470617
1.29188e-009 -0.00779634
1.30854e-009 -0.00102904
1.32521e-009 0.00701576
1.34188e-009 0.000507411
1.35854e-009 -0.00903931
1.37521e-009 -0.0034632
1.39188e-009 0.00625616
1.40854e-009 0.00254451
1.42521e-009 -0.00520681
1.44188e-009 -4.5021e-005
1.45854e-009 0.0109346
1.47521e-009 0.010572
1.49188e-009 0.0024064
1.50854e-009 0.00168133
1.52521e-009 0.00418454
1.54188e-009 -0.00342867
1.55854e-009 -0.0104894
1.57521e-009 -0.00171958
1.59188e-009 0.0054793
1.60854e-009 -0.00619083
1.62521e-009 -0.0136141
1.64188e-009 0.00107711
1.65854e-009 0.0115215
1.67521e-009 0.00124974
1.69188e-009 -0.00556935
1.70854e-009 0.00197481
1.72521e-009 0.00572099
1.74188e-009 0.0040637
1.75854e-009 0.0071366
1.77521e-009 0.00541025
1.79188e-009 -0.00499965
1.80854e-009 -0.00565566
1.82521e-009 0.00487508
1.84188e-009 0.0066187
1.85854e-009 0.000628256
1.87521e-009 0.00342495
1.89188e-009 0.0111072
1.90854e-009 0.0104685
1.92521e-009 0.00351126
1.94188e-009 -0.00213391
1.95854e-009 -0.00334235
1.97521e-009 0.000196668
1.99188e-009 0.00271714
2.00854e-009 0.000248459
2.02521e-009 0.000662783
2.04188e-009 0.00558288
2.05854e-009 0.00228555
2.07521e-009 -0.00586283
2.09188e-009 0.000783628
2.10854e-009 0.0150433
2.12521e-009 0.0101405
2.14188e-009 -0.00784813
2.15854e-009 -0.0100579
2.17521e-009 0.00187123
2.19188e-009 0.00485782
2.20854e-009 -0.00106357
2.22521e-009 -0.00113262
2.24188e-009 0.00250998
2.25854e-009 0.000818155
2.27521e-009 -0.00130526
2.29188e-009 0.00325231
2.30854e-009 0.00891474
2.32521e-009 0.00844863
2.34188e-009 0.00475424
2.35854e-009 0.0022165
2.37521e-009 -0.00102904
2.39188e-009 -0.00360131
2.40854e-009 0.00173312
2.42521e-009 0.0111763
2.44188e-009 0.0100714
2.45854e-009 0.000231195
2.47521e-009 -0.000942724
2.49188e-009 0.00480603
2.50854e-009 0.0011289
