LECROYSDA18000 15238 Waveform
Segments 1 SegmentSize 302
Segment TrigTime TimeSinceSegment1
#1 01-Jan-2002 01:31:38 0                 
Time Ampl
-2.50128e-009 -0.00389478
-2.48461e-009 -0.00884941
-2.46794e-009 -0.00318698
-2.45128e-009 0.00967434
-2.43461e-009 0.0109
-2.41794e-009 0.000317513
-2.40128e-009 -0.0025137
-2.38461e-009 0.00358032
-2.36794e-009 0.00188849
-2.35128e-009 -0.00631168
-2.33461e-009 -0.00715759
-2.31794e-009 -0.00491333
-2.30128e-009 -0.00997154
-2.28461e-009 -0.0139939
-2.26794e-009 -0.00802076
-2.25128e-009 -0.00173685
-2.23461e-009 -0.00209938
-2.21794e-009 -0.00223749
-2.20128e-009 -0.00127073
-2.18461e-009 -0.00316972
-2.16794e-009 -0.00128799
-2.15128e-009 0.00446076
-2.13461e-009 -0.000545663
-2.11794e-009 -0.0115253
-2.10128e-009 -0.00567293
-2.08461e-009 0.00951897
-2.06794e-009 0.0071366
-2.05128e-009 -0.00337688
-2.03461e-009 0.00342495
-2.01794e-009 0.0156475
-2.00128e-009 0.0113834
-1.98461e-009 0.000887209
-1.96794e-009 -0.0023238
-1.95128e-009 -0.00396384
-1.93461e-009 -0.00320424
-1.91794e-009 0.00509951
-1.90128e-009 0.00786167
-1.88461e-009 -0.00249644
-1.86794e-009 -0.00765823
-1.85128e-009 0.00159501
-1.83461e-009 0.00737829
-1.81794e-009 -9.68116e-005
-1.80128e-009 -0.00700222
-1.78461e-009 -0.00427458
-1.76794e-009 -0.0010463
-1.75128e-009 -0.00424006
-1.73461e-009 -0.00581103
-1.71794e-009 -0.000131339
-1.70128e-009 0.00213018
-1.68461e-009 -0.0049306
-1.66794e-009 -0.00589735
-1.65128e-009 0.00561741
-1.63461e-009 0.00862126
-1.61794e-009 -0.00418826
-1.60128e-009 -0.00822793
-1.58461e-009 0.00541025
-1.56794e-009 0.0131961
-1.55128e-009 0.00306241
-1.53461e-009 -0.0110074
-1.51794e-009 -0.0155131
-1.50128e-009 -0.00777908
-1.48461e-009 0.0040637
-1.46794e-009 0.00461613
-1.45128e-009 -0.00482701
-1.43461e-009 -0.00534492
-1.41794e-009 0.00306241
-1.40128e-009 0.00383927
-1.38461e-009 -0.000718298
-1.36794e-009 -0.00028671
-1.35128e-009 0.000800891
-1.33461e-009 0.00180218
-1.31794e-009 0.00584184
-1.30128e-009 0.00178491
-1.28461e-009 -0.00879762
-1.26794e-009 -0.00260002
-1.25128e-009 0.0135068
-1.23461e-009 0.00853495
-1.21794e-009 -0.00708854
-1.20128e-009 -0.0037912
-1.18461e-009 0.00579005
-1.16794e-009 0.00383927
-1.15128e-009 0.00648059
-1.13461e-009 0.0150606
-1.11794e-009 0.00689491
-1.10128e-009 -0.00981617
-1.08461e-009 -0.00991975
-1.06794e-009 -0.000338501
-1.05128e-009 0.00337315
-1.03461e-009 0.00471971
-1.01794e-009 0.00364937
-1.00128e-009 -0.0027036
-9.8461e-010 -0.00292803
-9.67943e-010 0.00592816
-9.51276e-010 0.00851768
-9.3461e-010 0.0016468
-9.17943e-010 -0.00282445
-9.01276e-010 -0.000752825
-8.8461e-010 0.00484055
-8.67943e-010 0.00874211
-8.51276e-010 0.00494413
-8.3461e-010 9.30871e-005
-8.17943e-010 0.00528941
-8.01276e-010 0.0115215
-7.8461e-010 0.00741282
-7.67943e-010 0.00254451
-7.51276e-010 0.00285525
-7.3461e-010 0.000317513
-7.17943e-010 -0.00087367
-7.01276e-010 0.00677407
-6.8461e-010 0.0124365
-6.67943e-010 0.00967434
-6.51276e-010 0.00620437
-6.3461e-010 0.00218197
-6.17943e-010 -0.00133978
-6.01276e-010 0.0042018
-5.8461e-010 0.00758545
-5.67943e-010 -0.00479249
-5.51276e-010 -0.0105067
-5.3461e-010 0.00563468
-5.17943e-010 0.014301
-5.01276e-010 0.00304515
-4.8461e-010 -0.000321237
-4.67943e-010 0.00812062
-4.51276e-010 0.00739555
-4.3461e-010 0.00171586
-4.17943e-010 0.00040383
-4.01276e-010 -0.00451627
-3.8461e-010 -0.00695043
-3.67943e-010 0.0016468
-3.51276e-010 0.00313147
-3.3461e-010 -0.00624262
-3.17943e-010 -0.00253097
-3.01276e-010 0.00926001
-2.8461e-010 0.00506498
-2.67943e-010 -0.00446448
-2.51276e-010 -0.00361857
-2.3461e-010 -0.00370489
-2.17943e-010 -0.00480975
-2.01276e-010 0.0027862
-1.8461e-010 0.00673954
-1.67943e-010 0.00463339
-1.51276e-010 0.0124538
-1.3461e-010 0.0154749
-1.17943e-010 -0.00249644
-1.01276e-010 -0.0080035
-8.46098e-011 0.0133342
-6.79431e-011 0.0184269
-5.12765e-011 6.76951e-006
-3.46098e-011 0.00116342
-1.79431e-011 0.0196526
-1.27646e-012 0.0235887
1.53902e-011 0.0274903
3.20569e-011 0.0497257
4.87235e-011 0.0674381
6.53902e-011 0.0727034
8.20569e-011 0.0862553
9.87235e-011 0.109354
1.1539e-010 0.132884
1.32057e-010 0.158072
1.48724e-010 0.175559
1.6539e-010 0.181187
1.82057e-010 0.19726
1.98724e-010 0.225261
2.1539e-010 0.233841
2.32057e-010 0.221515
2.48724e-010 0.214592
2.6539e-010 0.210777
2.82057e-010 0.196863
2.98724e-010 0.184675
3.1539e-010 0.181912
3.32057e-010 0.177752
3.48724e-010 0.169051
3.6539e-010 0.156742
3.82057e-010 0.136406
3.98724e-010 0.115534
4.1539e-010 0.104468
4.32057e-010 0.0955603
4.48724e-010 0.0811108
4.6539e-010 0.0645723
4.82057e-010 0.0469981
4.98724e-010 0.0352934
5.1539e-010 0.0402308
5.32057e-010 0.0472052
5.48724e-010 0.0373995
5.6539e-010 0.027732
5.82057e-010 0.0321514
5.98724e-010 0.0295619
6.1539e-010 0.0161309
6.32057e-010 0.0154231
6.48724e-010 0.0207748
6.6539e-010 0.0124883
6.82057e-010 0.00793072
6.98724e-010 0.0189448
7.1539e-010 0.0201533
7.32057e-010 0.00658417
7.48724e-010 0.00200934
7.6539e-010 0.00352853
7.82057e-010 -0.00373941
7.98724e-010 -0.00905658
8.1539e-010 -0.00738201
8.32057e-010 -0.00943637
8.48724e-010 -0.00665695
8.6539e-010 0.00736103
8.82057e-010 0.0100541
8.98724e-010 -0.00175411
9.1539e-010 0.000541938
9.32057e-010 0.0156993
9.48724e-010 0.0160791
9.6539e-010 0.00354579
9.82057e-010 -0.00584556
9.98724e-010 -0.0126301
1.01539e-009 -0.0101097
1.03206e-009 0.00907011
1.04872e-009 0.0202223
1.06539e-009 0.00465065
1.08206e-009 -0.0126301
1.09872e-009 -0.00988522
1.11539e-009 0.00104258
1.13206e-009 0.00996782
1.14872e-009 0.0142664
1.16539e-009 0.00454707
1.18206e-009 -0.0106276
1.19872e-009 -0.00867678
1.21539e-009 0.00323505
1.23206e-009 0.00463339
1.24872e-009 0.00271714
1.26539e-009 0.00408096
1.28206e-009 -0.00353225
1.29872e-009 -0.0109901
1.31539e-009 9.30871e-005
1.33206e-009 0.00875937
1.34872e-009 -0.00489607
1.36539e-009 -0.0111455
1.38206e-009 0.00853495
1.39872e-009 0.0204468
1.41539e-009 0.00673954
1.43206e-009 -0.00589735
1.44872e-009 -0.00577651
1.46539e-009 -0.00670874
1.48206e-009 -0.00684685
1.49872e-009 0.00168133
1.51539e-009 0.00780988
1.53206e-009 0.00340768
1.54872e-009 -0.00185769
1.56539e-009 -0.000183129
1.58206e-009 0.00556562
1.59872e-009 0.00858674
1.61539e-009 0.00397738
1.63206e-009 -0.0018059
1.64872e-009 0.00181944
1.66539e-009 0.00794799
1.68206e-009 0.00454707
1.69872e-009 0.00140511
1.71539e-009 0.00991603
1.73206e-009 0.0178572
1.74872e-009 0.0146462
1.76539e-009 0.00881116
1.78206e-009 0.00473697
1.79872e-009 -0.000407555
1.81539e-009 -0.000666508
1.83206e-009 0.00549657
1.84872e-009 0.00613532
1.86539e-009 -0.00120168
1.88206e-009 -0.00600093
1.89872e-009 -0.00520681
1.91539e-009 -0.00215117
1.93206e-009 -0.000701035
1.94872e-009 -0.00848688
1.96539e-009 -0.0202606
1.98206e-009 -0.0152024
1.99872e-009 0.00309694
2.01539e-009 0.00673954
2.03206e-009 -0.00211664
2.04872e-009 0.000421094
2.06539e-009 0.00560015
2.08206e-009 -0.00265181
2.09872e-009 -0.00399837
2.11539e-009 0.0113489
2.13206e-009 0.0137313
2.14872e-009 -0.00203033
2.16539e-009 -0.00387752
2.18206e-009 0.00881116
2.19872e-009 0.00891474
2.21539e-009 0.000421094
2.23206e-009 -0.000303974
2.24872e-009 -0.00132252
2.26539e-009 -0.00444722
2.28206e-009 0.00344221
2.29872e-009 0.0124192
2.31539e-009 0.00627343
2.33206e-009 -0.000562926
2.34872e-009 0.00427086
2.36539e-009 0.0054793
2.38206e-009 -0.000649244
2.39872e-009 0.000438357
2.41539e-009 0.00418454
2.43206e-009 -0.000476609
2.44872e-009 -0.00387752
2.46539e-009 -0.00151242
2.48206e-009 -0.00403289
2.49872e-009 -0.00610451
2.51539e-009 0.0013188
