LECROYSDA18000 15238 Waveform
Segments 1 SegmentSize 302
Segment TrigTime TimeSinceSegment1
#1 01-Jan-2002 01:30:02 0                 
Time Ampl
-2.50289e-009 0.000196668
-2.48622e-009 0.014301
-2.46956e-009 0.00402917
-2.45289e-009 -0.0105067
-2.43622e-009 -0.0085732
-2.41956e-009 -0.00106357
-2.40289e-009 0.00233734
-2.38622e-009 0.00232008
-2.36956e-009 -0.00208212
-2.35289e-009 -0.00311793
-2.33622e-009 0.00620437
-2.31956e-009 0.0116424
-2.30289e-009 0.00394285
-2.28622e-009 -0.00325603
-2.26956e-009 -0.00677779
-2.25289e-009 -0.0145464
-2.23622e-009 -0.0131308
-2.21956e-009 0.00421907
-2.20289e-009 0.00965707
-2.18622e-009 -0.0045508
-2.16956e-009 -0.00715759
-2.15289e-009 0.00314873
-2.13622e-009 -0.00197853
-2.11956e-009 -0.0102995
-2.10289e-009 0.00269988
-2.08622e-009 0.0101059
-2.06956e-009 -0.00902205
-2.05289e-009 -0.0169633
-2.03622e-009 0.00340768
-2.01956e-009 0.0102958
-2.00289e-009 -0.00784813
-1.98622e-009 -0.0103168
-1.96956e-009 0.0082242
-1.95289e-009 0.010503
-1.93622e-009 -0.00567293
-1.91956e-009 -0.00938458
-1.90289e-009 0.00126701
-1.88622e-009 0.00354579
-1.86956e-009 -0.00560387
-1.85289e-009 -0.0101097
-1.83622e-009 -0.0027036
-1.81956e-009 0.00670501
-1.80289e-009 0.00449528
-1.78622e-009 -0.00784813
-1.76956e-009 -0.0137868
-1.75289e-009 -0.00676053
-1.73622e-009 0.000248459
-1.71956e-009 -0.000649244
-1.70289e-009 2.4033e-005
-1.68622e-009 0.00616984
-1.66956e-009 0.0054793
-1.65289e-009 -0.00612178
-1.63622e-009 -0.0126819
-1.61956e-009 -0.00377394
-1.60289e-009 0.00779261
-1.58622e-009 0.00639427
-1.56956e-009 -0.00408468
-1.55289e-009 -0.00922921
-1.53622e-009 -0.00313519
-1.51956e-009 0.00737829
-1.50289e-009 0.0103821
-1.48622e-009 0.0031142
-1.46956e-009 -0.000994514
-1.45289e-009 0.006049
-1.43622e-009 0.0084141
-1.41956e-009 -0.00420553
-1.40289e-009 -0.0109901
-1.38622e-009 0.00264809
-1.36956e-009 0.0144391
-1.35289e-009 0.00665322
-1.33622e-009 -0.00291076
-1.31956e-009 0.000524675
-1.30289e-009 0.00513403
-1.28622e-009 0.00301062
-1.26956e-009 0.00140511
-1.25289e-009 0.00111163
-1.23622e-009 -0.00284171
-1.21956e-009 -0.00705401
-1.20289e-009 -0.00594914
-1.18622e-009 -6.22846e-005
-1.16956e-009 0.00629069
-1.15289e-009 0.00639427
-1.13622e-009 -0.00101178
-1.11956e-009 -0.0049306
-1.10289e-009 0.0018367
-1.08622e-009 0.00834505
-1.06956e-009 0.00340768
-1.05289e-009 -0.0065361
-1.03622e-009 -0.00871131
-1.01956e-009 -0.000735562
-1.00289e-009 0.00705028
-9.86223e-010 0.00427086
-9.69556e-010 -0.00284171
-9.52889e-010 0.000265722
-9.36223e-010 0.00919096
-9.19556e-010 0.00872484
-9.02889e-010 0.00337315
-8.86223e-010 0.0038738
-8.69556e-010 0.0029243
-8.52889e-010 -0.001616
-8.36223e-010 0.00389106
-8.19556e-010 0.0143355
-8.02889e-010 0.0107965
-7.86223e-010 0.00099079
-7.69556e-010 0.00069731
-7.52889e-010 -0.000959987
-7.36223e-010 -0.00950543
-7.19556e-010 -0.00613904
-7.02889e-010 0.00743008
-6.86223e-010 0.00710207
-6.69556e-010 -0.00246191
-6.52889e-010 -0.000597454
-6.36223e-010 0.00247545
-6.19556e-010 -0.00803803
-6.02889e-010 -0.0137868
-5.86223e-010 -0.000217656
-5.69556e-010 0.0122984
-5.52889e-010 0.00653238
-5.36223e-010 -0.00403289
-5.19556e-010 -0.00329056
-5.02889e-010 0.00359758
-4.86223e-010 0.00499593
-4.69556e-010 0.000852682
-4.52889e-010 -0.00246191
-4.36223e-010 -0.00494786
-4.19556e-010 -0.0083833
-4.02889e-010 -0.00682958
-3.86223e-010 0.00218197
-3.69556e-010 0.00741282
-3.52889e-010 0.00328684
-3.36223e-010 0.000610993
-3.19556e-010 0.00325231
-3.02889e-010 0.00194028
-2.86223e-010 -0.0019958
-2.69556e-010 0.000610993
-2.52889e-010 0.00466792
-2.36223e-010 0.0020266
-2.19556e-010 -0.000511136
-2.02889e-010 0.00271714
-1.86223e-010 0.0040637
-1.69556e-010 0.000628256
-1.52889e-010 0.00166407
-1.36223e-010 0.0106584
-1.19556e-010 0.0163035
-1.02889e-010 0.00753366
-8.62227e-011 -0.00679506
-6.9556e-011 -0.00536218
-5.28894e-011 0.0113489
-3.62227e-011 0.0174429
-1.9556e-011 0.00663596
-2.88936e-012 0.00428812
1.37773e-011 0.0197735
3.0444e-011 0.0334289
4.71106e-011 0.0392295
6.37773e-011 0.0525914
8.0444e-011 0.0780033
9.71106e-011 0.10887
1.13777e-010 0.145676
1.30444e-010 0.188179
1.47111e-010 0.228714
1.63777e-010 0.262775
1.80444e-010 0.291277
1.97111e-010 0.317172
2.13777e-010 0.343188
2.30444e-010 0.363542
2.47111e-010 0.370102
2.63777e-010 0.37119
2.80444e-010 0.377819
2.97111e-010 0.380011
3.13777e-010 0.367582
3.30444e-010 0.34854
3.47111e-010 0.324302
3.63777e-010 0.289999
3.80444e-010 0.261463
3.97111e-010 0.249965
4.13777e-010 0.234031
4.30444e-010 0.203371
4.47111e-010 0.180669
4.63777e-010 0.16912
4.80444e-010 0.145866
4.97111e-010 0.115465
5.13777e-010 0.0998244
5.30444e-010 0.0919868
5.47111e-010 0.0762597
5.63777e-010 0.059376
5.80444e-010 0.0496739
5.97111e-010 0.0449955
6.13777e-010 0.0442359
6.30444e-010 0.0419053
6.47111e-010 0.0330837
6.63777e-010 0.0291648
6.80444e-010 0.0339814
6.97111e-010 0.0285606
7.13777e-010 0.0131961
7.30444e-010 0.013973
7.47111e-010 0.0272486
7.63777e-010 0.0243483
7.80444e-010 0.0091737
7.97111e-010 0.0045816
8.13777e-010 0.00634248
8.30444e-010 0.00321778
8.47111e-010 0.00171586
8.63777e-010 0.00233734
8.80444e-010 -0.00204759
8.97111e-010 -0.00354951
9.13777e-010 0.00378748
9.30444e-010 0.00627343
9.47111e-010 -0.00106357
9.63777e-010 -0.00201306
9.80444e-010 0.00982971
9.97111e-010 0.0200497
1.01378e-009 0.0175983
1.03044e-009 0.00760272
1.04711e-009 0.000783628
1.06378e-009 0.000749101
1.08044e-009 0.00314873
1.09711e-009 0.00449528
1.11378e-009 0.00444349
1.13044e-009 0.00175038
1.14711e-009 -0.000338501
1.16378e-009 0.00399464
1.18044e-009 0.00679133
1.19711e-009 -0.00168505
1.21378e-009 -0.00808982
1.23044e-009 -0.00130526
1.24711e-009 0.00195755
1.26378e-009 -0.00287624
1.28044e-009 0.0047715
1.29711e-009 0.0167696
1.31378e-009 0.00765451
1.33044e-009 -0.00211664
1.34711e-009 0.0121258
1.36378e-009 0.0170459
1.38044e-009 -0.00695043
1.39711e-009 -0.0161174
1.41378e-009 0.00299336
1.43044e-009 0.00725745
1.44711e-009 -0.00351499
1.46378e-009 0.00594542
1.48044e-009 0.0168905
1.49711e-009 0.0020266
1.51378e-009 -0.00548303
1.53044e-009 0.0116079
1.54711e-009 0.0123157
1.56378e-009 -0.0104377
1.58044e-009 -0.0142702
1.59711e-009 0.00282072
1.61378e-009 0.00810336
1.63044e-009 0.00340768
1.64711e-009 0.00499593
1.66378e-009 0.00535846
1.68044e-009 0.000835418
1.69711e-009 0.00228555
1.71378e-009 0.00858674
1.73044e-009 0.0107965
1.74711e-009 0.00637701
1.76378e-009 -0.00439543
1.78044e-009 -0.0117669
1.79711e-009 -0.00220296
1.81378e-009 0.0120049
1.83044e-009 0.00775809
1.84711e-009 -0.00486154
1.86378e-009 -0.00241012
1.88044e-009 0.00850042
1.89711e-009 0.00872484
1.91378e-009 -0.00152968
1.93044e-009 -0.00986796
1.94711e-009 -0.0063462
1.96378e-009 0.00459886
1.98044e-009 0.00375295
1.99711e-009 -0.00786539
2.01378e-009 -0.00297982
2.03044e-009 0.013714
2.04711e-009 0.00727471
2.06378e-009 -0.010921
2.08044e-009 -0.00225475
2.09711e-009 0.0149397
2.11378e-009 0.00677407
2.13044e-009 -0.000217656
2.14711e-009 0.0167179
2.16378e-009 0.0210165
2.18044e-009 -0.0023238
2.19711e-009 -0.013735
2.21378e-009 -0.000303974
2.23044e-009 0.0107792
2.24711e-009 0.010831
2.26378e-009 0.00596268
2.28044e-009 -0.00297982
2.29711e-009 -0.00239286
2.31378e-009 0.0134033
2.33044e-009 0.0168732
2.34711e-009 -0.00182316
2.36378e-009 -0.011577
2.38044e-009 -0.00244465
2.39711e-009 0.00216471
2.41378e-009 -0.00130526
2.43044e-009 -0.00092546
2.44711e-009 0.000576465
2.46378e-009 0.00347674
2.48044e-009 0.0110382
2.49711e-009 0.00813788
2.51378e-009 -0.00757191
