LECROYSDA18000 15238 Waveform
Segments 1 SegmentSize 302
Segment TrigTime TimeSinceSegment1
#1 01-Jan-2002 01:29:51 0                 
Time Ampl
-2.50823e-009 0.00116342
-2.49156e-009 -0.00663968
-2.4749e-009 -0.00275539
-2.45823e-009 0.00715386
-2.44156e-009 0.00535846
-2.4249e-009 0.00354579
-2.40823e-009 0.00965707
-2.39156e-009 0.00863853
-2.3749e-009 0.00465065
-2.35823e-009 0.0102095
-2.34156e-009 0.00799978
-2.3249e-009 -0.00784813
-2.30823e-009 -0.0087631
-2.29156e-009 0.00551383
-2.2749e-009 0.00541025
-2.25823e-009 -0.00190948
-2.24156e-009 0.00499593
-2.2249e-009 0.00844863
-2.20823e-009 -0.00472343
-2.19156e-009 -0.0101097
-2.1749e-009 0.000421094
-2.15823e-009 0.00471971
-2.14156e-009 -0.00201306
-2.1249e-009 -0.0065361
-2.10823e-009 -0.0049306
-2.09156e-009 0.000973526
-2.0749e-009 0.00522035
-2.05823e-009 -0.000252183
-2.04156e-009 -0.00512049
-2.0249e-009 0.00415001
-2.00823e-009 0.012402
-1.99156e-009 0.00503045
-1.9749e-009 -0.00297982
-1.95823e-009 -0.0043609
-1.94156e-009 -0.00988522
-1.9249e-009 -0.0115943
-1.90823e-009 0.000317513
-1.89156e-009 0.00748187
-1.8749e-009 0.00233734
-1.85823e-009 0.00299336
-1.84156e-009 0.00672228
-1.8249e-009 -0.0012362
-1.80823e-009 -0.00677779
-1.79156e-009 0.000300249
-1.7749e-009 0.00126701
-1.75823e-009 -0.00522408
-1.74156e-009 -0.00128799
-1.7249e-009 0.00409822
-1.70823e-009 -0.00197853
-1.69156e-009 -0.00265181
-1.6749e-009 0.00724018
-1.65823e-009 0.00710207
-1.64156e-009 -0.0023238
-1.6249e-009 -0.0043609
-1.60823e-009 -0.00325603
-1.59156e-009 -0.00463712
-1.5749e-009 -0.00182316
-1.55823e-009 -0.00220296
-1.54156e-009 -0.0130099
-1.5249e-009 -0.0159102
-1.50823e-009 -0.00303161
-1.49156e-009 0.00489234
-1.4749e-009 0.0016468
-1.45823e-009 0.00100805
-1.44156e-009 0.00256177
-1.4249e-009 0.00152596
-1.40823e-009 0.00463339
-1.39156e-009 0.00872484
-1.3749e-009 0.00425359
-1.35823e-009 -0.00058019
-1.34156e-009 0.00256177
-1.3249e-009 0.00572099
-1.30823e-009 0.00637701
-1.29156e-009 0.00796525
-1.2749e-009 0.00375295
-1.25823e-009 -0.00569019
-1.24156e-009 -0.00556935
-1.2249e-009 0.0036839
-1.20823e-009 0.00813788
-1.19156e-009 0.00706755
-1.1749e-009 0.00461613
-1.15823e-009 7.58236e-005
-1.14156e-009 0.000300249
-1.1249e-009 0.0078962
-1.10823e-009 0.00919096
-1.09156e-009 0.00299336
-1.0749e-009 0.00390832
-1.05823e-009 0.00686038
-1.04156e-009 -0.000183129
-1.0249e-009 -0.00386026
-1.00823e-009 0.00509951
-9.91563e-010 0.0091737
-9.74897e-010 0.0018367
-9.5823e-010 -0.00394658
-9.41563e-010 -0.00715759
-9.24897e-010 -0.00897026
-9.0823e-010 -1.0494e-005
-8.91563e-010 0.0107619
-8.74897e-010 0.00499593
-8.5823e-010 -0.00363583
-8.41563e-010 0.00363211
-8.24897e-010 0.0101922
-8.0823e-010 0.00264809
-7.91563e-010 -0.000442082
-7.74897e-010 0.00679133
-7.5823e-010 0.00487508
-7.41563e-010 -0.00674326
-7.24897e-010 -0.00831424
-7.0823e-010 0.00218197
-6.91563e-010 0.00862126
-6.74897e-010 0.00301062
-6.5823e-010 -0.00541397
-6.41563e-010 -0.00313519
-6.24897e-010 0.00648059
-6.0823e-010 0.00720566
-5.91563e-010 0.000973526
-5.74897e-010 0.00230282
-5.5823e-010 0.00399464
-5.41563e-010 -0.00437816
-5.24897e-010 -0.00543124
-5.0823e-010 0.00722292
-4.91563e-010 0.00729197
-4.74897e-010 -0.00667421
-4.5823e-010 -0.00399837
-4.41563e-010 0.0103131
-4.24897e-010 0.00639427
-4.0823e-010 -0.00479249
-3.91563e-010 -0.000148602
-3.74897e-010 0.00423633
-3.5823e-010 -0.00363583
-3.41563e-010 -0.0030834
-3.24897e-010 0.00613532
-3.0823e-010 -0.000165866
-2.91563e-010 -0.0137177
-2.74897e-010 -0.00798624
-2.5823e-010 0.00794799
-2.41563e-010 0.0100196
-2.24897e-010 0.00306241
-2.0823e-010 0.00394285
-1.91563e-010 0.0112798
-1.74897e-010 0.012402
-1.5823e-010 0.00337315
-1.41563e-010 -0.00460259
-1.24897e-010 -0.00139158
-1.0823e-010 0.00263082
-9.15632e-011 -0.00427458
-7.48965e-011 -0.00802076
-5.82299e-011 0.00340768
-4.15632e-011 0.0114525
-2.48965e-011 0.00720566
-8.22986e-012 0.0142664
8.43681e-012 0.0366917
2.51035e-011 0.0456688
4.17701e-011 0.0406969
5.84368e-011 0.0531093
7.51035e-011 0.0839938
9.17701e-011 0.108214
1.08437e-010 0.127135
1.25103e-010 0.155775
1.4177e-010 0.184139
1.58437e-010 0.199418
1.75103e-010 0.213591
1.9177e-010 0.236275
2.08437e-010 0.254108
2.25103e-010 0.25744
2.4177e-010 0.25656
2.58437e-010 0.258511
2.75103e-010 0.253539
2.9177e-010 0.236379
3.08437e-010 0.220634
3.25103e-010 0.217475
3.4177e-010 0.215127
3.58437e-010 0.196621
3.75103e-010 0.166513
3.9177e-010 0.142742
4.08437e-010 0.131382
4.25103e-010 0.123544
4.4177e-010 0.110062
4.58437e-010 0.0908646
4.75103e-010 0.0739291
4.9177e-010 0.0656944
5.08437e-010 0.0626733
5.25103e-010 0.0566138
5.4177e-010 0.0447883
5.58437e-010 0.0308049
5.75103e-010 0.0211373
5.9177e-010 0.0204295
6.08437e-010 0.0239858
6.25103e-010 0.0228809
6.4177e-010 0.0198771
6.58437e-010 0.0228291
6.75103e-010 0.0260056
6.9177e-010 0.0209301
7.08437e-010 0.0140075
7.25103e-010 0.0120049
7.4177e-010 0.0106066
7.58437e-010 0.00920822
7.75103e-010 0.00981245
7.9177e-010 0.0043917
8.08437e-010 -0.00741654
8.25103e-010 -0.00798624
8.4177e-010 0.006049
8.58437e-010 0.0142664
8.75103e-010 0.00855221
8.9177e-010 0.000593729
9.08437e-010 -0.00354951
9.25103e-010 -0.00266908
9.4177e-010 0.00573826
9.58437e-010 0.0112453
9.75103e-010 0.00226829
9.9177e-010 -0.00826245
1.00844e-009 -0.00532766
1.0251e-009 0.00154322
1.04177e-009 0.0040119
1.05844e-009 0.00829326
1.0751e-009 0.00993329
1.09177e-009 0.00244093
1.10844e-009 0.000783628
1.1251e-009 0.0107274
1.14177e-009 0.0106238
1.15844e-009 -0.00320424
1.1751e-009 -0.00665695
1.19177e-009 0.00285525
1.20844e-009 0.00794799
1.2251e-009 0.0105375
1.24177e-009 0.0156475
1.25844e-009 0.0104857
1.2751e-009 -0.00244465
1.29177e-009 -0.00260002
1.30844e-009 0.00489234
1.3251e-009 0.000559202
1.34177e-009 -0.00632894
1.35844e-009 0.000110351
1.3751e-009 0.00839684
1.39177e-009 0.00646332
1.40844e-009 0.00124974
1.4251e-009 -0.0032733
1.44177e-009 -0.00689864
1.45844e-009 -0.0025137
1.4751e-009 0.00563468
1.49177e-009 0.0036839
1.50844e-009 -0.000959987
1.5251e-009 0.00506498
1.54177e-009 0.00784441
1.55844e-009 -0.00418826
1.5751e-009 -0.0106621
1.59177e-009 -0.000442082
1.60844e-009 0.00518582
1.6251e-009 -0.00216843
1.64177e-009 -0.00370489
1.65844e-009 0.00451255
1.6751e-009 0.00630795
1.69177e-009 6.76951e-006
1.70844e-009 -0.00244465
1.7251e-009 0.000559202
1.74177e-009 0.00250998
1.75844e-009 0.00147417
1.7751e-009 -0.000649244
1.79177e-009 -0.00170232
1.80844e-009 0.000334776
1.8251e-009 0.00592816
1.84177e-009 0.0113316
1.85844e-009 0.00837957
1.8751e-009 -0.00341141
1.89177e-009 -0.00707127
1.90844e-009 0.00703302
1.9251e-009 0.0175983
1.94177e-009 0.00780988
1.95844e-009 -0.00203033
1.9751e-009 0.00287251
1.99177e-009 0.00313147
2.00844e-009 -0.00565566
2.0251e-009 -0.00163326
2.04177e-009 0.0080343
2.05844e-009 -0.0012362
2.0751e-009 -0.0132861
2.09177e-009 -0.00406742
2.10844e-009 0.00665322
2.1251e-009 0.000852682
2.14177e-009 -0.00280718
2.15844e-009 0.00333863
2.1751e-009 0.00523761
2.19177e-009 0.00482329
2.20844e-009 0.00616984
2.2251e-009 -0.000614717
2.24177e-009 -0.00674326
2.25844e-009 0.00180218
2.2751e-009 0.0040637
2.29177e-009 -0.0112145
2.30844e-009 -0.0104031
2.3251e-009 0.0138694
2.34177e-009 0.0214826
2.35844e-009 0.00729197
2.3751e-009 0.00271714
2.39177e-009 0.0027344
2.40844e-009 -0.00852141
2.4251e-009 -0.00772729
2.44177e-009 0.0128508
2.45844e-009 0.01784
2.4751e-009 5.85601e-005
2.49177e-009 -0.00760644
2.50844e-009 0.00204386
