LECROYSDA18000 15238 Waveform
Segments 1 SegmentSize 302
Segment TrigTime TimeSinceSegment1
#1 01-Jan-2002 01:31:57 0                 
Time Ampl
-2.5107e-009 0.00197481
-2.49404e-009 0.0103994
-2.47737e-009 0.019411
-2.4607e-009 0.0109173
-2.44404e-009 0.00216471
-2.42737e-009 -6.22846e-005
-2.4107e-009 -0.0101442
-2.39404e-009 -0.0123884
-2.37737e-009 0.00715386
-2.3607e-009 0.0150778
-2.34404e-009 -0.00292803
-2.32737e-009 -0.00853867
-2.3107e-009 0.00775809
-2.29404e-009 0.0103304
-2.27737e-009 -0.00546576
-2.2607e-009 -0.0122331
-2.24404e-009 -0.00693316
-2.22737e-009 -0.00372215
-2.2107e-009 -0.00432637
-2.19404e-009 -0.00708854
-2.17737e-009 -0.0118015
-2.1607e-009 -0.0122676
-2.14404e-009 -0.00489607
-2.12737e-009 0.00465065
-2.1107e-009 0.00782714
-2.09404e-009 -0.000683771
-2.07737e-009 -0.0143565
-2.0607e-009 -0.0166525
-2.04404e-009 -0.00477522
-2.02737e-009 0.00528941
-2.0107e-009 0.00465065
-1.99404e-009 -0.00151242
-1.97737e-009 -0.00795171
-1.9607e-009 -0.00907384
-1.94404e-009 -0.00101178
-1.92737e-009 0.00717113
-1.9107e-009 0.00511677
-1.89404e-009 -0.00196127
-1.87737e-009 -0.00556935
-1.8607e-009 -0.00499965
-1.84404e-009 -0.000424818
-1.82737e-009 0.00394285
-1.8107e-009 0.000749101
-1.79404e-009 -0.00353225
-1.77737e-009 0.00178491
-1.7607e-009 0.0073265
-1.74404e-009 0.0027344
-1.72737e-009 -0.000114075
-1.7107e-009 0.006049
-1.69404e-009 0.00746461
-1.67737e-009 -0.000528399
-1.6607e-009 -0.00627715
-1.64404e-009 -0.00717485
-1.62737e-009 -0.00705401
-1.6107e-009 -0.00330783
-1.59404e-009 0.000231195
-1.57737e-009 -0.00460259
-1.5607e-009 -0.0098507
-1.54404e-009 -0.00461985
-1.52737e-009 0.00257903
-1.5107e-009 0.00250998
-1.49404e-009 0.000766364
-1.47737e-009 -0.00209938
-1.4607e-009 -0.0109728
-1.44404e-009 -0.0149262
-1.42737e-009 -0.00367036
-1.4107e-009 0.00660143
-1.39404e-009 -9.68116e-005
-1.37737e-009 -0.00957448
-1.3607e-009 -0.0043609
-1.34404e-009 0.00665322
-1.32737e-009 0.00736103
-1.3107e-009 -0.00185769
-1.29404e-009 -0.00988522
-1.27737e-009 -0.00657063
-1.2607e-009 0.00810336
-1.24404e-009 0.0180989
-1.22737e-009 0.00955349
-1.2107e-009 -0.00579377
-1.19404e-009 -0.00750286
-1.17737e-009 0.00252724
-1.1607e-009 0.00817241
-1.14404e-009 0.00423633
-1.12737e-009 -0.00341141
-1.1107e-009 -0.00788266
-1.09404e-009 -0.00444722
-1.07737e-009 0.00465065
-1.0607e-009 0.010831
-1.04404e-009 0.0098815
-1.02737e-009 0.0040637
-1.0107e-009 -0.00208212
-9.94036e-010 -0.00284171
-9.7737e-010 0.000559202
-9.60703e-010 -0.00277266
-9.44036e-010 -0.0127337
-9.2737e-010 -0.0137177
-9.10703e-010 -0.0025137
-8.94036e-010 0.00724018
-8.7737e-010 0.00953623
-8.60703e-010 0.00606626
-8.44036e-010 -0.00206485
-8.2737e-010 -0.00486154
-8.10703e-010 0.00218197
-7.94036e-010 0.00100805
-7.7737e-010 -0.0116634
-7.60703e-010 -0.00883215
-7.44036e-010 0.00910464
-7.2737e-010 0.00948444
-7.10703e-010 -0.00382573
-6.94036e-010 -0.00230654
-6.7737e-010 0.00314873
-6.60703e-010 -0.00534492
-6.44036e-010 -0.00769276
-6.2737e-010 0.00363211
-6.10703e-010 0.00558288
-5.94036e-010 0.000852682
-5.7737e-010 0.00665322
-5.60703e-010 0.00910464
-5.44036e-010 0.000127614
-5.2737e-010 -0.000752825
-5.10703e-010 0.00371843
-4.94036e-010 -0.00266908
-4.7737e-010 -0.00403289
-4.60703e-010 0.00839684
-4.44036e-010 0.00948444
-4.2737e-010 -0.000908197
-4.10703e-010 0.00268261
-3.94036e-010 0.0110036
-3.7737e-010 0.0062389
-3.60703e-010 0.00404643
-3.44036e-010 0.00793072
-3.2737e-010 -0.00127073
-3.10703e-010 -0.0129409
-2.94036e-010 -0.00810708
-2.7737e-010 -0.00201306
-2.60703e-010 -0.0021857
-2.44036e-010 0.00620437
-2.2737e-010 0.011815
-2.10703e-010 0.00064552
-1.94036e-010 -0.00190948
-1.7737e-010 0.0126955
-1.60703e-010 0.0122121
-1.44036e-010 -0.00356678
-1.2737e-010 -0.00306614
-1.10703e-010 0.00711934
-9.40363e-011 0.0054793
-7.73696e-011 0.00380474
-6.0703e-011 0.00958802
-4.40363e-011 0.00943265
-2.73696e-011 0.00862126
-1.0703e-011 0.0167179
5.96369e-012 0.0203259
2.26304e-011 0.01948
3.9297e-011 0.0338433
5.59637e-011 0.0574425
7.26304e-011 0.0731868
8.9297e-011 0.0905539
1.05964e-010 0.117468
1.2263e-010 0.141533
1.39297e-010 0.161749
1.55964e-010 0.184554
1.7263e-010 0.199383
1.89297e-010 0.20218
2.05964e-010 0.207531
2.2263e-010 0.216957
2.39297e-010 0.218753
2.55964e-010 0.21442
2.7263e-010 0.210742
2.89297e-010 0.207687
3.05964e-010 0.20584
3.2263e-010 0.20085
3.39297e-010 0.183708
3.55964e-010 0.16073
3.7263e-010 0.143864
3.89297e-010 0.128585
4.05964e-010 0.112047
4.2263e-010 0.102
4.39297e-010 0.0913653
4.55964e-010 0.0698895
4.7263e-010 0.053679
4.89297e-010 0.0546976
5.05964e-010 0.0553536
5.2263e-010 0.0470671
5.39297e-010 0.0426994
5.55964e-010 0.041163
5.7263e-010 0.0343612
5.89297e-010 0.0303733
6.05964e-010 0.0291994
6.2263e-010 0.0186686
6.39297e-010 0.00820694
6.55964e-010 0.0126264
6.7263e-010 0.0176846
6.89297e-010 0.0115388
7.05964e-010 0.00796525
7.2263e-010 0.00922549
7.39297e-010 0.0038738
7.55964e-010 0.00232008
7.7263e-010 0.0133515
7.89297e-010 0.0145081
8.05964e-010 -0.00184043
8.2263e-010 -0.0065361
8.39297e-010 0.00722292
8.55964e-010 0.00946718
8.7263e-010 -0.00589735
8.89297e-010 -0.012423
9.05964e-010 -0.0023756
9.2263e-010 0.00805157
9.39297e-010 0.0109691
9.55964e-010 0.00853495
9.7263e-010 0.00347674
9.89297e-010 0.00207839
1.00596e-009 0.00560015
1.02263e-009 0.00399464
1.0393e-009 -0.00316972
1.05596e-009 -0.00140884
1.07263e-009 0.00986424
1.0893e-009 0.0137313
1.10596e-009 0.00651511
1.12263e-009 -0.00058019
1.1393e-009 -0.00475796
1.15596e-009 -0.00679506
1.17263e-009 -0.000407555
1.1893e-009 0.0103821
1.20596e-009 0.0100023
1.22263e-009 -0.000338501
1.2393e-009 -0.0049306
1.25596e-009 -0.0019958
1.27263e-009 0.00226829
1.2893e-009 0.0104167
1.30596e-009 0.016856
1.32263e-009 0.00608353
1.3393e-009 -0.0130962
1.35596e-009 -0.0132171
1.37263e-009 0.00299336
1.3893e-009 0.0058591
1.40596e-009 -0.00841783
1.42263e-009 -0.013476
1.4393e-009 -0.000252183
1.45596e-009 0.00989876
1.47263e-009 0.00252724
1.4893e-009 -0.00774455
1.50596e-009 -0.00344593
1.52263e-009 0.00677407
1.5393e-009 0.00528941
1.55596e-009 -0.0028935
1.57263e-009 -0.00284171
1.5893e-009 0.00147417
1.60596e-009 0.00035204
1.62263e-009 -0.000666508
1.6393e-009 0.00306241
1.65596e-009 0.0042018
1.67263e-009 0.00214745
1.6893e-009 0.00356305
1.70596e-009 0.0053412
1.72263e-009 0.00321778
1.7393e-009 0.0027862
1.75596e-009 0.00461613
1.77263e-009 0.00237187
1.7893e-009 -0.000373028
1.80596e-009 0.00276893
1.82263e-009 0.00608353
1.8393e-009 0.00487508
1.85596e-009 0.00326957
1.87263e-009 0.00123248
1.8893e-009 -0.00204759
1.90596e-009 0.000904472
1.92263e-009 0.00844863
1.9393e-009 0.00599721
1.95596e-009 -0.00396384
1.97263e-009 -0.00315245
1.9893e-009 0.00440897
2.00596e-009 -0.00120168
2.02263e-009 -0.0119396
2.0393e-009 -0.00356678
2.05596e-009 0.0147325
2.07263e-009 0.0136104
2.0893e-009 -0.00227201
2.10596e-009 -0.00491333
2.12263e-009 0.0045816
2.1393e-009 0.00485782
2.15596e-009 -0.00133978
2.17263e-009 -0.000269447
2.1893e-009 -0.000545663
2.20596e-009 -0.0107829
2.22263e-009 -0.0154268
2.2393e-009 -0.00518955
2.25596e-009 0.00475424
2.27263e-009 0.00389106
2.2893e-009 -0.0021857
2.30596e-009 -0.00821066
2.32263e-009 -0.00897026
2.3393e-009 6.76951e-006
2.35596e-009 0.00784441
2.37263e-009 0.00238913
2.3893e-009 -0.00584556
2.40596e-009 -0.00227201
2.42263e-009 0.00806883
2.4393e-009 0.0134033
2.45596e-009 0.00805157
2.47263e-009 -0.0049306
2.4893e-009 -0.00817614
2.50596e-009 0.00715386
