LECROYSDA18000 15238 Waveform
Segments 1 SegmentSize 302
Segment TrigTime TimeSinceSegment1
#1 01-Jan-2002 01:30:05 0                 
Time Ampl
-2.51465e-009 0.00207839
-2.49798e-009 0.00235461
-2.48131e-009 0.0024064
-2.46465e-009 -0.00163326
-2.44798e-009 -0.000666508
-2.43131e-009 0.0096916
-2.41465e-009 0.00869032
-2.39798e-009 -0.00962627
-2.38131e-009 -0.0154268
-2.36465e-009 -7.95481e-005
-2.34798e-009 0.00634248
-2.33131e-009 -0.00503418
-2.31465e-009 -0.0124575
-2.29798e-009 -0.00929826
-2.28131e-009 -0.00348046
-2.26465e-009 0.00228555
-2.24798e-009 0.00250998
-2.23131e-009 -0.00318698
-2.21465e-009 -0.0023756
-2.19798e-009 0.00247545
-2.18131e-009 -0.00190948
-2.16465e-009 -0.00527587
-2.14798e-009 0.00152596
-2.13131e-009 -0.000217656
-2.11465e-009 -0.0107829
-2.09798e-009 -0.00394658
-2.08131e-009 0.0118841
-2.06465e-009 0.00812062
-2.04798e-009 -0.00275539
-2.03131e-009 -4.5021e-005
-2.01465e-009 0.00175038
-1.99798e-009 -0.00301435
-1.98131e-009 0.00230282
-1.96465e-009 0.0100541
-1.94798e-009 0.00437444
-1.93131e-009 -0.00128799
-1.91465e-009 0.00181944
-1.89798e-009 0.000144878
-1.88131e-009 -0.00499965
-1.86465e-009 -0.00315245
-1.84798e-009 -0.00140884
-1.83131e-009 -0.00234107
-1.81465e-009 0.000904472
-1.79798e-009 -0.000528399
-1.78131e-009 -0.00919468
-1.76465e-009 -0.00515502
-1.74798e-009 0.0093118
-1.73131e-009 0.00927728
-1.71465e-009 0.000438357
-1.69798e-009 0.00275167
-1.68131e-009 0.00625616
-1.66465e-009 0.000956263
-1.64798e-009 -0.000977251
-1.63131e-009 0.000282986
-1.61465e-009 -0.00539671
-1.59798e-009 -0.0096608
-1.58131e-009 -0.0054485
-1.56465e-009 -0.00113262
-1.54798e-009 0.0011289
-1.53131e-009 0.00114616
-1.51465e-009 -0.00577651
-1.49798e-009 -0.00789992
-1.48131e-009 0.0040119
-1.46465e-009 0.00867305
-1.44798e-009 -0.00184043
-1.43131e-009 -0.00204759
-1.41465e-009 0.00725745
-1.39798e-009 0.00268261
-1.38131e-009 -0.00132252
-1.36465e-009 0.0115906
-1.34798e-009 0.0133515
-1.33131e-009 -0.00263455
-1.31465e-009 -0.0023238
-1.29798e-009 0.00615258
-1.28131e-009 -0.00936732
-1.26465e-009 -0.0204332
-1.24798e-009 0.00485782
-1.23131e-009 0.0247109
-1.21465e-009 0.00758545
-1.19798e-009 -0.00641526
-1.18131e-009 0.00480603
-1.16465e-009 0.00787893
-1.14798e-009 -0.00631168
-1.13131e-009 -0.0104204
-1.11465e-009 -0.00297982
-1.09798e-009 -0.00213391
-1.08131e-009 -0.00444722
-1.06465e-009 -0.000528399
-1.04798e-009 0.00295883
-1.03131e-009 0.00194028
-1.01465e-009 0.00364937
-9.97979e-010 0.00787893
-9.81312e-010 0.00627343
-9.64646e-010 0.00147417
-9.47979e-010 0.00306241
-9.31312e-010 0.00556562
-9.14646e-010 -0.00330783
-8.97979e-010 -0.0144773
-8.81312e-010 -0.0111109
-8.64646e-010 -0.00203033
-8.47979e-010 -0.00320424
-8.31312e-010 -0.00574198
-8.14646e-010 -0.000200393
-7.97979e-010 0.00137059
-7.81312e-010 -0.00449901
-7.64646e-010 -0.00451627
-7.47979e-010 -0.000407555
-7.31312e-010 -0.0019958
-7.14646e-010 -0.00127073
-6.97979e-010 0.00691218
-6.81312e-010 0.00910464
-6.64646e-010 0.00190576
-6.47979e-010 -0.00127073
-6.31312e-010 0.00328684
-6.14646e-010 0.00853495
-5.97979e-010 0.0100196
-5.81312e-010 0.00489234
-5.64646e-010 -0.00410195
-5.47979e-010 -0.00783087
-5.31312e-010 -0.00548303
-5.14646e-010 -0.00192674
-4.97979e-010 0.00402917
-4.81312e-010 0.00780988
-4.64646e-010 0.00290704
-4.47979e-010 0.00295883
-4.31312e-010 0.0153195
-4.14646e-010 0.0138348
-3.97979e-010 -0.00917742
-3.81312e-010 -0.01793
-3.64646e-010 -0.00363583
-3.47979e-010 0.00064552
-3.31312e-010 -0.00643252
-3.14646e-010 -0.000562926
-2.97979e-010 0.00629069
-2.81312e-010 -0.00128799
-2.64646e-010 -0.000735562
-2.47979e-010 0.0114525
-2.31312e-010 0.00546204
-2.14646e-010 -0.0104894
-1.97979e-010 -0.0027036
-1.81312e-010 0.0136104
-1.64646e-010 0.00839684
-1.47979e-010 -0.000407555
-1.31312e-010 0.00539299
-1.14646e-010 0.00432265
-9.7979e-011 -0.00764097
-8.13123e-011 -0.0023756
-6.46456e-011 0.0161999
-4.7979e-011 0.0157856
-3.13123e-011 0.000196668
-1.46456e-011 -0.00147789
2.02104e-012 0.00922549
1.86877e-011 0.0130925
3.53544e-011 0.0151469
5.2021e-011 0.0308394
6.86877e-011 0.0564585
8.53544e-011 0.0812834
1.02021e-010 0.107438
1.18688e-010 0.142068
1.35354e-010 0.186211
1.52021e-010 0.235654
1.68688e-010 0.280228
1.85354e-010 0.308022
2.02021e-010 0.323387
2.18688e-010 0.346675
2.35354e-010 0.382963
2.52021e-010 0.41131
2.68688e-010 0.418354
2.85354e-010 0.416075
3.02021e-010 0.413002
3.18688e-010 0.399692
3.35354e-010 0.374832
3.52021e-010 0.351924
3.68688e-010 0.332623
3.85354e-010 0.306659
4.02021e-010 0.277069
4.18688e-010 0.253953
4.35354e-010 0.234066
4.52021e-010 0.211882
4.68688e-010 0.190095
4.85354e-010 0.166237
5.02021e-010 0.139237
5.18688e-010 0.122854
5.35354e-010 0.117796
5.52021e-010 0.100049
5.68688e-010 0.0698722
5.85354e-010 0.0579259
6.02021e-010 0.0612405
6.18688e-010 0.0479648
6.35354e-010 0.0271795
6.52021e-010 0.0286469
6.68688e-010 0.0378139
6.85354e-010 0.0316163
7.02021e-010 0.0261437
7.18688e-010 0.0297173
7.35354e-010 0.0226392
7.52021e-010 0.0101577
7.68688e-010 0.014698
7.85354e-010 0.0260747
8.02021e-010 0.0264372
8.18688e-010 0.0221559
8.35354e-010 0.014042
8.52021e-010 -0.000994514
8.68688e-010 -0.00425732
8.85354e-010 0.00772356
9.02021e-010 0.00793072
9.18688e-010 -0.00147789
9.35354e-010 0.0066187
9.52021e-010 0.0186341
9.68688e-010 0.00998508
9.85354e-010 0.00116342
1.00202e-009 0.00763724
1.01869e-009 0.00699849
1.03535e-009 -0.0010981
1.05202e-009 0.00573826
1.06869e-009 0.0142319
1.08535e-009 0.00456434
1.10202e-009 -0.00209938
1.11869e-009 0.00782714
1.13535e-009 0.010831
1.15202e-009 -0.00128799
1.16869e-009 -0.00921195
1.18535e-009 -0.00693316
1.20202e-009 -0.00146063
1.21869e-009 0.0040637
1.23535e-009 0.00389106
1.25202e-009 -0.00163326
1.26869e-009 -6.22846e-005
1.28535e-009 0.00725745
1.30202e-009 0.00670501
1.31869e-009 0.00237187
1.33535e-009 0.0025963
1.35202e-009 -0.00139158
1.36869e-009 -0.00905658
1.38535e-009 -0.00437816
1.40202e-009 0.00765451
1.41869e-009 0.00730924
1.43535e-009 -0.00225475
1.45202e-009 -0.0069159
1.46869e-009 -0.0072957
1.48535e-009 -0.00475796
1.50202e-009 0.00435718
1.51869e-009 0.0109691
1.53535e-009 0.00421907
1.55202e-009 -0.00613904
1.56869e-009 -0.00619083
1.58535e-009 -0.00128799
1.60202e-009 -0.00156421
1.61869e-009 -0.00173685
1.63535e-009 0.00554836
1.65202e-009 0.0106756
1.66869e-009 0.00276893
1.68535e-009 -0.00648431
1.70202e-009 -0.00173685
1.71869e-009 0.00637701
1.73535e-009 0.00325231
1.75202e-009 0.000334776
1.76869e-009 0.00799978
1.78535e-009 0.0109
1.80202e-009 0.00104258
1.81869e-009 -0.00539671
1.83535e-009 -0.00235833
1.85202e-009 -0.000839143
1.86869e-009 -0.00152968
1.88535e-009 0.000749101
1.90202e-009 0.00206113
1.91869e-009 0.00244093
1.93535e-009 0.0062389
1.95202e-009 0.00682586
1.96869e-009 0.00102532
1.98535e-009 -2.77575e-005
2.00202e-009 0.00415001
2.01869e-009 0.00126701
2.03535e-009 -0.00306614
2.05202e-009 0.00537572
2.06869e-009 0.0172358
2.08535e-009 0.0160791
2.10202e-009 0.00774082
2.11869e-009 0.00415001
2.13535e-009 0.00378748
2.15202e-009 0.00487508
2.16869e-009 0.010572
2.18535e-009 0.0152505
2.20202e-009 0.00995055
2.21869e-009 0.000593729
2.23535e-009 5.85601e-005
2.25202e-009 0.00596268
2.26869e-009 0.00584184
2.28535e-009 0.00035204
2.30202e-009 0.000317513
2.31869e-009 0.00465065
2.33535e-009 0.00437444
2.35202e-009 0.00209565
2.36869e-009 0.00416728
2.38535e-009 0.00466792
2.40202e-009 -0.000977251
2.41869e-009 -0.00353225
2.43535e-009 0.00335589
2.45202e-009 0.0123157
2.46869e-009 0.0142837
2.48535e-009 0.0078962
2.50202e-009 0.000818155
