LECROYSDA18000 15238 Waveform
Segments 1 SegmentSize 302
Segment TrigTime TimeSinceSegment1
#1 01-Jan-2002 01:30:44 0                 
Time Ampl
-2.51529e-009 0.00634248
-2.49862e-009 0.00527214
-2.48196e-009 0.000956263
-2.46529e-009 -0.000165866
-2.44862e-009 0.00344221
-2.43196e-009 0.00442623
-2.41529e-009 -0.0010463
-2.39862e-009 -0.00874583
-2.38196e-009 -0.00783087
-2.36529e-009 0.00587636
-2.34862e-009 0.0129371
-2.33196e-009 -0.00220296
-2.31529e-009 -0.0150643
-2.29862e-009 -0.00342867
-2.28196e-009 0.00641153
-2.26529e-009 -0.00555208
-2.24862e-009 -0.0105067
-2.23196e-009 0.00565194
-2.21529e-009 0.0130235
-2.19862e-009 0.00130153
-2.18196e-009 -0.00695043
-2.16529e-009 -0.00695043
-2.14862e-009 -0.00807256
-2.13196e-009 -0.00625989
-2.11529e-009 -0.00166779
-2.09862e-009 -0.00263455
-2.08196e-009 -0.00458533
-2.06529e-009 -0.00241012
-2.04862e-009 -0.00144337
-2.03196e-009 0.00173312
-2.01529e-009 0.00884569
-1.99862e-009 0.00394285
-1.98196e-009 -0.0104031
-1.96529e-009 -0.00682958
-1.94862e-009 0.0101059
-1.93196e-009 0.010572
-1.91529e-009 0.00119795
-1.89862e-009 0.00392559
-1.88196e-009 0.00672228
-1.86529e-009 -0.000821879
-1.84862e-009 -0.00116715
-1.83196e-009 0.00492687
-1.81529e-009 -0.000545663
-1.79862e-009 -0.00475796
-1.78196e-009 0.00967434
-1.76529e-009 0.0202223
-1.74862e-009 0.00743008
-1.73196e-009 -0.00726117
-1.71529e-009 -0.0052586
-1.69862e-009 0.00142238
-1.68196e-009 0.00157775
-1.66529e-009 -0.00140884
-1.64862e-009 -0.00411921
-1.63196e-009 -0.00508597
-1.61529e-009 -0.0028935
-1.59862e-009 -0.000183129
-1.58196e-009 0.000144878
-1.56529e-009 -0.00268634
-1.54862e-009 -0.00845235
-1.53196e-009 -0.0104549
-1.51529e-009 -0.00246191
-1.49862e-009 0.00463339
-1.48196e-009 -0.00147789
-1.46529e-009 -0.00993701
-1.44862e-009 -0.00658789
-1.43196e-009 0.000541938
-1.41529e-009 0.00109437
-1.39862e-009 -0.000355764
-1.38196e-009 -0.000787352
-1.36529e-009 -0.00265181
-1.34862e-009 -0.00121894
-1.33196e-009 0.00589363
-1.31529e-009 0.00853495
-1.29862e-009 0.00161228
-1.28196e-009 -0.00453353
-1.26529e-009 -0.0012362
-1.24862e-009 0.00660143
-1.23196e-009 0.00912191
-1.21529e-009 0.00390832
-1.19862e-009 -0.00144337
-1.18196e-009 -0.00106357
-1.16529e-009 0.00064552
-1.14862e-009 0.000248459
-1.13196e-009 0.00206113
-1.11529e-009 0.00380474
-1.09862e-009 -0.00234107
-1.08196e-009 -0.0102305
-1.06529e-009 -0.00860772
-1.04862e-009 -0.00377394
-1.03196e-009 -0.00508597
-1.01529e-009 -0.00565566
-9.98624e-010 -9.68116e-005
-9.81957e-010 0.00377022
-9.65291e-010 0.0016468
-9.48624e-010 -0.0032733
-9.31957e-010 -0.00848688
-9.15291e-010 -0.0081934
-8.98624e-010 0.000334776
-8.81957e-010 0.00440897
-8.65291e-010 -0.00356678
-8.48624e-010 -0.00760644
-8.31957e-010 0.00280346
-8.15291e-010 0.0128163
-7.98624e-010 0.00970886
-7.81957e-010 0.000213932
-7.65291e-010 -0.0043609
-7.48624e-010 0.00200934
-7.31957e-010 0.0140593
-7.15291e-010 0.0140247
-6.98624e-010 -0.00127073
-6.81957e-010 -0.00936732
-6.65291e-010 -0.00125347
-6.48624e-010 0.0062389
-6.31957e-010 0.00839684
-6.15291e-010 0.0126091
-5.98624e-010 0.00955349
-5.81957e-010 -0.004171
-5.65291e-010 -0.00662242
-5.48624e-010 0.00715386
-5.31957e-010 0.0125919
-5.15291e-010 0.00283799
-4.98624e-010 -0.00480975
-4.81957e-010 -0.0036531
-4.65291e-010 0.00242366
-4.48624e-010 0.00853495
-4.31957e-010 0.00513403
-4.15291e-010 -0.00367036
-3.98624e-010 0.00161228
-3.81957e-010 0.0154231
-3.65291e-010 0.0136967
-3.48624e-010 0.00237187
-3.31957e-010 -0.0014261
-3.15291e-010 -0.00567293
-2.98624e-010 -0.0102823
-2.81957e-010 -0.000321237
-2.65291e-010 0.00772356
-2.48624e-010 -0.00572472
-2.31957e-010 -0.0135624
-2.15291e-010 0.000334776
-1.98624e-010 0.00473697
-1.81957e-010 -0.00430911
-1.65291e-010 0.00323505
-1.48624e-010 0.0148189
-1.31957e-010 0.00516856
-1.15291e-010 -0.000424818
-9.86241e-011 0.0125746
-8.19575e-011 0.01273
-6.52908e-011 6.76951e-006
-4.86241e-011 0.00389106
-3.19575e-011 0.00957076
-1.52908e-011 -0.00280718
1.37587e-012 -0.00534492
1.80425e-011 0.0122293
3.47092e-011 0.0221386
5.13759e-011 0.0296482
6.80425e-011 0.0569936
8.47092e-011 0.0867732
1.01376e-010 0.110338
1.18043e-010 0.155775
1.34709e-010 0.221014
1.51376e-010 0.275878
1.68043e-010 0.325286
1.84709e-010 0.383602
2.01376e-010 0.437412
2.18043e-010 0.485163
2.34709e-010 0.537852
2.51376e-010 0.580665
2.68043e-010 0.604817
2.84709e-010 0.627984
3.01376e-010 0.644557
3.18043e-010 0.637635
3.34709e-010 0.627
3.51376e-010 0.620268
3.68043e-010 0.585879
3.84709e-010 0.533536
4.01376e-010 0.507002
4.18043e-010 0.487667
4.34709e-010 0.437084
4.51376e-010 0.386451
4.68043e-010 0.363784
4.84709e-010 0.333227
5.01376e-010 0.284941
5.18043e-010 0.254264
5.34709e-010 0.232495
5.51376e-010 0.192719
5.68043e-010 0.160661
5.84709e-010 0.151252
6.01376e-010 0.128016
6.18043e-010 0.0894145
6.34709e-010 0.0764841
6.51376e-010 0.0840973
6.68043e-010 0.0793326
6.84709e-010 0.069596
7.01376e-010 0.066713
7.18043e-010 0.0560614
7.34709e-010 0.043062
7.51376e-010 0.0455134
7.68043e-010 0.0460658
7.84709e-010 0.0296137
8.01376e-010 0.0202914
8.18043e-010 0.0271968
8.34709e-010 0.024918
8.51376e-010 0.0121603
8.68043e-010 0.0117805
8.84709e-010 0.0185133
9.01376e-010 0.0156993
9.18043e-010 0.0140247
9.34709e-010 0.0228291
9.51376e-010 0.0271105
9.68043e-010 0.0221904
9.84709e-010 0.0222594
1.00138e-009 0.0251079
1.01804e-009 0.016597
1.03471e-009 0.0051513
1.05138e-009 0.00684312
1.06804e-009 0.011746
1.08471e-009 0.00596268
1.10138e-009 0.00200934
1.11804e-009 0.00986424
1.13471e-009 0.012402
1.15138e-009 0.0031142
1.16804e-009 0.00302788
1.18471e-009 0.0143873
1.20138e-009 0.014042
1.21804e-009 0.00459886
1.23471e-009 0.00813788
1.25138e-009 0.0165452
1.26804e-009 0.0124365
1.28471e-009 0.00903559
1.30138e-009 0.0151123
1.31804e-009 0.0123502
1.33471e-009 0.000921736
1.35138e-009 0.00176765
1.36804e-009 0.00926001
1.38471e-009 0.00808609
1.40138e-009 0.00832778
1.41804e-009 0.0121948
1.43471e-009 0.00378748
1.45138e-009 -0.00456806
1.46804e-009 0.00813788
1.48471e-009 0.0182198
1.50138e-009 0.00280346
1.51804e-009 -0.00805529
1.53471e-009 0.00710207
1.55138e-009 0.0182025
1.56804e-009 0.00673954
1.58471e-009 -0.00456806
1.60138e-009 -0.000752825
1.61804e-009 0.00958802
1.63471e-009 0.0165797
1.65138e-009 0.0124365
1.66804e-009 -0.000390291
1.68471e-009 -0.00373941
1.70138e-009 0.00454707
1.71804e-009 0.00435718
1.73471e-009 -0.00410195
1.75138e-009 -0.00213391
1.76804e-009 0.0056692
1.78471e-009 0.00465065
1.80138e-009 0.00214745
1.81804e-009 0.00620437
1.83471e-009 0.00839684
1.85138e-009 0.00579005
1.86804e-009 0.00342495
1.88471e-009 0.00104258
1.90138e-009 0.000610993
1.91804e-009 0.00385653
1.93471e-009 0.0013188
1.95138e-009 -0.00734749
1.96804e-009 -0.00560387
1.98471e-009 0.00654964
2.00138e-009 0.0109346
2.01804e-009 0.00622163
2.03471e-009 0.00283799
2.05138e-009 0.000196668
2.06804e-009 -0.000787352
2.08471e-009 0.00516856
2.10138e-009 0.00936359
2.11804e-009 0.00449528
2.13471e-009 0.00168133
2.15138e-009 0.00430538
2.16804e-009 0.00138785
2.18471e-009 -0.00235833
2.20138e-009 0.00501319
2.21804e-009 0.0141283
2.23471e-009 0.0125228
2.25138e-009 0.00568647
2.26804e-009 0.000818155
2.28471e-009 0.000662783
2.30138e-009 0.00806883
2.31804e-009 0.0127127
2.33471e-009 0.00159501
2.35138e-009 -0.0106103
2.36804e-009 -0.00437816
2.38471e-009 0.00594542
2.40138e-009 0.00211292
2.41804e-009 -0.00291076
2.43471e-009 0.00307968
2.45138e-009 0.00755093
2.46804e-009 0.00373569
2.48471e-009 0.00211292
2.50138e-009 0.00511677
