LECROYSDA18000 15238 Waveform
Segments 1 SegmentSize 302
Segment TrigTime TimeSinceSegment1
#1 01-Jan-2002 01:32:08 0                 
Time Ampl
-2.50067e-009 0.00352853
-2.484e-009 -0.00222022
-2.46733e-009 0.00133606
-2.45067e-009 0.00126701
-2.434e-009 -0.00175411
-2.41733e-009 -0.00058019
-2.40067e-009 -0.00241012
-2.384e-009 -0.00641526
-2.36733e-009 -0.00330783
-2.35067e-009 -0.00118441
-2.334e-009 -0.00527587
-2.31733e-009 -0.00175411
-2.30067e-009 0.00791346
-2.284e-009 0.00755093
-2.26733e-009 0.0040119
-2.25067e-009 0.00893201
-2.234e-009 0.00993329
-2.21733e-009 0.00181944
-2.20067e-009 -0.00087367
-2.184e-009 0.0025963
-2.16733e-009 0.00370116
-2.15067e-009 0.00577278
-2.134e-009 0.00635974
-2.11733e-009 -0.00116715
-2.10067e-009 -0.00339414
-2.084e-009 0.00711934
-2.06733e-009 0.0106584
-2.05067e-009 0.00143964
-2.034e-009 -0.00239286
-2.01733e-009 2.4033e-005
-2.00067e-009 5.85601e-005
-1.984e-009 0.00402917
-1.96733e-009 0.00767177
-1.95067e-009 -0.00197853
-1.934e-009 -0.00962627
-1.91733e-009 -0.00127073
-1.90067e-009 0.00147417
-1.884e-009 -0.00833151
-1.86733e-009 -0.00593188
-1.85067e-009 0.00553109
-1.834e-009 0.00295883
-1.81733e-009 -0.00230654
-1.80067e-009 0.00294157
-1.784e-009 0.000766364
-1.76733e-009 -0.00746833
-1.75067e-009 0.00124974
-1.734e-009 0.0127645
-1.71733e-009 0.00194028
-1.70067e-009 -0.0110764
-1.684e-009 -0.00360131
-1.66733e-009 0.00677407
-1.65067e-009 0.00409822
-1.634e-009 -0.00254823
-1.61733e-009 -0.00613904
-1.60067e-009 -0.00569019
-1.584e-009 -0.000614717
-1.56733e-009 0.00325231
-1.55067e-009 0.00509951
-1.534e-009 0.00927728
-1.51733e-009 0.00575552
-1.50067e-009 -0.00814161
-1.484e-009 -0.00836604
-1.46733e-009 0.00677407
-1.45067e-009 0.00518582
-1.434e-009 -0.0102132
-1.41733e-009 -0.00569019
-1.40067e-009 0.0107619
-1.384e-009 0.0108828
-1.36733e-009 0.00342495
-1.35067e-009 -9.68116e-005
-1.334e-009 -0.00860772
-1.31733e-009 -0.0106793
-1.30067e-009 0.00561741
-1.284e-009 0.0118495
-1.26733e-009 -0.0045508
-1.25067e-009 -0.00833151
-1.234e-009 0.00765451
-1.21733e-009 0.00855221
-1.20067e-009 -0.00467164
-1.184e-009 -0.00272087
-1.16733e-009 0.00646332
-1.15067e-009 0.000973526
-1.134e-009 -0.00884941
-1.11733e-009 -0.00746833
-1.10067e-009 -6.22846e-005
-1.084e-009 0.00485782
-1.06733e-009 0.00468518
-1.05067e-009 0.00282072
-1.034e-009 0.00817241
-1.01733e-009 0.0172703
-1.00067e-009 0.0148534
-9.84e-010 0.00356305
-9.67334e-010 5.85601e-005
-9.50667e-010 0.00527214
-9.34e-010 0.00941539
-9.17334e-010 0.00805157
-9.00667e-010 0.000818155
-8.84e-010 -0.00277266
-8.67334e-010 0.00717113
-8.50667e-010 0.0140765
-8.34e-010 0.00216471
-8.17334e-010 -0.00437816
-8.00667e-010 0.0103131
-7.84e-010 0.0151987
-7.67334e-010 -0.00190948
-7.50667e-010 -0.00871131
-7.34e-010 0.000593729
-7.17334e-010 0.00166407
-7.00667e-010 -0.00087367
-6.84e-010 0.00352853
-6.67334e-010 -0.00173685
-6.50667e-010 -0.0133725
-6.34e-010 -0.00632894
-6.17334e-010 0.00805157
-6.00667e-010 0.00629069
-5.84e-010 0.00199207
-5.67334e-010 0.00452981
-5.50667e-010 -0.00127073
-5.34e-010 -0.00636347
-5.17334e-010 0.00573826
-5.00667e-010 0.0126782
-4.84e-010 0.000265722
-4.67334e-010 -0.00477522
-4.50667e-010 0.00440897
-4.34e-010 0.00546204
-4.17334e-010 0.00263082
-4.00667e-010 0.00799978
-3.84e-010 0.00541025
-3.67334e-010 -0.00608725
-3.50667e-010 -0.00187495
-3.34e-010 0.00924275
-3.17334e-010 -0.000666508
-3.00667e-010 -0.0159792
-2.84e-010 -0.0072957
-2.67334e-010 0.012074
-2.50667e-010 0.0162517
-2.34e-010 0.00843136
-2.17334e-010 0.00264809
-2.00667e-010 0.00280346
-1.84e-010 0.00649785
-1.67334e-010 0.00808609
-1.50667e-010 0.00390832
-1.34e-010 -0.0019958
-1.17334e-010 -0.00479249
-1.00667e-010 -0.00249644
-8.40005e-011 0.00485782
-6.73338e-011 0.00984697
-5.06671e-011 0.00592816
-3.40005e-011 0.00333863
-1.73338e-011 0.01437
-6.67137e-013 0.0322895
1.59995e-011 0.0453408
3.26662e-011 0.053023
4.93329e-011 0.0594451
6.59995e-011 0.0715468
8.26662e-011 0.0946971
9.93329e-011 0.117899
1.16e-010 0.128724
1.32666e-010 0.13739
1.49333e-010 0.153238
1.66e-010 0.164511
1.82666e-010 0.168654
1.99333e-010 0.176181
2.16e-010 0.177769
2.32666e-010 0.164424
2.49333e-010 0.159159
2.66e-010 0.172297
2.82666e-010 0.174161
2.99333e-010 0.153721
3.16e-010 0.137217
3.32666e-010 0.131865
3.49333e-010 0.121974
3.66e-010 0.1102
3.82666e-010 0.102915
3.99333e-010 0.0885513
4.16e-010 0.0674898
4.32666e-010 0.0562168
4.49333e-010 0.0525742
4.66e-010 0.0439769
4.82666e-010 0.0337915
4.99333e-010 0.0275421
5.16e-010 0.0233643
5.32666e-010 0.0246245
5.49333e-010 0.0290613
5.66e-010 0.0234851
5.82666e-010 0.0134205
5.99333e-010 0.0179954
6.16e-010 0.0285951
6.32666e-010 0.0236923
6.49333e-010 0.0109173
6.66e-010 0.00692944
6.82666e-010 0.00654964
6.99333e-010 0.00447802
7.16e-010 0.00637701
7.32666e-010 0.00765451
7.49333e-010 0.0016468
7.66e-010 -0.00297982
7.82666e-010 -0.000908197
7.99333e-010 0.00176765
8.16e-010 0.00551383
8.32666e-010 0.010175
8.49333e-010 0.00622163
8.66e-010 -0.00023492
8.82666e-010 0.00758545
8.99333e-010 0.0172875
9.16e-010 0.00584184
9.32666e-010 -0.0117152
9.49333e-010 -0.00933279
9.66e-010 0.00283799
9.82666e-010 0.00546204
9.99333e-010 0.00413275
1.016e-009 0.00603174
1.03267e-009 0.00535846
1.04933e-009 0.00256177
1.066e-009 0.00313147
1.08267e-009 0.0027862
1.09933e-009 -0.00268634
1.116e-009 -0.00665695
1.13267e-009 -0.00197853
1.14933e-009 0.00755093
1.166e-009 0.010175
1.18267e-009 0.0016468
1.19933e-009 -0.00586283
1.216e-009 -0.00342867
1.23267e-009 -0.000114075
1.24933e-009 -0.00121894
1.266e-009 -0.000631981
1.28267e-009 -0.0036531
1.29933e-009 -0.0136832
1.316e-009 -0.0100751
1.33267e-009 0.0098815
1.34933e-009 0.0120912
1.366e-009 -0.00624262
1.38267e-009 -0.00605272
1.39933e-009 0.0108137
1.416e-009 0.00610079
1.43267e-009 -0.0120259
1.44933e-009 -0.010593
1.466e-009 0.000818155
1.48267e-009 0.00288978
1.49933e-009 0.00463339
1.516e-009 0.00737829
1.53267e-009 0.0024064
1.54933e-009 0.00102532
1.566e-009 0.00736103
1.58267e-009 0.00371843
1.59933e-009 -0.00657063
1.616e-009 -0.00480975
1.63267e-009 0.00159501
1.64933e-009 0.00295883
1.666e-009 0.00908738
1.68267e-009 0.0137485
1.69933e-009 0.00268261
1.716e-009 -0.00663968
1.73267e-009 0.000904472
1.74933e-009 0.006049
1.766e-009 0.000334776
1.78267e-009 -0.00189222
1.79933e-009 -0.00372215
1.816e-009 -0.010196
1.83267e-009 -0.00484428
1.84933e-009 0.00884569
1.866e-009 0.00440897
1.88267e-009 -0.011249
1.89933e-009 -0.010921
1.916e-009 5.85601e-005
1.93267e-009 0.00433991
1.94933e-009 0.0053412
1.966e-009 0.00537572
1.98267e-009 -0.000666508
1.99933e-009 -0.00608725
2.016e-009 -0.00382573
2.03267e-009 0.00102532
2.04933e-009 0.00513403
2.066e-009 0.00749913
2.08267e-009 0.00508224
2.09933e-009 0.0022165
2.116e-009 0.00175038
2.13267e-009 -0.0032733
2.14933e-009 -0.0081934
2.166e-009 -0.000200393
2.18267e-009 0.0101577
2.19933e-009 0.00730924
2.216e-009 0.00102532
2.23267e-009 -0.000303974
2.24933e-009 -0.00408468
2.266e-009 -0.00513776
2.28267e-009 0.00256177
2.29933e-009 0.00301062
2.316e-009 -0.00705401
2.33267e-009 -0.00796897
2.34933e-009 -0.000511136
2.366e-009 0.00199207
2.38267e-009 0.00632522
2.39933e-009 0.0113834
2.416e-009 0.00230282
2.43267e-009 -0.0060182
2.44933e-009 0.00425359
2.466e-009 0.00813788
2.48267e-009 -0.00684685
2.49933e-009 -0.00855593
2.516e-009 0.00734376
