LECROYSDA18000 15238 Waveform
Segments 1 SegmentSize 302
Segment TrigTime TimeSinceSegment1
#1 01-Jan-2002 01:30:19 0                 
Time Ampl
-2.51038e-009 -0.0065361
-2.49371e-009 -0.0117497
-2.47705e-009 -0.00292803
-2.46038e-009 0.00147417
-2.44371e-009 -0.00294529
-2.42705e-009 -0.00222022
-2.41038e-009 0.00302788
-2.39371e-009 0.00313147
-2.37705e-009 0.00225103
-2.36038e-009 0.00456434
-2.34371e-009 0.00456434
-2.32705e-009 0.00354579
-2.31038e-009 0.00449528
-2.29371e-009 -0.000321237
-2.27705e-009 -0.00990249
-2.26038e-009 -0.00943637
-2.24371e-009 -2.77575e-005
-2.22705e-009 0.00314873
-2.21038e-009 0.00157775
-2.19371e-009 0.0045816
-2.17705e-009 0.00563468
-2.16038e-009 -0.000959987
-2.14371e-009 -0.00429185
-2.12705e-009 0.00233734
-2.11038e-009 0.0100196
-2.09371e-009 0.0105202
-2.07705e-009 0.0051513
-2.06038e-009 0.000213932
-2.04371e-009 0.00204386
-2.02705e-009 0.00862126
-2.01038e-009 0.00900106
-1.99371e-009 0.000731837
-1.97705e-009 -0.00441269
-1.96038e-009 0.000127614
-1.94371e-009 0.00584184
-1.92705e-009 0.00415001
-1.91038e-009 -0.00201306
-1.89371e-009 -0.00480975
-1.87705e-009 -0.00260002
-1.86038e-009 -0.00101178
-1.84371e-009 -0.00334235
-1.82705e-009 -0.00482701
-1.81038e-009 -0.00151242
-1.79371e-009 0.00195755
-1.77705e-009 0.00128427
-1.76038e-009 -0.00028671
-1.74371e-009 9.30871e-005
-1.72705e-009 0.000144878
-1.71038e-009 -0.000666508
-1.69371e-009 0.000369303
-1.67705e-009 0.00345947
-1.66038e-009 0.00546204
-1.64371e-009 0.00261356
-1.62705e-009 -0.00505144
-1.61038e-009 -0.00976438
-1.59371e-009 -0.00546576
-1.57705e-009 -0.000511136
-1.56038e-009 -0.00437816
-1.54371e-009 -0.00807256
-1.52705e-009 2.4033e-005
-1.51038e-009 0.0111417
-1.49371e-009 0.0115733
-1.47705e-009 0.00501319
-1.46038e-009 0.00254451
-1.44371e-009 0.00748187
-1.42705e-009 0.0142319
-1.41038e-009 0.0112626
-1.39371e-009 -0.00297982
-1.37705e-009 -0.00772729
-1.36038e-009 0.00758545
-1.34371e-009 0.0171149
-1.32705e-009 0.00418454
-1.31038e-009 -0.00593188
-1.29371e-009 0.0013188
-1.27705e-009 0.00364937
-1.26038e-009 -0.00335962
-1.24371e-009 0.00121522
-1.22705e-009 0.00962255
-1.21038e-009 0.00102532
-1.19371e-009 -0.00827972
-1.17705e-009 0.00169859
-1.16038e-009 0.0130925
-1.14371e-009 0.00936359
-1.12705e-009 0.00173312
-1.11038e-009 -0.0023238
-1.09371e-009 -0.00456806
-1.07705e-009 -0.000752825
-1.06038e-009 0.0043917
-1.04371e-009 -7.95481e-005
-1.02705e-009 -0.00403289
-1.01038e-009 0.0054793
-9.93714e-010 0.0157166
-9.77047e-010 0.0143873
-9.6038e-010 0.00888022
-9.43714e-010 0.00290704
-9.27047e-010 -0.00467164
-9.1038e-010 -0.00548303
-8.93714e-010 0.00100805
-8.77047e-010 0.0029243
-8.6038e-010 0.00123248
-8.43714e-010 0.00435718
-8.27047e-010 0.0080343
-8.1038e-010 0.00825873
-7.93714e-010 0.00780988
-7.77047e-010 0.00333863
-7.6038e-010 -0.00351499
-7.43714e-010 -0.0012362
-7.27047e-010 0.00494413
-7.1038e-010 -0.000390291
-6.93714e-010 -0.00960901
-6.77047e-010 -0.00826245
-6.6038e-010 -0.00189222
-6.43714e-010 0.003494
-6.27047e-010 0.0087939
-6.1038e-010 0.00648059
-5.93714e-010 -0.00260002
-5.77047e-010 -0.00272087
-5.6038e-010 0.00373569
-5.43714e-010 0.00297609
-5.27047e-010 0.0022165
-5.1038e-010 0.00692944
-4.93714e-010 0.00413275
-4.77047e-010 -0.00146063
-4.6038e-010 0.00501319
-4.43714e-010 0.0102958
-4.27047e-010 0.00437444
-4.1038e-010 0.00553109
-3.93714e-010 0.0128336
-3.77047e-010 0.00637701
-3.6038e-010 -0.00341141
-3.43714e-010 -0.00261728
-3.27047e-010 -0.00522408
-3.1038e-010 -0.00632894
-2.93714e-010 0.0113489
-2.77047e-010 0.0202914
-2.6038e-010 -0.00175411
-2.43714e-010 -0.0151851
-2.27047e-010 0.0011289
-2.1038e-010 0.0102786
-1.93714e-010 0.00418454
-1.77047e-010 0.00787893
-1.6038e-010 0.00810336
-1.43714e-010 -0.00771002
-1.27047e-010 -0.00686411
-1.1038e-010 0.0145772
-9.37137e-011 0.0162345
-7.70471e-011 -0.000787352
-6.03804e-011 -0.0019958
-4.37137e-011 0.00936359
-2.70471e-011 0.014629
-1.03804e-011 0.0172703
6.28627e-012 0.020464
2.29529e-011 0.0284743
3.96196e-011 0.0527641
5.62863e-011 0.0767604
7.29529e-011 0.0770538
8.96196e-011 0.0786939
1.06286e-010 0.107317
1.22953e-010 0.133575
1.3962e-010 0.138926
1.56286e-010 0.152392
1.72953e-010 0.179081
1.8962e-010 0.191373
2.06286e-010 0.193496
2.22953e-010 0.204269
2.3962e-010 0.210898
2.56286e-010 0.20268
2.72953e-010 0.194532
2.8962e-010 0.190182
3.06286e-010 0.180203
3.22953e-010 0.169949
3.3962e-010 0.164183
3.56286e-010 0.150182
3.72953e-010 0.123942
3.8962e-010 0.103622
4.06286e-010 0.101568
4.22953e-010 0.103035
4.3962e-010 0.0868768
4.56286e-010 0.0603428
4.72953e-010 0.0478785
4.8962e-010 0.0468254
5.06286e-010 0.0363119
5.22953e-010 0.0230881
5.3962e-010 0.0238995
5.56286e-010 0.0262991
5.72953e-010 0.0206194
5.8962e-010 0.0227083
6.06286e-010 0.0301316
6.22953e-010 0.023347
6.3962e-010 0.0141456
6.56286e-010 0.0212409
6.72953e-010 0.0290095
6.8962e-010 0.0255395
7.06286e-010 0.0223803
7.22953e-010 0.0155439
7.3962e-010 -0.00203033
7.56286e-010 -0.00871131
7.72953e-010 0.00456434
7.8962e-010 0.012402
8.06286e-010 0.00525488
8.22953e-010 -0.00261728
8.3962e-010 -0.00712306
8.56286e-010 -0.00527587
8.72953e-010 0.00653238
8.8962e-010 0.0101577
9.06286e-010 -6.22846e-005
9.22953e-010 0.00503045
9.3962e-010 0.0249353
9.56286e-010 0.021051
9.72953e-010 -0.000631981
9.8962e-010 -0.00137431
1.00629e-009 0.00934633
1.02295e-009 0.00378748
1.03962e-009 -0.00577651
1.05629e-009 -0.0080035
1.07295e-009 -0.0132171
1.08962e-009 -0.0116288
1.10629e-009 0.00506498
1.12295e-009 0.00893201
1.13962e-009 -0.00922921
1.15629e-009 -0.0163245
1.17295e-009 -0.0043609
1.18962e-009 0.00069731
1.20629e-009 -0.00216843
1.22295e-009 0.00223376
1.23962e-009 0.00580731
1.25629e-009 0.000576465
1.27295e-009 -0.00087367
1.28962e-009 0.00608353
1.30629e-009 0.00813788
1.32295e-009 -0.00203033
1.33962e-009 -0.01465
1.35629e-009 -0.0138731
1.37295e-009 0.00133606
1.38962e-009 0.0117632
1.40629e-009 0.0080343
1.42295e-009 0.0056692
1.43962e-009 0.0109518
1.45629e-009 0.00986424
1.47295e-009 0.00271714
1.48962e-009 0.00228555
1.50629e-009 0.00313147
1.52295e-009 -0.00215117
1.53962e-009 -0.00306614
1.55629e-009 0.00173312
1.57295e-009 0.000127614
1.58962e-009 -0.00227201
1.60629e-009 0.00554836
1.62295e-009 0.0115388
1.63962e-009 0.00601447
1.65629e-009 0.00200934
1.67295e-009 0.00437444
1.68962e-009 0.0022165
1.70629e-009 -0.00140884
1.72295e-009 0.00339042
1.73962e-009 0.00812062
1.75629e-009 0.00383927
1.77295e-009 0.000904472
1.78962e-009 0.00589363
1.80629e-009 0.00794799
1.82295e-009 0.00121522
1.83962e-009 -0.0058283
1.85629e-009 -0.00624262
1.87295e-009 -0.00092546
1.88962e-009 0.00504772
1.90629e-009 0.00432265
1.92295e-009 -0.00266908
1.93962e-009 -0.00370489
1.95629e-009 0.00449528
1.97295e-009 0.00794799
1.98962e-009 0.0024064
2.00629e-009 0.000213932
2.02295e-009 0.00238913
2.03962e-009 0.000628256
2.05629e-009 0.00271714
2.07295e-009 0.0135759
2.08962e-009 0.0136104
2.10629e-009 -0.00329056
2.12295e-009 -0.0104377
2.13962e-009 0.000835418
2.15629e-009 0.00656691
2.17295e-009 0.00123248
2.18962e-009 0.00176765
2.20629e-009 0.00665322
2.22295e-009 0.0058591
2.23962e-009 0.00724018
2.25629e-009 0.0138003
2.27295e-009 0.0119704
2.28962e-009 0.000455621
2.30629e-009 -0.00644978
2.32295e-009 -0.00375668
2.33962e-009 0.00124974
2.35629e-009 0.0011289
2.37295e-009 -0.00348046
2.38962e-009 -0.00215117
2.40629e-009 0.00629069
2.42295e-009 0.00522035
2.43962e-009 -0.00641526
2.45629e-009 -0.00577651
2.47295e-009 0.00881116
2.48962e-009 0.015026
2.50629e-009 0.0103476
