LECROYSDA18000 15238 Waveform
Segments 1 SegmentSize 302
Segment TrigTime TimeSinceSegment1
#1 01-Jan-2002 01:34:24 0                 
Time Ampl
-2.5011e-009 -0.00189222
-2.48443e-009 -0.00121894
-2.46776e-009 -0.00223749
-2.4511e-009 -0.00503418
-2.43443e-009 -0.00727843
-2.41776e-009 -0.00304887
-2.4011e-009 0.00392559
-2.38443e-009 0.00140511
-2.36776e-009 -0.00548303
-2.3511e-009 -0.0023756
-2.33443e-009 0.00207839
-2.31776e-009 -0.00432637
-2.3011e-009 -0.00776181
-2.28443e-009 -0.000131339
-2.26776e-009 0.00100805
-2.2511e-009 -0.00665695
-2.23443e-009 -0.00498239
-2.21776e-009 0.00180218
-2.2011e-009 -0.0012362
-2.18443e-009 -0.00296256
-2.16776e-009 0.00616984
-2.1511e-009 0.00862126
-2.13443e-009 -0.000597454
-2.11776e-009 -0.0014261
-2.1011e-009 0.00715386
-2.08443e-009 0.00629069
-2.06776e-009 -0.00116715
-2.0511e-009 0.000490148
-2.03443e-009 0.00522035
-2.01776e-009 0.000455621
-2.0011e-009 -0.00575924
-1.98443e-009 -0.00130526
-1.96776e-009 0.00818968
-1.9511e-009 0.0109518
-1.93443e-009 0.00465065
-1.91776e-009 -0.00534492
-1.9011e-009 -0.0107829
-1.88443e-009 -0.00745107
-1.86776e-009 -0.00285897
-1.8511e-009 -0.00598367
-1.83443e-009 -0.00959174
-1.81776e-009 -0.00247918
-1.8011e-009 0.00654964
-1.78443e-009 0.00344221
-1.76776e-009 -0.00261728
-1.7511e-009 0.00275167
-1.73443e-009 0.00872484
-1.71776e-009 0.00140511
-1.7011e-009 -0.00550029
-1.68443e-009 0.00187123
-1.66776e-009 0.00618711
-1.6511e-009 -0.00755465
-1.63443e-009 -0.017861
-1.61776e-009 -0.00570745
-1.6011e-009 0.00589363
-1.58443e-009 -0.00613904
-1.56776e-009 -0.018914
-1.5511e-009 -0.00570745
-1.53443e-009 0.0139212
-1.51776e-009 0.0120567
-1.5011e-009 -0.000683771
-1.48443e-009 -0.00575924
-1.46776e-009 -0.00717485
-1.4511e-009 -0.00657063
-1.43443e-009 0.00157775
-1.41776e-009 0.0064288
-1.4011e-009 0.00121522
-1.38443e-009 0.00232008
-1.36776e-009 0.0100887
-1.3511e-009 0.00294157
-1.33443e-009 -0.0102478
-1.31776e-009 -0.0037912
-1.3011e-009 0.00706755
-1.28443e-009 -0.00158147
-1.26776e-009 -0.0110591
-1.2511e-009 -0.00575924
-1.23443e-009 -0.0049306
-1.21776e-009 -0.0110591
-1.2011e-009 -0.0049306
-1.18443e-009 0.00427086
-1.16776e-009 -0.000718298
-1.1511e-009 -0.00565566
-1.13443e-009 -0.00152968
-1.11776e-009 -0.00401563
-1.1011e-009 -0.0103168
-1.08443e-009 -0.00334235
-1.06776e-009 0.00672228
-1.0511e-009 0.00423633
-1.03443e-009 0.000628256
-1.01776e-009 0.00435718
-1.0011e-009 0.00269988
-9.84431e-010 -0.00758918
-9.67764e-010 -0.0130099
-9.51097e-010 -0.00803803
-9.34431e-010 0.000196668
-9.17764e-010 0.0045816
-9.01097e-010 0.00451255
-8.84431e-010 0.0045816
-8.67764e-010 0.00618711
-8.51097e-010 0.00606626
-8.34431e-010 0.00589363
-8.17764e-010 0.00734376
-8.01097e-010 0.00299336
-7.84431e-010 -0.00784813
-7.67764e-010 -0.0126992
-7.51097e-010 -0.00893573
-7.34431e-010 -0.00453353
-7.17764e-010 0.000818155
-7.01097e-010 0.00492687
-6.84431e-010 -0.00211664
-6.67764e-010 -0.0114562
-6.51097e-010 -0.00522408
-6.34431e-010 0.00589363
-6.17764e-010 0.00168133
-6.01097e-010 -0.00976438
-5.84431e-010 -0.0112836
-5.67764e-010 -0.00223749
-5.51097e-010 0.00993329
-5.34431e-010 0.0143182
-5.17764e-010 0.00487508
-5.01097e-010 -0.00268634
-4.84431e-010 0.00354579
-4.67764e-010 0.00556562
-4.51097e-010 -0.00534492
-4.34431e-010 -0.00869404
-4.17764e-010 -0.00173685
-4.01097e-010 -0.000821879
-3.84431e-010 0.00126701
-3.67764e-010 0.0124883
-3.51097e-010 0.0135068
-3.34431e-010 0.00123248
-3.17764e-010 -0.00318698
-3.01097e-010 -0.00187495
-2.84431e-010 -0.00555208
-2.67764e-010 -0.00208212
-2.51097e-010 0.0062389
-2.34431e-010 -0.00023492
-2.17764e-010 -0.00722664
-2.01097e-010 0.00597995
-1.84431e-010 0.0157684
-1.67764e-010 0.00553109
-1.51097e-010 0.000662783
-1.34431e-010 0.00891474
-1.17764e-010 0.00995055
-1.01097e-010 0.00603174
-8.44306e-011 0.00639427
-6.77639e-011 0.000938999
-5.10972e-011 -0.00579377
-3.44306e-011 0.000921736
-1.77639e-011 0.00813788
-1.09724e-012 0.00668775
1.55694e-011 0.0158719
3.22361e-011 0.0346374
4.89028e-011 0.0424232
6.55694e-011 0.0526605
8.22361e-011 0.0846498
9.89028e-011 0.118624
1.15569e-010 0.140515
1.32236e-010 0.166617
1.48903e-010 0.197277
1.65569e-010 0.218666
1.82236e-010 0.238675
1.98903e-010 0.262188
2.15569e-010 0.274186
2.32236e-010 0.276171
2.48903e-010 0.283853
2.65569e-010 0.291846
2.82236e-010 0.288342
2.98903e-010 0.277034
3.15569e-010 0.262412
3.32236e-010 0.247859
3.48903e-010 0.238537
3.65569e-010 0.224899
3.82236e-010 0.197674
3.98903e-010 0.17366
4.15569e-010 0.161956
4.32236e-010 0.14319
4.48903e-010 0.11802
4.65569e-010 0.109665
4.82236e-010 0.106816
4.98903e-010 0.083683
5.15569e-010 0.0573044
5.32236e-010 0.0510205
5.48903e-010 0.0483101
5.65569e-010 0.0349654
5.82236e-010 0.0262646
5.98903e-010 0.0291994
6.15569e-010 0.0335153
6.32236e-010 0.0339986
6.48903e-010 0.0287333
6.65569e-010 0.021638
6.82236e-010 0.0256431
6.98903e-010 0.0343094
7.15569e-010 0.0248317
7.32236e-010 0.00648059
7.48903e-010 0.00572099
7.65569e-010 0.0109691
7.82236e-010 0.00156049
7.98903e-010 -0.00465438
8.15569e-010 0.00565194
8.32236e-010 0.0106584
8.48903e-010 0.0027862
8.65569e-010 -0.000303974
8.82236e-010 0.00169859
8.98903e-010 0.00105984
9.15569e-010 0.0051513
9.32236e-010 0.00881116
9.48903e-010 -0.00177137
9.65569e-010 -0.0090911
9.82236e-010 0.00613532
9.98903e-010 0.0200324
1.01557e-009 0.0116424
1.03224e-009 0.0020266
1.0489e-009 0.00456434
1.06557e-009 0.00307968
1.08224e-009 -0.00410195
1.0989e-009 -0.00446448
1.11557e-009 -0.00353225
1.13224e-009 -0.00644978
1.1489e-009 -0.00265181
1.16557e-009 0.00525488
1.18224e-009 0.00501319
1.1989e-009 0.0047715
1.21557e-009 0.0122984
1.23224e-009 0.0115043
1.2489e-009 -0.00146063
1.26557e-009 -0.00380847
1.28224e-009 0.00786167
1.2989e-009 0.00855221
1.31557e-009 -0.00657063
1.33224e-009 -0.0134242
1.3489e-009 -0.00285897
1.36557e-009 0.00625616
1.38224e-009 0.000818155
1.3989e-009 -0.0074856
1.41557e-009 -0.00380847
1.43224e-009 0.00672228
1.4489e-009 0.00948444
1.46557e-009 0.00218197
1.48224e-009 -0.00619083
1.4989e-009 -0.0085732
1.51557e-009 -0.0039811
1.53224e-009 0.00180218
1.5489e-009 0.00166407
1.56557e-009 -0.000718298
1.58224e-009 0.00123248
1.5989e-009 0.00040383
1.61557e-009 -0.00662242
1.63224e-009 -0.00437816
1.6489e-009 0.00903559
1.66557e-009 0.0116424
1.68224e-009 0.00299336
1.6989e-009 0.00558288
1.71557e-009 0.0139039
1.73224e-009 0.00705028
1.7489e-009 -0.00313519
1.76557e-009 0.00230282
1.78224e-009 0.0107101
1.7989e-009 0.00889748
1.81557e-009 0.00428812
1.83224e-009 -0.00111536
1.8489e-009 -0.0081934
1.86557e-009 -0.00577651
1.88224e-009 0.00408096
1.8989e-009 0.00314873
1.91557e-009 -0.00581103
1.93224e-009 -0.00625989
1.9489e-009 -0.00137431
1.96557e-009 9.30871e-005
1.98224e-009 0.00124974
1.9989e-009 0.00119795
2.01557e-009 -0.00144337
2.03224e-009 0.00192302
2.0489e-009 0.00765451
2.06557e-009 0.00252724
2.08224e-009 -0.0034632
2.0989e-009 0.00354579
2.11557e-009 0.00867305
2.13224e-009 0.00207839
2.1489e-009 0.000749101
2.16557e-009 0.00692944
2.18224e-009 0.00418454
2.1989e-009 -0.00234107
2.21557e-009 0.000680047
2.23224e-009 0.00465065
2.2489e-009 0.0022165
2.26557e-009 -0.000338501
2.28224e-009 -0.00430911
2.2989e-009 -0.00905658
2.31557e-009 -0.00254823
2.33224e-009 0.00736103
2.3489e-009 4.12965e-005
2.36557e-009 -0.011249
2.38224e-009 -0.00230654
2.3989e-009 0.0101059
2.41557e-009 0.00263082
2.43224e-009 -0.00779634
2.4489e-009 -0.004171
2.46557e-009 -0.00310066
2.48224e-009 -0.0118878
2.4989e-009 -0.00898752
2.51557e-009 0.00888022
