LECROYSDA18000 15238 Waveform
Segments 1 SegmentSize 302
Segment TrigTime TimeSinceSegment1
#1 01-Jan-2002 01:32:43 0                 
Time Ampl
-2.50336e-009 0.00219924
-2.48669e-009 0.00152596
-2.47002e-009 0.00402917
-2.45336e-009 0.00522035
-2.43669e-009 0.000766364
-2.42002e-009 -0.00209938
-2.40336e-009 -0.000631981
-2.38669e-009 -0.00146063
-2.37002e-009 -0.00228928
-2.35336e-009 5.85601e-005
-2.33669e-009 -0.00140884
-2.32002e-009 -0.00253097
-2.30336e-009 0.0053412
-2.28669e-009 0.00568647
-2.27002e-009 -0.0100061
-2.25336e-009 -0.0113526
-2.23669e-009 0.00995055
-2.22002e-009 0.0146462
-2.20336e-009 -0.00512049
-2.18669e-009 -0.0126474
-2.17002e-009 -0.00463712
-2.15336e-009 -0.00510323
-2.13669e-009 -0.00522408
-2.12002e-009 0.00667049
-2.10336e-009 0.00963981
-2.08669e-009 -0.00211664
-2.07002e-009 -0.00579377
-2.05336e-009 0.00166407
-2.03669e-009 0.00670501
-2.02002e-009 0.00900106
-2.00336e-009 0.00653238
-1.98669e-009 -0.00539671
-1.97002e-009 -0.0125438
-1.95336e-009 -0.00574198
-1.93669e-009 -0.000338501
-1.92002e-009 -0.00118441
-1.90336e-009 0.00285525
-1.88669e-009 0.00608353
-1.87002e-009 0.00121522
-1.85336e-009 0.000818155
-1.83669e-009 0.00504772
-1.82002e-009 -0.00114989
-1.80336e-009 -0.00805529
-1.78669e-009 0.000559202
-1.77002e-009 0.00832778
-1.75336e-009 0.00107711
-1.73669e-009 -0.00249644
-1.72002e-009 0.00779261
-1.70336e-009 0.0141974
-1.68669e-009 0.008604
-1.67002e-009 0.00223376
-1.65336e-009 0.000749101
-1.63669e-009 0.000196668
-1.62002e-009 -0.00301435
-1.60336e-009 -0.00758918
-1.58669e-009 -0.00795171
-1.57002e-009 -0.00551756
-1.55336e-009 -0.00824519
-1.53669e-009 -0.00871131
-1.52002e-009 0.00471971
-1.50336e-009 0.013973
-1.48669e-009 -0.000804616
-1.47002e-009 -0.0167388
-1.45336e-009 -0.00859046
-1.43669e-009 0.00470245
-1.42002e-009 0.0018367
-1.40336e-009 -0.00498239
-1.38669e-009 -0.00387752
-1.37002e-009 0.000904472
-1.35336e-009 0.00743008
-1.33669e-009 0.0108483
-1.32002e-009 0.00447802
-1.30336e-009 -0.000752825
-1.28669e-009 0.00413275
-1.27002e-009 0.00582457
-1.25336e-009 0.000749101
-1.23669e-009 0.00225103
-1.22002e-009 0.00449528
-1.20336e-009 -0.0019958
-1.18669e-009 -0.000442082
-1.17002e-009 0.01273
-1.15336e-009 0.0123157
-1.13669e-009 -7.95481e-005
-1.12002e-009 6.76951e-006
-1.10336e-009 0.00489234
-1.08669e-009 -9.68116e-005
-1.07002e-009 0.000576465
-1.05336e-009 0.00843136
-1.03669e-009 0.00225103
-1.02002e-009 -0.00755465
-1.00336e-009 -0.000597454
-9.86689e-010 0.00345947
-9.70022e-010 -0.00836604
-9.53355e-010 -0.00995428
-9.36689e-010 0.00326957
-9.20022e-010 0.00654964
-9.03355e-010 0.00337315
-8.86689e-010 0.00863853
-8.70022e-010 0.00972613
-8.53355e-010 0.00213018
-8.36689e-010 0.000800891
-8.20022e-010 -0.000303974
-8.03355e-010 -0.00931553
-7.86689e-010 -0.00677779
-7.70022e-010 0.00872484
-7.53355e-010 0.00948444
-7.36689e-010 -0.00201306
-7.20022e-010 -0.00185769
-7.03355e-010 0.00254451
-6.86689e-010 -0.000476609
-6.70022e-010 0.0015087
-6.53355e-010 0.0042018
-6.36689e-010 -0.00853867
-6.20022e-010 -0.0167216
-6.03355e-010 0.000593729
-5.86689e-010 0.017512
-5.70022e-010 0.0123674
-5.53355e-010 0.00528941
-5.36689e-010 0.00824147
-5.20022e-010 0.00570373
-5.03355e-010 -0.00505144
-4.86689e-010 -0.0107311
-4.70022e-010 -0.00779634
-4.53355e-010 -0.0023756
-4.36689e-010 -0.00227201
-4.20022e-010 -0.00907384
-4.03355e-010 -0.00881489
-3.86689e-010 0.00528941
-3.70022e-010 0.0126264
-3.53355e-010 0.00306241
-3.36689e-010 -0.000994514
-3.20022e-010 0.00827599
-3.03355e-010 0.00960528
-2.86689e-010 0.000455621
-2.70022e-010 -0.00203033
-2.53355e-010 0.000334776
-2.36689e-010 -0.000890933
-2.20022e-010 0.000386567
-2.03355e-010 0.00323505
-1.86689e-010 -1.0494e-005
-1.70022e-010 -0.000562926
-1.53355e-010 0.00648059
-1.36689e-010 0.00622163
-1.20022e-010 -0.00114989
-1.03355e-010 0.00162954
-8.66886e-011 0.00779261
-7.0022e-011 0.00235461
-5.33553e-011 0.000455621
-3.66886e-011 0.0136104
-2.0022e-011 0.0196354
-3.35531e-012 0.00936359
1.33114e-011 0.00705028
2.9978e-011 0.0211546
4.66447e-011 0.0360185
6.33114e-011 0.0522116
7.9978e-011 0.0802994
9.66447e-011 0.114602
1.13311e-010 0.151408
1.29978e-010 0.19852
1.46645e-010 0.248273
1.63311e-010 0.284872
1.79978e-010 0.316861
1.96645e-010 0.35838
2.13311e-010 0.396412
2.29978e-010 0.415522
2.46645e-010 0.426726
2.63311e-010 0.442436
2.79978e-010 0.452397
2.96645e-010 0.445146
3.13311e-010 0.428315
3.29978e-010 0.413675
3.46645e-010 0.397361
3.63311e-010 0.368997
3.79978e-010 0.334487
3.96645e-010 0.310111
4.13311e-010 0.292174
4.29978e-010 0.26224
4.46645e-010 0.225416
4.63311e-010 0.201662
4.79978e-010 0.18319
4.96645e-010 0.150942
5.13311e-010 0.116743
5.29978e-010 0.0988922
5.46645e-010 0.0874465
5.63311e-010 0.0729796
5.79978e-010 0.0649348
5.96645e-010 0.061344
6.13311e-010 0.0513312
6.29978e-010 0.0433555
6.46645e-010 0.0451681
6.63311e-010 0.0437007
6.79978e-010 0.035069
6.96645e-010 0.0314782
7.13311e-010 0.0312883
7.29978e-010 0.0267997
7.46645e-010 0.0239685
7.63311e-010 0.0224148
7.79978e-010 0.0131098
7.96645e-010 0.00489234
8.13311e-010 0.00798251
8.29978e-010 0.00831052
8.46645e-010 -0.00127073
8.63311e-010 -0.00394658
8.79978e-010 0.0033041
8.96645e-010 0.00549657
9.13311e-010 0.00511677
9.29978e-010 0.0114525
9.46645e-010 0.0134378
9.63311e-010 0.00347674
9.79978e-010 -0.00241012
9.96645e-010 0.00610079
1.01331e-009 0.0157684
1.02998e-009 0.0143873
1.04664e-009 0.00806883
1.06331e-009 0.00630795
1.07998e-009 0.00646332
1.09664e-009 0.00392559
1.11331e-009 0.00466792
1.12998e-009 0.00963981
1.14664e-009 0.00635974
1.16331e-009 -0.00249644
1.17998e-009 0.000749101
1.19664e-009 0.00677407
1.21331e-009 -0.00335962
1.22998e-009 -0.00700222
1.24664e-009 0.015354
1.26331e-009 0.026489
1.27998e-009 0.00573826
1.29664e-009 -0.00498239
1.31331e-009 0.00755093
1.32998e-009 0.0047715
1.34664e-009 -0.00960901
1.36331e-009 -0.00306614
1.37998e-009 0.00371843
1.39664e-009 -0.0114217
1.41331e-009 -0.0136314
1.42998e-009 0.0098815
1.44664e-009 0.0205331
1.46331e-009 0.0114352
1.47998e-009 0.00782714
1.49664e-009 0.00767177
1.51331e-009 0.00651511
1.52998e-009 0.0144909
1.54664e-009 0.0154576
1.56331e-009 -0.00351499
1.57998e-009 -0.0101442
1.59664e-009 0.00808609
1.61331e-009 0.0155612
1.62998e-009 0.00622163
1.64664e-009 0.00592816
1.66331e-009 0.00679133
1.67998e-009 -0.00372215
1.69664e-009 -0.00501691
1.71331e-009 0.00428812
1.72998e-009 0.00159501
1.74664e-009 -0.00329056
1.76331e-009 0.00597995
1.77998e-009 0.0110382
1.79664e-009 0.0038738
1.81331e-009 0.00187123
1.82998e-009 0.00171586
1.84664e-009 -0.00632894
1.86331e-009 -0.00738201
1.87998e-009 0.00176765
1.89664e-009 0.00342495
1.91331e-009 -0.00120168
1.92998e-009 -0.00256549
1.94664e-009 -0.00410195
1.96331e-009 0.000438357
1.97998e-009 0.0135586
1.99664e-009 0.0100714
2.01331e-009 -0.0115943
2.02998e-009 -0.0140112
2.04664e-009 0.00257903
2.06331e-009 0.00181944
2.07998e-009 -0.00893573
2.09664e-009 -0.00106357
2.11331e-009 0.0115906
2.12998e-009 0.0106411
2.14664e-009 0.00827599
2.16331e-009 0.00839684
2.17998e-009 0.00461613
2.19664e-009 0.0051513
2.21331e-009 0.00974339
2.22998e-009 0.00765451
2.24664e-009 0.0067568
2.26331e-009 0.00986424
2.27998e-009 0.00266535
2.29664e-009 -0.00261728
2.31331e-009 0.0110209
2.32998e-009 0.0141283
2.34664e-009 -0.00753739
2.36331e-009 -0.0104377
2.37998e-009 0.0131098
2.39664e-009 0.0157856
2.41331e-009 0.000887209
2.42998e-009 0.00705028
2.44664e-009 0.0149915
2.46331e-009 0.000231195
2.47998e-009 -0.00323877
2.49664e-009 0.0155785
2.51331e-009 0.0174602
