LECROYSDA18000 15238 Waveform
Segments 1 SegmentSize 302
Segment TrigTime TimeSinceSegment1
#1 01-Jan-2002 01:30:42 0                 
Time Ampl
-2.50429e-009 -0.00527587
-2.48762e-009 0.00219924
-2.47095e-009 0.00446076
-2.45429e-009 0.0016468
-2.43762e-009 0.00397738
-2.42095e-009 0.00233734
-2.40429e-009 -0.00489607
-2.38762e-009 -0.00139158
-2.37095e-009 0.00705028
-2.35429e-009 0.000524675
-2.33762e-009 -0.0120604
-2.32095e-009 -0.0115598
-2.30429e-009 -0.00234107
-2.28762e-009 0.00425359
-2.27095e-009 0.00535846
-2.25429e-009 9.30871e-005
-2.23762e-009 -0.0050687
-2.22095e-009 -0.00173685
-2.20429e-009 0.00268261
-2.18762e-009 -6.22846e-005
-2.17095e-009 -0.00220296
-2.15429e-009 0.000835418
-2.13762e-009 0.00399464
-2.12095e-009 0.00658417
-2.10429e-009 0.00440897
-2.08762e-009 -0.00594914
-2.07095e-009 -0.00543124
-2.05429e-009 0.0152677
-2.03762e-009 0.0221386
-2.02095e-009 -0.00220296
-2.00429e-009 -0.0180163
-1.98762e-009 -0.00227201
-1.97095e-009 0.0130235
-1.95429e-009 0.00834505
-1.93762e-009 -0.000839143
-1.92095e-009 -0.00895299
-1.90429e-009 -0.0156858
-1.88762e-009 -0.00822793
-1.87095e-009 0.00779261
-1.85429e-009 0.00946718
-1.83762e-009 -0.00196127
-1.82095e-009 -0.00869404
-1.80429e-009 -0.00515502
-1.78762e-009 0.0078962
-1.77095e-009 0.0195145
-1.75429e-009 0.00922549
-1.73762e-009 -0.0117669
-1.72095e-009 -0.00914289
-1.70429e-009 0.00767177
-1.68762e-009 0.00497866
-1.67095e-009 -0.00522408
-1.65429e-009 -0.000407555
-1.63762e-009 0.00100805
-1.62095e-009 -0.00755465
-1.60429e-009 -0.000994514
-1.58762e-009 0.0123157
-1.57095e-009 0.00520309
-1.55429e-009 -0.00332509
-1.53762e-009 0.00734376
-1.52095e-009 0.00919096
-1.50429e-009 -0.00883215
-1.48762e-009 -0.0138904
-1.47095e-009 -0.000994514
-1.45429e-009 0.00342495
-1.43762e-009 0.00147417
-1.42095e-009 0.00653238
-1.40429e-009 0.0078962
-1.38762e-009 0.00199207
-1.37095e-009 0.000973526
-1.35429e-009 0.00128427
-1.33762e-009 -0.00272087
-1.32095e-009 -0.00121894
-1.30429e-009 0.0018367
-1.28762e-009 -0.00667421
-1.27095e-009 -0.0126301
-1.25429e-009 -0.000977251
-1.23762e-009 0.00912191
-1.22095e-009 0.00280346
-1.20429e-009 -0.0039811
-1.18762e-009 -0.00121894
-1.17095e-009 0.00264809
-1.15429e-009 0.00390832
-1.13762e-009 0.0014569
-1.12095e-009 -0.00643252
-1.10429e-009 -0.00969533
-1.08762e-009 -0.00220296
-1.07095e-009 0.00263082
-1.05429e-009 -0.00158147
-1.03762e-009 -0.00394658
-1.02095e-009 -0.00223749
-1.00429e-009 -0.00170232
-9.87621e-010 -0.000148602
-9.70954e-010 -0.000994514
-9.54287e-010 -0.00910837
-9.37621e-010 -0.0107484
-9.20954e-010 0.000282986
-9.04287e-010 0.00306241
-8.87621e-010 -0.00662242
-8.70954e-010 -0.00484428
-8.54287e-010 0.00746461
-8.37621e-010 0.00727471
-8.20954e-010 6.76951e-006
-8.04287e-010 0.00211292
-7.87621e-010 0.00378748
-7.70954e-010 -0.00182316
-7.54287e-010 -0.00101178
-7.37621e-010 0.0056692
-7.20954e-010 0.00301062
-7.04287e-010 -0.00674326
-6.87621e-010 -0.0108865
-6.70954e-010 -0.00551756
-6.54287e-010 0.00653238
-6.37621e-010 0.0133342
-6.20954e-010 0.00435718
-6.04287e-010 -0.00534492
-5.87621e-010 0.00126701
-5.70954e-010 0.00967434
-5.54287e-010 0.00858674
-5.37621e-010 0.0121775
-5.20954e-010 0.0134723
-5.04287e-010 -0.00720938
-4.87621e-010 -0.0225912
-4.70954e-010 -0.0025137
-4.54287e-010 0.01601
-4.37621e-010 2.4033e-005
-4.20954e-010 -0.0129927
-4.04287e-010 0.0011289
-3.87621e-010 0.00817241
-3.70954e-010 -1.0494e-005
-3.54287e-010 0.00506498
-3.37621e-010 0.0116942
-3.20954e-010 -0.00461985
-3.04287e-010 -0.0163763
-2.87621e-010 -0.000338501
-2.70954e-010 0.0117632
-2.54287e-010 0.00118069
-2.37621e-010 -0.00439543
-2.20954e-010 0.00649785
-2.04287e-010 0.0132651
-1.87621e-010 0.00941539
-1.70954e-010 0.00485782
-1.54287e-010 0.00282072
-1.37621e-010 0.00421907
-1.20954e-010 0.00682586
-1.04287e-010 0.00207839
-8.76205e-011 -0.00532766
-7.09539e-011 -0.00170232
-5.42872e-011 0.00537572
-3.76205e-011 0.00373569
-2.09539e-011 0.00753366
-4.28721e-012 0.024262
1.23795e-011 0.030028
2.90461e-011 0.019808
4.57128e-011 0.025902
6.23795e-011 0.0564757
7.90461e-011 0.0828198
9.57128e-011 0.100014
1.12379e-010 0.129915
1.29046e-010 0.169051
1.45713e-010 0.198054
1.62379e-010 0.221929
1.79046e-010 0.249844
1.95713e-010 0.269128
2.12379e-010 0.275446
2.29046e-010 0.285666
2.45713e-010 0.300599
2.62379e-010 0.300824
2.79046e-010 0.286029
2.95713e-010 0.274807
3.12379e-010 0.269231
3.29046e-010 0.257682
3.45713e-010 0.241989
3.62379e-010 0.230975
3.79046e-010 0.21984
3.95713e-010 0.19959
4.12379e-010 0.174386
4.29046e-010 0.153238
4.45713e-010 0.135871
4.62379e-010 0.11821
4.79046e-010 0.10036
4.95713e-010 0.08263
5.12379e-010 0.0652974
5.29046e-010 0.0540934
5.45713e-010 0.0517801
5.62379e-010 0.0490006
5.79046e-010 0.0391777
5.95713e-010 0.0307186
6.12379e-010 0.0299072
6.29046e-010 0.0307876
6.45713e-010 0.0303388
6.62379e-010 0.0296828
6.79046e-010 0.0240894
6.95713e-010 0.0157166
7.12379e-010 0.0168214
7.29046e-010 0.0226047
7.45713e-010 0.0161999
7.62379e-010 0.00490961
7.79046e-010 0.00525488
7.95713e-010 0.00724018
8.12379e-010 0.00162954
8.29046e-010 0.00456434
8.45713e-010 0.0158201
8.62379e-010 0.0113489
8.79046e-010 -0.00246191
8.95713e-010 0.00147417
9.12379e-010 0.0129199
9.29046e-010 0.00900106
9.45713e-010 0.00404643
9.62379e-010 0.0115561
9.79046e-010 0.0113662
9.95713e-010 -0.00121894
1.01238e-009 -0.0010981
1.02905e-009 0.0101922
1.04571e-009 0.00421907
1.06238e-009 -0.0158239
1.07905e-009 -0.019173
1.09571e-009 -0.001616
1.11238e-009 0.0110554
1.12905e-009 0.0038738
1.14571e-009 -0.0101442
1.16238e-009 -0.0101097
1.17905e-009 0.00425359
1.19571e-009 0.011815
1.21238e-009 0.00263082
1.22905e-009 -0.00663968
1.24571e-009 -0.0032733
1.26238e-009 0.00121522
1.27905e-009 -0.00318698
1.29571e-009 -0.00632894
1.31238e-009 -0.00087367
1.32905e-009 0.00238913
1.34571e-009 -0.00278992
1.36238e-009 -0.00411921
1.37905e-009 0.0058591
1.39571e-009 0.0129889
1.41238e-009 0.00501319
1.42905e-009 -0.00648431
1.44571e-009 -0.00536218
1.46238e-009 0.00361484
1.47905e-009 0.00591089
1.49571e-009 0.00123248
1.51238e-009 -0.000303974
1.52905e-009 0.00302788
1.54571e-009 0.00370116
1.56238e-009 0.000438357
1.57905e-009 0.00109437
1.59571e-009 0.00606626
1.61238e-009 0.00558288
1.62905e-009 0.00040383
1.64571e-009 0.00149143
1.66238e-009 0.00364937
1.67905e-009 -0.00551756
1.69571e-009 -0.012492
1.71238e-009 -0.000770089
1.72905e-009 0.00995055
1.74571e-009 -0.00028671
1.76238e-009 -0.0101614
1.77905e-009 -0.00182316
1.79571e-009 0.00553109
1.81238e-009 0.00263082
1.82905e-009 0.00461613
1.84571e-009 0.00539299
1.86238e-009 -0.00986796
1.87905e-009 -0.0199844
1.89571e-009 -0.00510323
1.91238e-009 0.00953623
1.92905e-009 0.00361484
1.94571e-009 -0.00196127
1.96238e-009 0.00444349
1.97905e-009 0.00518582
1.99571e-009 5.85601e-005
2.01238e-009 0.00599721
2.02905e-009 0.0130407
2.04571e-009 0.00180218
2.06238e-009 -0.0116634
2.07905e-009 -0.00320424
2.09571e-009 0.012799
2.11238e-009 0.0121258
2.12905e-009 0.00516856
2.14571e-009 0.00891474
2.16238e-009 0.0104857
2.17905e-009 -7.95481e-005
2.19571e-009 -0.00325603
2.21238e-009 0.00856947
2.22905e-009 0.0130753
2.24571e-009 0.00471971
2.26238e-009 0.00238913
2.27905e-009 0.00563468
2.29571e-009 0.00142238
2.31238e-009 -0.00266908
2.32905e-009 -0.000269447
2.34571e-009 -0.00201306
2.36238e-009 -0.00420553
2.37905e-009 0.003494
2.39571e-009 0.00743008
2.41238e-009 0.00242366
2.42905e-009 0.00850042
2.44571e-009 0.016925
2.46238e-009 0.000455621
2.47905e-009 -0.016687
2.49571e-009 -0.000856406
2.51238e-009 0.0148016
