LECROYSDA18000 15238 Waveform
Segments 1 SegmentSize 302
Segment TrigTime TimeSinceSegment1
#1 02-Nov-2018 12:54:12 0                 
Time Ampl
-1.50432e-009 0.0439356
-1.48765e-009 0.0680182
-1.47098e-009 -0.00241689
-1.45432e-009 -0.0492873
-1.43765e-009 0.018213
-1.42098e-009 0.0537758
-1.40432e-009 -0.0093223
-1.38765e-009 -0.0318512
-1.37098e-009 -0.000949493
-1.35432e-009 -0.025291
-1.33765e-009 -0.0431588
-1.32098e-009 0.0309017
-1.30432e-009 0.0744921
-1.28765e-009 0.00474747
-1.27098e-009 -0.047302
-1.25432e-009 -0.0131203
-1.23765e-009 0.0029348
-1.22098e-009 -0.0220973
-1.20432e-009 0.00940862
-1.18765e-009 0.082088
-1.17098e-009 0.0773405
-1.15432e-009 0.00466115
-1.13765e-009 -0.0140698
-1.12098e-009 0.0337502
-1.10432e-009 0.0504095
-1.08765e-009 0.0181267
-1.07098e-009 -0.000690541
-1.05432e-009 -0.00509274
-1.03765e-009 -0.0260679
-1.02098e-009 -0.0291753
-1.00432e-009 0.0110486
-9.87649e-010 0.0403103
-9.70982e-010 0.0219247
-9.54315e-010 -0.00414324
-9.37649e-010 0.00233057
-9.20982e-010 0.032887
-9.04315e-010 0.0498052
-8.87649e-010 0.0225289
-8.70982e-010 -0.0202846
-8.54315e-010 -0.0117392
-8.37649e-010 0.047561
-8.20982e-010 0.0861449
-8.04315e-010 0.0746647
-7.87649e-010 0.0476473
-7.70982e-010 0.0339228
-7.54315e-010 0.0301248
-7.37649e-010 0.0155372
-7.20982e-010 -0.0121708
-7.04315e-010 -0.0172635
-6.87649e-010 0.00828649
-6.70982e-010 0.0176088
-6.54315e-010 0.0102718
-6.37649e-010 0.0284848
-6.20982e-010 0.0400514
-6.04315e-010 0.0124297
-5.87649e-010 0.011135
-5.70982e-010 0.0423819
-5.54315e-010 0.0196804
-5.37649e-010 -0.0203709
-5.20982e-010 0.0102718
-5.04315e-010 0.0328007
-4.87649e-010 -0.0063875
-4.70982e-010 0.00733699
-4.54315e-010 0.056538
-4.37649e-010 -0.00371166
-4.20982e-010 -0.0776858
-4.04315e-010 -0.00647382
-3.87649e-010 0.0631845
-3.70982e-010 -0.00241689
-3.54315e-010 -0.0388429
-3.37649e-010 0.0277943
-3.20982e-010 0.045403
-3.04315e-010 0.0063875
-2.87649e-010 0.0136382
-2.70982e-010 0.0124297
-2.54315e-010 -0.0365987
-2.37649e-010 -0.0377208
-2.20982e-010 0.00820017
-2.04315e-010 0.0215794
-1.87649e-010 0.0201983
-1.70982e-010 0.0126887
-1.54315e-010 -0.0172635
-1.37649e-010 0.0212341
-1.20982e-010 0.128527
-1.04315e-010 0.115666
-8.76485e-011 -0.00940862
-7.09819e-011 -0.0109623
-5.43152e-011 0.107465
-3.76485e-011 0.154854
-2.09819e-011 0.149675
-4.31519e-012 0.177383
1.23515e-011 0.185842
2.90181e-011 0.210615
4.56848e-011 0.338192
6.23515e-011 0.442982
7.90181e-011 0.431329
9.56848e-011 0.469827
1.12351e-010 0.615358
1.29018e-010 0.690282
1.45685e-010 0.688383
1.62351e-010 0.766759
1.79018e-010 0.887258
1.95685e-010 0.938617
2.12351e-010 0.98238
2.29018e-010 1.06533
2.45685e-010 1.11073
2.62351e-010 1.11902
2.79018e-010 1.1633
2.95685e-010 1.2302
3.12351e-010 1.28492
3.29018e-010 1.33663
3.45685e-010 1.35303
3.62351e-010 1.30935
3.79018e-010 1.28484
3.95685e-010 1.32756
4.12351e-010 1.35605
4.29018e-010 1.32497
4.45685e-010 1.30676
4.62351e-010 1.32696
4.79018e-010 1.31695
4.95685e-010 1.27465
5.12351e-010 1.27284
5.29018e-010 1.29502
5.45685e-010 1.26723
5.62351e-010 1.22769
5.79018e-010 1.24082
5.95685e-010 1.22882
6.12351e-010 1.13076
6.29018e-010 1.06257
6.45685e-010 1.08199
6.62351e-010 1.05748
6.79018e-010 0.954759
6.95685e-010 0.900897
7.12351e-010 0.884237
7.29018e-010 0.78877
7.45685e-010 0.65938
7.62351e-010 0.566934
7.79018e-010 0.436076
7.95685e-010 0.272073
8.12351e-010 0.200861
8.29018e-010 0.180317
8.45685e-010 0.0814838
8.62351e-010 -0.0397061
8.79018e-010 -0.115666
8.95685e-010 -0.233834
9.12351e-010 -0.392918
9.29018e-010 -0.48804
9.45685e-010 -0.581435
9.62351e-010 -0.7665
9.79018e-010 -0.922649
9.95685e-010 -0.967447
1.01235e-009 -1.02847
1.02902e-009 -1.13974
1.04568e-009 -1.17867
1.06235e-009 -1.16089
1.07902e-009 -1.19507
1.09568e-009 -1.24677
1.11235e-009 -1.25333
1.12902e-009 -1.26188
1.14568e-009 -1.28337
1.16235e-009 -1.27284
1.17902e-009 -1.27172
1.19568e-009 -1.32472
1.21235e-009 -1.35493
1.22902e-009 -1.30521
1.24568e-009 -1.24142
1.26235e-009 -1.21725
1.27902e-009 -1.20724
1.29568e-009 -1.19671
1.31235e-009 -1.19334
1.32902e-009 -1.17513
1.34568e-009 -1.12826
1.36235e-009 -1.09597
1.37902e-009 -1.11695
1.39568e-009 -1.15035
1.41235e-009 -1.12644
1.42902e-009 -1.05282
1.44568e-009 -0.991271
1.46235e-009 -0.948544
1.47902e-009 -0.891833
1.49568e-009 -0.83331
1.51235e-009 -0.782296
1.52902e-009 -0.697791
1.54568e-009 -0.592398
1.56235e-009 -0.538449
1.57902e-009 -0.514971
1.59568e-009 -0.441428
1.61235e-009 -0.346133
1.62902e-009 -0.287783
1.64568e-009 -0.2208
1.66235e-009 -0.127577
1.67902e-009 -0.0864039
1.69568e-009 -0.0868355
1.71235e-009 -0.0355628
1.72902e-009 0.0356492
1.74568e-009 0.0458346
1.76235e-009 0.0517905
1.77902e-009 0.109969
1.79568e-009 0.141992
1.81235e-009 0.113767
1.82902e-009 0.0973662
1.84568e-009 0.0888208
1.86235e-009 0.0409145
1.87902e-009 0.0241689
1.89568e-009 0.0870081
1.91235e-009 0.108242
1.92902e-009 0.0206299
1.94568e-009 -0.0422956
1.96235e-009 -0.00138108
1.97902e-009 0.0240826
1.99568e-009 -0.0422093
2.01235e-009 -0.101423
2.02902e-009 -0.0800164
2.04568e-009 -0.0417777
2.06235e-009 -0.0479063
2.07902e-009 -0.0758731
2.09568e-009 -0.0944314
2.11235e-009 -0.0977978
2.12902e-009 -0.0807932
2.14568e-009 -0.058437
2.16235e-009 -0.0602497
2.17902e-009 -0.0718162
2.19568e-009 -0.0605086
2.21235e-009 -0.0485105
2.22902e-009 -0.0649971
2.24568e-009 -0.0831238
2.26235e-009 -0.0912377
2.27902e-009 -0.120499
2.29568e-009 -0.148984
2.31235e-009 -0.132152
2.32902e-009 -0.117565
2.34568e-009 -0.149588
2.36235e-009 -0.153645
2.37902e-009 -0.0924461
2.39568e-009 -0.0540348
2.41235e-009 -0.0635297
2.42902e-009 -0.0558475
2.44568e-009 -0.0626666
2.46235e-009 -0.136295
2.47902e-009 -0.181181
2.49568e-009 -0.142856
2.51235e-009 -0.144582
2.52902e-009 -0.2126
2.54568e-009 -0.194905
2.56235e-009 -0.0871807
2.57902e-009 -0.0559338
2.59568e-009 -0.107552
2.61235e-009 -0.106775
2.62902e-009 -0.0554159
2.64568e-009 -0.0428998
2.66235e-009 -0.0575738
2.67902e-009 -0.0516179
2.69568e-009 -0.0416914
2.71235e-009 -0.0524811
2.72902e-009 -0.0752689
2.74568e-009 -0.0801027
2.76235e-009 -0.0384113
2.77902e-009 0.00750963
2.79568e-009 -0.0214068
2.81235e-009 -0.0736289
2.82902e-009 -0.0283122
2.84568e-009 0.0536032
2.86235e-009 0.0253774
2.87902e-009 -0.0438493
2.89568e-009 -0.000431588
2.91235e-009 0.0850228
2.92902e-009 0.0710394
2.94568e-009 0.0105307
2.96235e-009 -0.0128613
2.97902e-009 -0.0491147
2.99568e-009 -0.0976252
3.01235e-009 -0.0639613
3.02902e-009 0.0102718
3.04568e-009 -0.00405693
3.06235e-009 -0.0596454
3.07902e-009 -0.0264995
3.09568e-009 0.0517042
3.11235e-009 0.067414
3.12902e-009 0.0516179
3.14568e-009 0.0580054
3.16235e-009 0.0499779
3.17902e-009 0.0222699
3.19568e-009 0.0157961
3.21235e-009 -0.00552432
3.22902e-009 -0.0813975
3.24568e-009 -0.134396
3.26235e-009 -0.0955536
3.27902e-009 -0.0196804
3.29568e-009 0.0240826
3.31235e-009 0.0214068
3.32902e-009 -0.0202846
3.34568e-009 -0.0414324
3.36235e-009 0.0173498
3.37902e-009 0.0720752
3.39568e-009 0.018472
3.41235e-009 -0.0516179
3.42902e-009 -0.0257226
3.44568e-009 0.00630118
3.46235e-009 -0.0358218
3.47902e-009 -0.0637887
3.49568e-009 -0.0521358
3.51235e-009 -0.0802753
