LECROYSDA18000 15238 Waveform
Segments 1 SegmentSize 2002
Segment TrigTime TimeSinceSegment1
#1 02-Nov-2018 13:20:39 0                 
Time Ampl
-1.000338e-008 -0.016314
-9.978378e-009 -0.00604223
-9.953378e-009 0.00759595
-9.928378e-009 0.0290027
-9.903378e-009 0.0275353
-9.878378e-009 0.00233057
-9.853378e-009 -0.0118255
-9.828378e-009 -0.0083728
-9.803378e-009 -0.00422956
-9.778378e-009 0.00776858
-9.753378e-009 0.0299522
-9.728378e-009 0.0254637
-9.703378e-009 -0.0150193
-9.678378e-009 -0.0325417
-9.653378e-009 0.00405693
-9.628378e-009 0.0324554
-9.603378e-009 0.00103581
-9.578378e-009 -0.042123
-9.553378e-009 -0.0371166
-9.528378e-009 -0.0098402
-9.503378e-009 -0.0100128
-9.478378e-009 -0.0245142
-9.453378e-009 -0.0194215
-9.428378e-009 -0.00673277
-9.403378e-009 -0.00906335
-9.378378e-009 -0.0113076
-9.353378e-009 0.00500642
-9.328378e-009 0.0213204
-9.303378e-009 0.0126887
-9.278378e-009 -0.0124297
-9.253378e-009 -0.0289164
-9.228378e-009 -0.0284848
-9.203378e-009 -0.0222699
-9.178378e-009 -0.0196804
-9.153378e-009 -0.0123434
-9.128378e-009 0.0122571
-9.103378e-009 0.0363397
-9.078378e-009 0.0212341
-9.053378e-009 -0.0249458
-9.028378e-009 -0.0389292
-9.003378e-009 -0.00189899
-8.978378e-009 0.0194215
-8.953378e-009 -0.0122571
-8.928378e-009 -0.0340954
-8.903378e-009 0.00224426
-8.878378e-009 0.0434177
-8.853378e-009 0.0381524
-8.828378e-009 0.022011
-8.803378e-009 0.0239963
-8.778378e-009 0.00716436
-8.753378e-009 -0.0358218
-8.728378e-009 -0.0473883
-8.703378e-009 -0.0141561
-8.678378e-009 0.00690541
-8.653378e-009 -0.00362534
-8.628378e-009 -0.00897703
-8.603378e-009 -0.0014674
-8.578378e-009 -0.0019853
-8.553378e-009 -0.00164003
-8.528378e-009 0.0106171
-8.503378e-009 0.0113076
-8.478378e-009 -0.00621487
-8.453378e-009 -0.0157098
-8.428378e-009 -0.0171772
-8.403378e-009 -0.0287438
-8.378378e-009 -0.0275353
-8.353378e-009 0.00621487
-8.328378e-009 0.0261542
-8.303378e-009 -0.00310743
-8.278378e-009 -0.031247
-8.253378e-009 -0.0104444
-8.228378e-009 0.0225289
-8.203378e-009 0.0206299
-8.178378e-009 -0.00716436
-8.153378e-009 -0.040224
-8.128378e-009 -0.0687951
-8.103378e-009 -0.0670688
-8.078378e-009 -0.0261542
-8.053378e-009 0.0116529
-8.028378e-009 0.0158824
-8.003378e-009 0.00776858
-7.978378e-009 0.00172635
-7.953378e-009 -0.0143287
-7.928378e-009 -0.0231331
-7.903378e-009 0.00155372
-7.878378e-009 0.0296069
-7.853378e-009 0.0214068
-7.828378e-009 0.000431588
-7.803378e-009 -0.00155372
-7.778378e-009 -0.00466115
-7.753378e-009 -0.0208889
-7.728378e-009 -0.0189035
-7.703378e-009 0.00466115
-7.678378e-009 0.0132066
-7.653378e-009 0.00431588
-7.628378e-009 0.00310743
-7.603378e-009 -0.00112213
-7.578378e-009 -0.0210615
-7.553378e-009 -0.0218383
-7.528378e-009 0.0120845
-7.503378e-009 0.0286574
-7.478378e-009 -0.0014674
-7.453378e-009 -0.0289164
-7.428378e-009 -0.0164867
-7.403378e-009 0.000258953
-7.378378e-009 -0.0122571
-7.353378e-009 -0.0284848
-7.328378e-009 -0.0159688
-7.303378e-009 0.0118255
-7.278378e-009 0.0189899
-7.253378e-009 -0.000949493
-7.228378e-009 -0.0149329
-7.203378e-009 0.00267584
-7.178378e-009 0.0214931
-7.153378e-009 -0.000690541
-7.128378e-009 -0.0350449
-7.103378e-009 -0.0204573
-7.078378e-009 0.022011
-7.053378e-009 0.0243416
-7.028378e-009 0.00353902
-7.003378e-009 0.0253774
-6.978378e-009 0.0612855
-6.953378e-009 0.0358218
-6.928378e-009 -0.0180404
-6.903378e-009 -0.0121708
-6.878378e-009 0.0308154
-6.853378e-009 0.0257226
-6.828378e-009 -0.0158824
-6.803378e-009 -0.0214068
-6.778378e-009 0.00673277
-6.753378e-009 0.0176088
-6.728378e-009 0.0113076
-6.703378e-009 0.0104444
-6.678378e-009 0.00164003
-6.653378e-009 -0.0247731
-6.628378e-009 -0.0427272
-6.603378e-009 -0.0390155
-6.578378e-009 -0.0299522
-6.553378e-009 -0.0195078
-6.528378e-009 -0.000172635
-6.503378e-009 0.018472
-6.478378e-009 0.0259816
-6.453378e-009 0.0289164
-6.428378e-009 0.0241689
-6.403378e-009 0
-6.378378e-009 -0.0247731
-6.353378e-009 -0.0191625
-6.328378e-009 0.00353902
-6.303378e-009 0.00681909
-6.278378e-009 -0.00474747
-6.253378e-009 -0.00138108
-6.228378e-009 0.0126024
-6.203378e-009 0.0100992
-6.178378e-009 -0.00794122
-6.153378e-009 -0.0193351
-6.128378e-009 -0.0199394
-6.103378e-009 -0.0234784
-6.078378e-009 -0.0325417
-6.053378e-009 -0.032887
-6.028378e-009 -0.0138971
-6.003378e-009 0.0132929
-5.978378e-009 0.0208889
-5.953378e-009 -0.00267584
-5.928378e-009 -0.0304701
-5.903378e-009 -0.0246868
-5.878378e-009 0.0113939
-5.853378e-009 0.0339228
-5.828378e-009 0.0214931
-5.803378e-009 0.00820017
-5.778378e-009 0.0261542
-5.753378e-009 0.0474747
-5.728378e-009 0.0308154
-5.703378e-009 -0.00509274
-5.678378e-009 -0.018472
-5.653378e-009 -0.0188172
-5.628378e-009 -0.0309017
-5.603378e-009 -0.0313333
-5.578378e-009 -0.00422956
-5.553378e-009 0.0058696
-5.528378e-009 -0.0185583
-5.503378e-009 -0.0195941
-5.478378e-009 0.0157098
-5.453378e-009 0.0150193
-5.428378e-009 -0.0294343
-5.403378e-009 -0.0319375
-5.378378e-009 0.0109623
-5.353378e-009 0.0083728
-5.328378e-009 -0.0319375
-5.303378e-009 -0.0151056
-5.278378e-009 0.034786
-5.253378e-009 0.016573
-5.228378e-009 -0.0351313
-5.203378e-009 -0.0189899
-5.178378e-009 0.0224426
-5.153378e-009 -0.00328007
-5.128378e-009 -0.0447125
-5.103378e-009 -0.021752
-5.078378e-009 0.00845912
-5.053378e-009 -0.0164003
-5.028378e-009 -0.0358218
-5.003378e-009 -0.011135
-4.978378e-009 -0.00388429
-4.953378e-009 -0.0221836
-4.928378e-009 0.0029348
-4.903378e-009 0.0499779
-4.878378e-009 0.0332323
-4.853378e-009 -0.012516
-4.828378e-009 0.00630118
-4.803378e-009 0.0496326
-4.778378e-009 0.022011
-4.753378e-009 -0.0379797
-4.728378e-009 -0.0395334
-4.703378e-009 -0.00811385
-4.678378e-009 -0.00871807
-4.653378e-009 -0.0176088
-4.628378e-009 0.00112213
-4.603378e-009 0.011135
-4.578378e-009 -0.00647382
-4.553378e-009 -0.00397061
-4.528378e-009 0.0271037
-4.503378e-009 0.0251184
-4.478378e-009 -0.0228742
-4.453378e-009 -0.0479926
-4.428378e-009 -0.0168319
-4.403378e-009 0.0193351
-4.378378e-009 0.018213
-4.353378e-009 0.00500642
-4.328378e-009 0.0121708
-4.303378e-009 0.0245142
-4.278378e-009 0.0151056
-4.253378e-009 -0.0044022
-4.228378e-009 -0.0058696
-4.203378e-009 0.00535169
-4.178378e-009 8.63176e-005
-4.153378e-009 -0.0199394
-4.128378e-009 -0.021752
-4.103378e-009 0.00164003
-4.078378e-009 0.0159688
-4.053378e-009 -0.000517905
-4.028378e-009 -0.0283985
-4.003378e-009 -0.0384976
-3.978378e-009 -0.0224426
-3.953378e-009 0.00733699
-3.928378e-009 0.0248595
-3.903378e-009 0.012516
-3.878378e-009 -0.0115666
-3.853378e-009 -0.0152782
-3.828378e-009 -0.00276216
-3.803378e-009 -0.00164003
-3.778378e-009 -0.0116529
-3.753378e-009 -0.0114802
-3.728378e-009 0.00189899
-3.703378e-009 0.0216657
-3.678378e-009 0.0447988
-3.653378e-009 0.0490284
-3.628378e-009 0.0104444
-3.603378e-009 -0.0378071
-3.578378e-009 -0.0376345
-3.553378e-009 0.000863176
-3.528378e-009 0.0212341
-3.503378e-009 0.0204573
-3.478378e-009 0.032628
-3.453378e-009 0.042123
-3.428378e-009 0.014415
-3.403378e-009 -0.0209752
-3.378378e-009 -0.014674
-3.353378e-009 0.0160551
-3.328378e-009 0.0222699
-3.303378e-009 0.00267584
-3.278378e-009 -0.0131203
-3.253378e-009 -0.0179541
-3.228378e-009 -0.0225289
-3.203378e-009 -0.0280532
-3.178378e-009 -0.0275353
-3.153378e-009 -0.0173498
-3.128378e-009 -0.00474747
-3.103378e-009 -0.0029348
-3.078378e-009 -0.00820017
-3.053378e-009 0.00155372
-3.028378e-009 0.0244279
-3.003378e-009 0.0272764
-2.978378e-009 0.000949493
-2.953378e-009 -0.0209752
-2.928378e-009 -0.0162277
-2.903378e-009 0.00276216
-2.878378e-009 0.0209752
-2.853378e-009 0.0313333
-2.828378e-009 0.0267584
-2.803378e-009 0.0171772
-2.778378e-009 0.0207162
-2.753378e-009 0.0232194
-2.728378e-009 0.0029348
-2.703378e-009 -0.0110486
-2.678378e-009 0.0137245
-2.653378e-009 0.0369439
-2.628378e-009 0.0106171
-2.603378e-009 -0.0299522
-2.578378e-009 -0.0332323
-2.553378e-009 -0.0187309
-2.528378e-009 -0.0138971
-2.503378e-009 0.00241689
-2.478378e-009 0.0276216
-2.453378e-009 0.0131203
-2.428378e-009 -0.0368576
-2.403378e-009 -0.0591275
-2.378378e-009 -0.0405693
-2.353378e-009 -0.0210615
-2.328378e-009 -0.00526537
-2.303378e-009 0.0218383
-2.278378e-009 0.036426
-2.253378e-009 0.0241689
-2.228378e-009 0.016573
-2.203378e-009 0.0159688
-2.178378e-009 -0.0145877
-2.153378e-009 -0.0512726
-2.128378e-009 -0.02719
-2.103378e-009 0.0341818
-2.078378e-009 0.0448851
-2.053378e-009 0.00854544
-2.028378e-009 0.00181267
-2.003378e-009 0.0248595
-1.978378e-009 0.0173498
-1.953378e-009 -0.0134655
-1.928378e-009 -0.0177814
-1.903378e-009 -0.0100992
-1.878378e-009 -0.0295206
-1.853378e-009 -0.0493737
-1.828378e-009 -0.0298659
-1.803378e-009 0.00034527
-1.778378e-009 0.000604223
-1.753378e-009 -0.00716436
-1.728378e-009 0.00966757
-1.703378e-009 0.031247
-1.678378e-009 0.0300385
-1.653378e-009 0.0237373
-1.628378e-009 0.0351313
-1.603378e-009 0.0458346
-1.578378e-009 0.0314196
-1.553378e-009 0.00802753
-1.528378e-009 0.00500642
-1.503378e-009 0.0173498
-1.478378e-009 0.0202846
-1.453378e-009 0.0139834
-1.428378e-009 0.0145014
-1.403378e-009 0.0141561
-1.378378e-009 -0.0019853
-1.353378e-009 -0.0126024
-1.328378e-009 0.0117392
-1.303378e-009 0.0478199
-1.278378e-009 0.0501505
-1.253378e-009 0.0257226
-1.228378e-009 0.0101855
-1.203378e-009 -0.00155372
-1.178378e-009 -0.0246868
-1.153378e-009 -0.0246868
-1.128378e-009 0.0230468
-1.103378e-009 0.0654287
-1.078378e-009 0.0508411
-1.053378e-009 0.0151056
-1.028378e-009 0.00690541
-1.003378e-009 0.0029348
-9.783779e-010 -0.0246868
-9.533779e-010 -0.0436767
-9.283779e-010 -0.0302975
-9.033779e-010 -0.014415
-8.783779e-010 -0.0101855
-8.533779e-010 0.00517905
-8.283779e-010 0.0223563
-8.033779e-010 0.00690541
-7.783779e-010 -0.0190762
-7.533779e-010 -0.00543801
-7.283779e-010 0.0277079
-7.033779e-010 0.0210615
-6.783779e-010 -0.0173498
-6.533779e-010 -0.030988
-6.283779e-010 -0.0135519
-6.033779e-010 -0.00388429
-5.783779e-010 -0.00707804
-5.533779e-010 0.0049201
-5.283779e-010 0.031247
-5.033779e-010 0.038584
-4.783779e-010 0.0143287
-4.533779e-010 -0.012775
-4.283779e-010 -0.0123434
-4.033779e-010 0.00845912
-3.783779e-010 0.0194215
-3.533779e-010 0.0157098
-3.283779e-010 0.0190762
-3.033779e-010 0.025809
-2.783779e-010 0.00388429
-2.533779e-010 -0.0363397
-2.283779e-010 -0.032628
-2.033779e-010 0.0275353
-1.783779e-010 0.0719025
-1.533779e-010 0.0575738
-1.283779e-010 0.0379797
-1.033779e-010 0.0607676
-7.83779e-011 0.0914966
-5.33779e-011 0.0992652
-2.83779e-011 0.12283
-3.377896e-012 0.187136
2.16221e-011 0.253774
4.66221e-011 0.306773
7.16221e-011 0.386012
9.66221e-011 0.49693
1.216221e-010 0.598181
1.466221e-010 0.694684
1.716221e-010 0.823901
1.966221e-010 0.954413
2.216221e-010 1.02899
2.466221e-010 1.07793
2.716221e-010 1.15666
2.966221e-010 1.22761
3.216221e-010 1.24064
3.466221e-010 1.24651
3.716221e-010 1.2939
3.966221e-010 1.32247
4.216221e-010 1.28475
4.466221e-010 1.24522
4.716221e-010 1.24902
4.966221e-010 1.2359
5.216221e-010 1.17918
5.466221e-010 1.15199
5.716221e-010 1.181
5.966221e-010 1.18997
6.216221e-010 1.1381
6.466221e-010 1.06844
6.716221e-010 0.995242
6.966221e-010 0.881216
7.216221e-010 0.732405
7.466221e-010 0.599907
7.716221e-010 0.493737
7.966221e-010 0.378848
8.216221e-010 0.23418
8.466221e-010 0.0587823
8.716221e-010 -0.144409
8.966221e-010 -0.355024
9.216221e-010 -0.540348
9.466221e-010 -0.688555
9.716221e-010 -0.810608
9.966221e-010 -0.912722
1.021622e-009 -0.994551
1.046622e-009 -1.06291
1.071622e-009 -1.12593
1.096622e-009 -1.17867
1.121622e-009 -1.2056
1.146622e-009 -1.20214
1.171622e-009 -1.19196
1.196622e-009 -1.20007
1.221622e-009 -1.20517
1.246622e-009 -1.16589
1.271622e-009 -1.10219
1.296622e-009 -1.07819
1.321622e-009 -1.09321
1.346622e-009 -1.08726
1.371622e-009 -1.06266
1.396622e-009 -1.07526
1.421622e-009 -1.10046
1.446622e-009 -1.05023
1.471622e-009 -0.925583
1.496622e-009 -0.805602
1.521622e-009 -0.699
1.546622e-009 -0.559942
1.571622e-009 -0.419762
1.596622e-009 -0.345702
1.621622e-009 -0.309362
1.646622e-009 -0.239186
1.671622e-009 -0.146395
1.696622e-009 -0.0724204
1.721622e-009 0.0102718
1.746622e-009 0.124556
1.771622e-009 0.203882
1.796622e-009 0.18636
1.821622e-009 0.111091
1.846622e-009 0.0463525
1.871622e-009 0.00940862
1.896622e-009 0.00647382
1.921622e-009 0.04946
1.946622e-009 0.0997831
1.971622e-009 0.0926188
1.996622e-009 0.0334912
2.021622e-009 -0.0173498
2.046622e-009 -0.0476473
2.071622e-009 -0.0859723
2.096622e-009 -0.114026
2.121622e-009 -0.0872671
2.146622e-009 -0.0273627
2.171622e-009 -0.00189899
2.196622e-009 -0.0216657
2.221622e-009 -0.0374618
2.246622e-009 -0.0287438
2.271622e-009 -0.0219247
2.296622e-009 -0.0302112
2.321622e-009 -0.0413461
2.346622e-009 -0.0594728
2.371622e-009 -0.0987473
2.396622e-009 -0.140007
2.421622e-009 -0.150883
2.446622e-009 -0.141129
2.471622e-009 -0.143287
2.496622e-009 -0.154508
2.521622e-009 -0.15166
2.546622e-009 -0.13923
2.571622e-009 -0.124125
2.596622e-009 -0.0816564
2.621622e-009 -0.00906335
2.646622e-009 0.0359081
2.671622e-009 0.0119981
2.696622e-009 -0.0429862
2.721622e-009 -0.0795848
2.746622e-009 -0.100646
2.771622e-009 -0.112558
2.796622e-009 -0.0857997
2.821622e-009 -0.0107897
2.846622e-009 0.0662056
2.871622e-009 0.0924461
2.896622e-009 0.0536032
2.921622e-009 -0.0264995
2.946622e-009 -0.0961578
2.971622e-009 -0.110228
2.996622e-009 -0.0750963
3.021622e-009 -0.02719
3.046622e-009 0.0204573
3.071622e-009 0.0589549
3.096622e-009 0.0519632
3.121622e-009 -0.0034527
3.146622e-009 -0.0416051
3.171622e-009 -0.0257226
3.196622e-009 -0.00802753
3.221622e-009 -0.023651
3.246622e-009 -0.0234784
3.271622e-009 0.0233921
3.296622e-009 0.0642203
3.321622e-009 0.0580917
3.346622e-009 0.0349586
3.371622e-009 0.0208025
3.396622e-009 -0.00569696
3.421622e-009 -0.0532579
3.446622e-009 -0.0917556
3.471622e-009 -0.094863
3.496622e-009 -0.062235
3.521622e-009 -0.00776858
3.546622e-009 0.0435041
3.571622e-009 0.0649971
3.596622e-009 0.0485105
3.621622e-009 0.00120845
3.646622e-009 -0.0595591
3.671622e-009 -0.0934819
3.696622e-009 -0.0611992
3.721622e-009 0.0190762
3.746622e-009 0.0813975
3.771622e-009 0.0874397
3.796622e-009 0.0504958
3.821622e-009 -0.00612855
3.846622e-009 -0.0613718
3.871622e-009 -0.085627
3.896622e-009 -0.0704351
3.921622e-009 -0.0489421
3.946622e-009 -0.0460073
3.971622e-009 -0.0365123
3.996622e-009 0.00759595
4.021622e-009 0.0572286
4.046622e-009 0.056538
4.071622e-009 0.00034527
4.096622e-009 -0.058437
4.121622e-009 -0.0788943
4.146622e-009 -0.0725068
4.171622e-009 -0.0598181
4.196622e-009 -0.0360807
4.221622e-009 -0.00871807
4.246622e-009 -0.0107897
4.271622e-009 -0.0340091
4.296622e-009 -0.0214068
4.321622e-009 0.0263269
4.346622e-009 0.0337502
4.371622e-009 -0.0107897
4.396622e-009 -0.0263269
4.421622e-009 0.00189899
4.446622e-009 -0.00992652
4.471622e-009 -0.0662056
4.496622e-009 -0.0648245
4.521622e-009 0.00612855
4.546622e-009 0.0390155
4.571622e-009 0.00604223
4.596622e-009 -0.0134655
4.621622e-009 -0.00690541
4.646622e-009 -0.023651
4.671622e-009 -0.0308154
4.696622e-009 0.0215794
4.721622e-009 0.0599044
4.746622e-009 0.00992652
4.771622e-009 -0.0453167
4.796622e-009 -0.0200257
4.821622e-009 0.00949493
4.846622e-009 -0.0297796
4.871622e-009 -0.0542074
4.896622e-009 0.00181267
4.921622e-009 0.0485105
4.946622e-009 0.0174361
4.971622e-009 -0.0218383
4.996622e-009 -0.0212341
5.021622e-009 -0.0276216
5.046622e-009 -0.0373755
5.071622e-009 0.014415
5.096622e-009 0.0900292
5.121622e-009 0.07665
5.146622e-009 -0.0167456
5.171622e-009 -0.0749237
5.196622e-009 -0.0654287
5.221622e-009 -0.0489421
5.246622e-009 -0.0377208
5.271622e-009 0.00820017
5.296622e-009 0.0746647
5.321622e-009 0.0990063
5.346622e-009 0.0599044
5.371622e-009 -0.00742331
5.396622e-009 -0.0601633
5.421622e-009 -0.0746647
5.446622e-009 -0.0474747
5.471622e-009 0.00664645
5.496622e-009 0.0589549
5.521622e-009 0.0757868
5.546622e-009 0.0414324
5.571622e-009 -0.0173498
5.596622e-009 -0.0548117
5.621622e-009 -0.0585233
5.646622e-009 -0.0434177
5.671622e-009 -0.00561064
5.696622e-009 0.056538
5.721622e-009 0.0960715
5.746622e-009 0.0716436
5.771622e-009 0.0195941
5.796622e-009 -0.00474747
5.821622e-009 -0.0145014
5.846622e-009 -0.0372029
5.871622e-009 -0.0361671
5.896622e-009 0.0214068
5.921622e-009 0.0797574
5.946622e-009 0.0717299
5.971622e-009 0.0257226
5.996622e-009 0.00992652
6.021622e-009 0.0218383
6.046622e-009 0.00992652
6.071622e-009 -0.0297796
6.096622e-009 -0.0492873
6.121622e-009 -0.0233057
6.146622e-009 0.020112
6.171622e-009 0.0406556
6.196622e-009 0.029348
6.221622e-009 0.00690541
6.246622e-009 -0.00854544
6.271622e-009 -0.0218383
6.296622e-009 -0.0459209
6.321622e-009 -0.0706941
6.346622e-009 -0.0626666
6.371622e-009 -0.00889071
6.396622e-009 0.0561927
6.421622e-009 0.0883892
6.446622e-009 0.0793259
6.471622e-009 0.042123
6.496622e-009 -0.0195078
6.521622e-009 -0.089425
6.546622e-009 -0.118859
6.571622e-009 -0.0821743
6.596622e-009 -0.020112
6.621622e-009 0.0230468
6.646622e-009 0.058437
6.671622e-009 0.0941725
6.696622e-009 0.0849365
6.721622e-009 0.0103581
6.746622e-009 -0.062235
6.771622e-009 -0.0684498
6.796622e-009 -0.0327144
6.821622e-009 -0.00336639
6.846622e-009 0.0233921
6.871622e-009 0.0534306
6.896622e-009 0.0507547
6.921622e-009 0.000863176
6.946622e-009 -0.0497189
6.971622e-009 -0.0588686
6.996622e-009 -0.0350449
7.021622e-009 -0.00034527
7.046622e-009 0.032887
7.071622e-009 0.0444536
7.096622e-009 0.0213204
7.121622e-009 -0.0132066
7.146622e-009 -0.0269311
7.171622e-009 -0.0192488
7.196622e-009 -0.00569696
7.221622e-009 0.00725068
7.246622e-009 0.0138971
7.271622e-009 0.0101855
7.296622e-009 0.0107897
7.321622e-009 0.0275353
7.346622e-009 0.040224
7.371622e-009 0.0282258
7.396622e-009 0.00794122
7.421622e-009 0.00310743
7.446622e-009 0.00759595
7.471622e-009 0.00742331
7.496622e-009 0
7.521622e-009 -0.0240826
7.546622e-009 -0.0673277
7.571622e-009 -0.0917556
7.596622e-009 -0.0607676
7.621622e-009 -0.00172635
7.646622e-009 0.0353039
7.671622e-009 0.0501505
7.696622e-009 0.0609402
7.721622e-009 0.0486831
7.746622e-009 0.00258953
7.771622e-009 -0.0354765
7.796622e-009 -0.0367713
7.821622e-009 -0.0315059
7.846622e-009 -0.0409145
7.871622e-009 -0.0329733
7.896622e-009 0.00992652
7.921622e-009 0.0511863
7.946622e-009 0.0588686
7.971622e-009 0.0401377
7.996622e-009 0.00414324
8.021622e-009 -0.0438493
8.046622e-009 -0.0738015
8.071622e-009 -0.0573149
8.096622e-009 -0.0133792
8.121622e-009 0.0242552
8.146622e-009 0.0580054
8.171622e-009 0.0904608
8.196622e-009 0.0819154
8.221622e-009 0.00845912
8.246622e-009 -0.0765637
8.271622e-009 -0.107293
8.296622e-009 -0.0911514
8.321622e-009 -0.0643929
8.346622e-009 -0.0139834
8.371622e-009 0.0713846
8.396622e-009 0.128009
8.421622e-009 0.0911514
8.446622e-009 0.00258953
8.471622e-009 -0.0517905
8.496622e-009 -0.0617171
8.521622e-009 -0.0599044
8.546622e-009 -0.0329733
8.571622e-009 0.0338365
8.596622e-009 0.0870081
8.621622e-009 0.073111
8.646622e-009 0.0170909
8.671622e-009 -0.0353039
8.696622e-009 -0.080189
8.721622e-009 -0.110228
8.746622e-009 -0.0938272
8.771622e-009 -0.0382387
8.796622e-009 0.00923598
8.821622e-009 0.0367713
8.846622e-009 0.0649971
8.871622e-009 0.0775132
8.896622e-009 0.0398787
8.921622e-009 -0.0296069
8.946622e-009 -0.0759595
8.971622e-009 -0.0748373
8.996622e-009 -0.0407419
9.021622e-009 0.00112213
9.046622e-009 0.0275353
9.071622e-009 0.0333186
9.096622e-009 0.0328007
9.121622e-009 0.0264132
9.146622e-009 -0.00284848
9.171622e-009 -0.041864
9.196622e-009 -0.0511
9.221622e-009 -0.0261542
9.246622e-009 0.00457483
9.271622e-009 0.040224
9.296622e-009 0.0888208
9.321622e-009 0.110141
9.346622e-009 0.0626666
9.371622e-009 -0.0182993
9.396622e-009 -0.0671551
9.421622e-009 -0.0767363
9.446622e-009 -0.0715573
9.471622e-009 -0.0455757
9.496622e-009 0.00431588
9.521622e-009 0.0371166
9.546622e-009 0.022011
9.571622e-009 -0.0122571
9.596622e-009 -0.0270174
9.621622e-009 -0.0251184
9.646622e-009 -0.0200257
9.671622e-009 -0.00164003
9.696622e-009 0.0348723
9.721622e-009 0.0643066
9.746622e-009 0.0614581
9.771622e-009 0.0283122
9.796622e-009 -0.0159688
9.821622e-009 -0.0464389
9.846622e-009 -0.0391882
9.871622e-009 0.0019853
9.896622e-009 0.0334912
9.921622e-009 0.02391
9.946622e-009 -0.00120845
9.971622e-009 -0.00699172
9.996622e-009 -0.0118255
1.002162e-008 -0.0420367
1.004662e-008 -0.0620623
1.007162e-008 -0.0297796
1.009662e-008 0.0161414
1.012162e-008 0.0156235
1.014662e-008 -0.010876
1.017162e-008 -0.0154508
1.019662e-008 -0.0207162
1.022162e-008 -0.0574875
1.024662e-008 -0.0742331
1.027162e-008 -0.0264995
1.029662e-008 0.0228742
1.032162e-008 0.0098402
1.034662e-008 -0.0134655
1.037162e-008 0.0164867
1.039662e-008 0.0522221
1.042162e-008 0.030988
1.044662e-008 -0.0131203
1.047162e-008 -0.0279669
1.049662e-008 -0.0284848
1.052162e-008 -0.0296932
1.054662e-008 -0.00379797
1.057162e-008 0.043763
1.059662e-008 0.0618897
1.062162e-008 0.0398787
1.064662e-008 0.00845912
1.067162e-008 -0.0291753
1.069662e-008 -0.071471
1.072162e-008 -0.0715573
1.074662e-008 -0.0105307
1.077162e-008 0.0476473
1.079662e-008 0.0537758
1.082162e-008 0.0423819
1.084662e-008 0.0422093
1.087162e-008 0.0202846
1.089662e-008 -0.0311606
1.092162e-008 -0.0563654
1.094662e-008 -0.0281395
1.097162e-008 0.0123434
1.099662e-008 0.0314196
1.102162e-008 0.0419503
1.104662e-008 0.0572286
1.107162e-008 0.0684498
1.109662e-008 0.065515
1.112162e-008 0.045662
1.114662e-008 0.0103581
1.117162e-008 -0.0264995
1.119662e-008 -0.0406556
1.122162e-008 -0.0160551
1.124662e-008 0.0377208
1.127162e-008 0.0799301
1.129662e-008 0.0712983
1.132162e-008 0.0230468
1.134662e-008 -0.019853
1.137162e-008 -0.0500642
1.139662e-008 -0.0884755
1.142162e-008 -0.109623
1.144662e-008 -0.0691404
1.147162e-008 0.00138108
1.149662e-008 0.0381524
1.152162e-008 0.052999
1.154662e-008 0.0788079
1.157162e-008 0.0681909
1.159662e-008 -0.0140698
1.162162e-008 -0.0820017
1.164662e-008 -0.0555022
1.167162e-008 0.00267584
1.169662e-008 0.0118255
1.172162e-008 0.00992652
1.174662e-008 0.0428135
1.177162e-008 0.0556748
1.179662e-008 0.00690541
1.182162e-008 -0.0461799
1.184662e-008 -0.0569696
1.187162e-008 -0.0541211
1.189662e-008 -0.0489421
1.192162e-008 -0.0112213
1.194662e-008 0.0424682
1.197162e-008 0.0563654
1.199662e-008 0.0278806
1.202162e-008 -0.00509274
1.204662e-008 -0.0351313
1.207162e-008 -0.0632708
1.209662e-008 -0.0643066
1.212162e-008 -0.0333186
1.214662e-008 -0.000690541
1.217162e-008 0.0278806
1.219662e-008 0.0679319
1.222162e-008 0.0936546
1.224662e-008 0.0685362
1.227162e-008 0.0190762
1.229662e-008 -0.00845912
1.232162e-008 -0.0241689
1.234662e-008 -0.0472157
1.237162e-008 -0.0493737
1.239662e-008 -0.0180404
1.242162e-008 0.0049201
1.244662e-008 0.00258953
1.247162e-008 0.0100128
1.249662e-008 0.0290027
1.252162e-008 0.0196804
1.254662e-008 -0.0110486
1.257162e-008 -0.0206299
1.259662e-008 -0.0170909
1.262162e-008 -0.0268448
1.264662e-008 -0.0191625
1.267162e-008 0.0321965
1.269662e-008 0.0729383
1.272162e-008 0.0531716
1.274662e-008 0.00940862
1.277162e-008 -0.0131203
1.279662e-008 -0.0297796
1.282162e-008 -0.0508411
1.284662e-008 -0.0455757
1.287162e-008 -0.00966757
1.289662e-008 0.0227015
1.292162e-008 0.0403103
1.294662e-008 0.0488557
1.297162e-008 0.0363397
1.299662e-008 0.0116529
1.302162e-008 0.0119981
1.304662e-008 0.0230468
1.307162e-008 -0.0132066
1.309662e-008 -0.0784627
1.312162e-008 -0.084246
1.314662e-008 -0.0192488
1.317162e-008 0.0363397
1.319662e-008 0.0458346
1.322162e-008 0.0395334
1.324662e-008 0.0246868
1.327162e-008 -0.0101855
1.329662e-008 -0.0359081
1.332162e-008 -0.0260679
1.334662e-008 -0.00699172
1.337162e-008 0.00569696
1.339662e-008 0.0387566
1.342162e-008 0.0808796
1.344662e-008 0.0723341
1.347162e-008 0.0151056
1.349662e-008 -0.0195078
1.352162e-008 -0.0137245
1.354662e-008 -0.0210615
1.357162e-008 -0.0534306
1.359662e-008 -0.0687951
1.362162e-008 -0.0644792
1.364662e-008 -0.071212
1.367162e-008 -0.070953
1.369662e-008 -0.0290027
1.372162e-008 0.0170046
1.374662e-008 0.00794122
1.377162e-008 -0.0303838
1.379662e-008 -0.0317649
1.382162e-008 -0.00647382
1.384662e-008 -0.00880439
1.387162e-008 -0.02555
1.389662e-008 -0.00034527
1.392162e-008 0.054639
1.394662e-008 0.0722478
1.397162e-008 0.0403103
1.399662e-008 0.00906335
1.402162e-008 0.00112213
1.404662e-008 -0.00466115
1.407162e-008 -0.00923598
1.409662e-008 0.00975389
1.412162e-008 0.0398787
1.414662e-008 0.042123
1.417162e-008 0.0199394
1.419662e-008 0.0134655
1.422162e-008 0.029348
1.424662e-008 0.0351313
1.427162e-008 0.0252047
1.429662e-008 0.0290027
1.432162e-008 0.0533443
1.434662e-008 0.071471
1.437162e-008 0.0719889
1.439662e-008 0.0662056
1.442162e-008 0.0517905
1.444662e-008 0.019853
1.447162e-008 -0.00604223
1.449662e-008 0.0098402
1.452162e-008 0.0588686
1.454662e-008 0.0924461
1.457162e-008 0.0850228
1.459662e-008 0.0580917
1.462162e-008 0.0410008
1.464662e-008 0.0317649
1.467162e-008 0.00690541
1.469662e-008 -0.0374618
1.472162e-008 -0.0718162
1.474662e-008 -0.0719025
1.477162e-008 -0.0511863
1.479662e-008 -0.0343544
1.482162e-008 -0.0228742
1.484662e-008 -0.0150193
1.487162e-008 -0.0253774
1.489662e-008 -0.0542938
1.492162e-008 -0.0768226
1.494662e-008 -0.0843323
1.497162e-008 -0.087785
1.499662e-008 -0.0736289
1.502162e-008 -0.0247731
1.504662e-008 0.0195941
1.507162e-008 0.00958125
1.509662e-008 -0.0288301
1.512162e-008 -0.0378934
1.514662e-008 -0.0235647
1.517162e-008 -0.022011
1.519662e-008 -0.0201983
1.522162e-008 0.00595591
1.524662e-008 0.0348723
1.527162e-008 0.0433314
1.529662e-008 0.038325
1.532162e-008 0.014415
1.534662e-008 -0.0355628
1.537162e-008 -0.0637887
1.539662e-008 -0.0239963
1.542162e-008 0.0355628
1.544662e-008 0.0441083
1.547162e-008 0.0246868
1.549662e-008 0.0286574
1.552162e-008 0.0253774
1.554662e-008 -0.0226152
1.557162e-008 -0.0577465
1.559662e-008 -0.0205436
1.562162e-008 0.0374618
1.564662e-008 0.0394471
1.567162e-008 0.00414324
1.569662e-008 -0.00759595
1.572162e-008 0.00543801
1.574662e-008 0.0078549
1.577162e-008 -0.00362534
1.579662e-008 -0.00897703
1.582162e-008 -0.0019853
1.584662e-008 0.00958125
1.587162e-008 0.0141561
1.589662e-008 0.000517905
1.592162e-008 -0.0275353
1.594662e-008 -0.0482515
1.597162e-008 -0.0489421
1.599662e-008 -0.0386703
1.602162e-008 -0.0264995
1.604662e-008 -0.00845912
1.607162e-008 0.0150193
1.609662e-008 0.0300385
1.612162e-008 0.0282258
1.614662e-008 0.0176088
1.617162e-008 0.00457483
1.619662e-008 -0.0213204
1.622162e-008 -0.0647382
1.624662e-008 -0.0958988
1.627162e-008 -0.0731973
1.629662e-008 -0.00319375
1.632162e-008 0.0583507
1.634662e-008 0.07829
1.637162e-008 0.0745784
1.639662e-008 0.0604223
1.642162e-008 0.0197667
1.644662e-008 -0.0350449
1.647162e-008 -0.0510137
1.649662e-008 -0.0124297
1.652162e-008 0.030988
1.654662e-008 0.041864
1.657162e-008 0.0350449
1.659662e-008 0.0263269
1.662162e-008 0.00742331
1.664662e-008 -0.0189899
1.667162e-008 -0.0376345
1.669662e-008 -0.0479063
1.672162e-008 -0.0508411
1.674662e-008 -0.0324554
1.677162e-008 0.00233057
1.679662e-008 0.0196804
1.682162e-008 0.0063875
1.684662e-008 -0.0166593
1.687162e-008 -0.0356492
1.689662e-008 -0.0484242
1.692162e-008 -0.0395334
1.694662e-008 -0.00630118
1.697162e-008 0.0169182
1.699662e-008 0.0102718
1.702162e-008 0.00276216
1.704662e-008 0.0153645
1.707162e-008 0.0232194
1.709662e-008 0.00612855
1.712162e-008 -0.0181267
1.714662e-008 -0.0263269
1.717162e-008 -0.0156235
1.719662e-008 0.00284848
1.722162e-008 0.00975389
1.724662e-008 -0.00112213
1.727162e-008 -0.00233057
1.729662e-008 0.0235647
1.732162e-008 0.0379797
1.734662e-008 0.00681909
1.737162e-008 -0.032887
1.739662e-008 -0.0346133
1.742162e-008 -0.0164867
1.744662e-008 -0.00811385
1.747162e-008 0.000863176
1.749662e-008 0.00707804
1.752162e-008 -0.0187309
1.754662e-008 -0.0542938
1.757162e-008 -0.0404829
1.759662e-008 0.0103581
1.762162e-008 0.0323691
1.764662e-008 0.0239963
1.767162e-008 0.0322828
1.769662e-008 0.0460936
1.772162e-008 0.0193351
1.774662e-008 -0.0307291
1.777162e-008 -0.0495463
1.779662e-008 -0.0334912
1.782162e-008 -0.0143287
1.784662e-008 0.0019853
1.787162e-008 0.0228742
1.789662e-008 0.0338365
1.792162e-008 0.0175225
1.794662e-008 -0.0168319
1.797162e-008 -0.0453167
1.799662e-008 -0.0532579
1.802162e-008 -0.0429862
1.804662e-008 -0.0249458
1.807162e-008 -0.00397061
1.809662e-008 0.0155372
1.812162e-008 0.0177814
1.814662e-008 -0.00181267
1.817162e-008 -0.0135519
1.819662e-008 0.00233057
1.822162e-008 0.0120845
1.824662e-008 -0.0151919
1.827162e-008 -0.0408282
1.829662e-008 -0.0167456
1.832162e-008 0.0307291
1.834662e-008 0.0506684
1.837162e-008 0.0499779
1.839662e-008 0.0534306
1.842162e-008 0.042123
1.844662e-008 0
1.847162e-008 -0.0397061
1.849662e-008 -0.0466978
1.852162e-008 -0.0342681
1.854662e-008 -0.0178677
1.857162e-008 0.00431588
1.859662e-008 0.0169182
1.862162e-008 -0.000863176
1.864662e-008 -0.0304701
1.867162e-008 -0.0357355
1.869662e-008 -0.0157098
1.872162e-008 0.00733699
1.874662e-008 0.0254637
1.877162e-008 0.0357355
1.879662e-008 0.0283985
1.882162e-008 0.00716436
1.884662e-008 -0.00992652
1.887162e-008 -0.0159688
1.889662e-008 -0.0141561
1.892162e-008 -0.00379797
1.894662e-008 0.0114802
1.897162e-008 0.0190762
1.899662e-008 0.0123434
1.902162e-008 -0.00880439
1.904662e-008 -0.039965
1.907162e-008 -0.0541211
1.909662e-008 -0.0200257
1.912162e-008 0.0382387
1.914662e-008 0.0592139
1.917162e-008 0.0361671
1.919662e-008 0.0155372
1.922162e-008 0.00276216
1.924662e-008 -0.0315922
1.927162e-008 -0.0624076
1.929662e-008 -0.0410008
1.932162e-008 0.00457483
1.934662e-008 0.0123434
1.937162e-008 -0.0078549
1.939662e-008 -0.0104444
1.942162e-008 -0.00474747
1.944662e-008 -0.0177814
1.947162e-008 -0.0311606
1.949662e-008 -0.0245142
1.952162e-008 -0.0141561
1.954662e-008 -0.00733699
1.957162e-008 0.0107034
1.959662e-008 0.0291753
1.962162e-008 0.0250321
1.964662e-008 0.0113076
1.967162e-008 0.00914966
1.969662e-008 0.00362534
1.972162e-008 -0.0189899
1.974662e-008 -0.0365987
1.977162e-008 -0.034786
1.979662e-008 -0.0328007
1.982162e-008 -0.0406556
1.984662e-008 -0.0408282
1.987162e-008 -0.0238237
1.989662e-008 -0.00181267
1.992162e-008 0.0137245
1.994662e-008 0.0212341
1.997162e-008 0.0246868
1.999662e-008 0.0263269
2.002162e-008 0.0192488
2.004662e-008 -0.000431588
2.007162e-008 -0.012516
2.009662e-008 0.00138108
2.012162e-008 0.0174361
2.014662e-008 0.00120845
2.017162e-008 -0.0315059
2.019662e-008 -0.0389292
2.022162e-008 -0.0169182
2.024662e-008 0.00811385
2.027162e-008 0.0187309
2.029662e-008 0.00673277
2.032162e-008 -0.0257226
2.034662e-008 -0.0511863
2.037162e-008 -0.047302
2.039662e-008 -0.0291753
2.042162e-008 -0.0119118
2.044662e-008 0.0173498
2.047162e-008 0.0495463
2.049662e-008 0.0444536
2.052162e-008 0.00630118
2.054662e-008 -0.0154508
2.057162e-008 -0.0172635
2.059662e-008 -0.0344407
2.062162e-008 -0.0470431
2.064662e-008 -0.00552432
2.067162e-008 0.0643066
2.069662e-008 0.0882166
2.072162e-008 0.0522221
2.074662e-008 -8.63176e-005
2.077162e-008 -0.0363397
2.079662e-008 -0.0428135
2.082162e-008 -0.019853
2.084662e-008 -0.00120845
2.087162e-008 -0.0124297
2.089662e-008 -0.0148466
2.092162e-008 0.0287438
2.094662e-008 0.0693993
2.097162e-008 0.0441946
2.099662e-008 -0.0155372
2.102162e-008 -0.0386703
2.104662e-008 -0.0218383
2.107162e-008 -0.00595591
2.109662e-008 0.00207162
2.112162e-008 0.0211478
2.114662e-008 0.051359
2.117162e-008 0.071212
2.119662e-008 0.0582644
2.122162e-008 0.0129476
2.124662e-008 -0.0275353
2.127162e-008 -0.0298659
2.129662e-008 -0.0140698
2.132162e-008 -0.0119981
2.134662e-008 -0.00707804
2.137162e-008 0.0183856
2.139662e-008 0.0263269
2.142162e-008 -0.00483378
2.144662e-008 -0.0210615
2.147162e-008 0.0112213
2.149662e-008 0.0360807
2.152162e-008 0.012516
2.154662e-008 -0.0131203
2.157162e-008 -0.00379797
2.159662e-008 0.00604223
2.162162e-008 -0.00854544
2.164662e-008 -0.0218383
2.167162e-008 -0.0233057
2.169662e-008 -0.027449
2.172162e-008 -0.0202846
2.174662e-008 0.0155372
2.177162e-008 0.0450578
2.179662e-008 0.0288301
2.182162e-008 -0.0119118
2.184662e-008 -0.0395334
2.187162e-008 -0.0542938
2.189662e-008 -0.0579191
2.192162e-008 -0.0303838
2.194662e-008 0.0182993
2.197162e-008 0.0365123
2.199662e-008 0.00457483
2.202162e-008 -0.030988
2.204662e-008 -0.0232194
2.207162e-008 0.0129476
2.209662e-008 0.0269311
2.212162e-008 -0.000258953
2.214662e-008 -0.0376345
2.217162e-008 -0.0489421
2.219662e-008 -0.0333186
2.222162e-008 -0.010876
2.224662e-008 0.0083728
2.227162e-008 0.0228742
2.229662e-008 0.0284848
2.232162e-008 0.0244279
2.234662e-008 0.0107897
2.237162e-008 -0.0189035
2.239662e-008 -0.0566243
2.242162e-008 -0.0670688
2.244662e-008 -0.0333186
2.247162e-008 0.00871807
2.249662e-008 0.020112
2.252162e-008 0.0107897
2.254662e-008 0.00543801
2.257162e-008 -0.000949493
2.259662e-008 -0.0199394
2.262162e-008 -0.0349586
2.264662e-008 -0.021752
2.267162e-008 0.0138971
2.269662e-008 0.0382387
2.272162e-008 0.0309017
2.274662e-008 0.0151056
2.277162e-008 0.0197667
2.279662e-008 0.0203709
2.282162e-008 -0.0223563
2.284662e-008 -0.0713846
2.287162e-008 -0.0561927
2.289662e-008 0.00103581
2.292162e-008 0.0204573
2.294662e-008 0.00871807
2.297162e-008 0.0246005
2.299662e-008 0.0410008
2.302162e-008 0.000604223
2.304662e-008 -0.0486831
2.307162e-008 -0.0359944
2.309662e-008 -0.00431588
2.312162e-008 -0.0158824
2.314662e-008 -0.0294343
2.317162e-008 -0.0029348
2.319662e-008 0.0155372
2.322162e-008 0.000776858
2.324662e-008 0.00129476
2.327162e-008 0.0126024
2.329662e-008 -0.0277079
2.332162e-008 -0.0936546
2.334662e-008 -0.0964167
2.337162e-008 -0.0462662
2.339662e-008 -0.016573
2.342162e-008 0.00328007
2.344662e-008 0.0518769
2.347162e-008 0.0743194
2.349662e-008 0.0155372
2.352162e-008 -0.0577465
2.354662e-008 -0.0607676
2.357162e-008 -0.0191625
2.359662e-008 0.00707804
2.362162e-008 0.0201983
2.364662e-008 0.0325417
2.367162e-008 0.0199394
2.369662e-008 -0.0176088
2.372162e-008 -0.0384113
2.374662e-008 -0.0303838
2.377162e-008 -0.025809
2.379662e-008 -0.0354765
2.382162e-008 -0.0362534
2.384662e-008 -0.0210615
2.387162e-008 -0.00552432
2.389662e-008 0.00820017
2.392162e-008 0.030988
2.394662e-008 0.0536895
2.397162e-008 0.0503231
2.399662e-008 0.0186446
2.402162e-008 -0.0118255
2.404662e-008 -0.0183856
2.407162e-008 -0.00906335
2.409662e-008 0.00371166
2.412162e-008 0.0247731
2.414662e-008 0.04946
2.417162e-008 0.0469568
2.419662e-008 0.00612855
2.422162e-008 -0.0325417
2.424662e-008 -0.0310743
2.427162e-008 -0.00897703
2.429662e-008 -0.00215794
2.432162e-008 -0.00207162
2.434662e-008 0.0147603
2.437162e-008 0.0318512
2.439662e-008 0.0195078
2.442162e-008 -0.00854544
2.444662e-008 -0.0157098
2.447162e-008 0.000517905
2.449662e-008 0.0126024
2.452162e-008 0.00975389
2.454662e-008 0.00405693
2.457162e-008 -0.000604223
2.459662e-008 -0.0148466
2.462162e-008 -0.0368576
2.464662e-008 -0.0447988
2.467162e-008 -0.0256363
2.469662e-008 0.00716436
2.472162e-008 0.0324554
2.474662e-008 0.0432451
2.477162e-008 0.0391019
2.479662e-008 0.0170046
2.482162e-008 -0.0152782
2.484662e-008 -0.036685
2.487162e-008 -0.0372892
2.489662e-008 -0.0273627
2.492162e-008 -0.0134655
2.494662e-008 0.00733699
2.497162e-008 0.0267584
2.499662e-008 0.0260679
2.502162e-008 0.00233057
2.504662e-008 -0.0302975
2.507162e-008 -0.0585233
2.509662e-008 -0.0682772
2.512162e-008 -0.0468704
2.514662e-008 -0.00794122
2.517162e-008 0.0135519
2.519662e-008 0.00923598
2.522162e-008 0.00526537
2.524662e-008 0.0114802
2.527162e-008 0.00578328
2.529662e-008 -0.0191625
2.532162e-008 -0.0370302
2.534662e-008 -0.0289164
2.537162e-008 -0.00854544
2.539662e-008 0.00414324
2.542162e-008 0.0134655
2.544662e-008 0.0381524
2.547162e-008 0.0726794
2.549662e-008 0.074751
2.552162e-008 0.0185583
2.554662e-008 -0.0515316
2.557162e-008 -0.0684498
2.559662e-008 -0.0356492
2.562162e-008 -0.00750963
2.564662e-008 0.00647382
2.567162e-008 0.036426
2.569662e-008 0.0656014
2.572162e-008 0.045662
2.574662e-008 -0.0140698
2.577162e-008 -0.0579191
2.579662e-008 -0.065774
2.582162e-008 -0.0502368
2.584662e-008 -0.00871807
2.587162e-008 0.047561
2.589662e-008 0.0647382
2.592162e-008 0.0157961
2.594662e-008 -0.0439356
2.597162e-008 -0.0470431
2.599662e-008 -0.000776858
2.602162e-008 0.0357355
2.604662e-008 0.0266721
2.607162e-008 -0.00923598
2.609662e-008 -0.0238237
2.612162e-008 0.00604223
2.614662e-008 0.0444536
2.617162e-008 0.0414324
2.619662e-008 0.00992652
2.622162e-008 0.00310743
2.624662e-008 0.0185583
2.627162e-008 0.00258953
2.629662e-008 -0.0451441
2.632162e-008 -0.0616307
2.634662e-008 -0.0300385
2.637162e-008 -0.00224426
2.639662e-008 0.00129476
2.642162e-008 0.0107034
2.644662e-008 0.0175225
2.647162e-008 -0.0190762
2.649662e-008 -0.067414
2.652162e-008 -0.0511
2.654662e-008 0.0148466
2.657162e-008 0.045403
2.659662e-008 0.032887
2.662162e-008 0.0325417
2.664662e-008 0.0310743
2.667162e-008 -0.0171772
2.669662e-008 -0.0644792
2.672162e-008 -0.0414324
2.674662e-008 0.00422956
2.677162e-008 -0.00500642
2.679662e-008 -0.0289164
2.682162e-008 -0.00284848
2.684662e-008 0.0244279
2.687162e-008 -0.00828649
2.689662e-008 -0.0453167
2.692162e-008 -0.0209752
2.694662e-008 0.0186446
2.697162e-008 0.00802753
2.699662e-008 -0.0296069
2.702162e-008 -0.0427272
2.704662e-008 -0.0266721
2.707162e-008 -0.000949493
2.709662e-008 0.0177814
2.712162e-008 0.0166593
2.714662e-008 0.00871807
2.717162e-008 0.0162277
2.719662e-008 0.0164867
2.722162e-008 -0.0223563
2.724662e-008 -0.0602497
2.727162e-008 -0.0391019
2.729662e-008 0.0150193
2.732162e-008 0.0453167
2.734662e-008 0.058178
2.737162e-008 0.0649108
2.739662e-008 0.0278806
2.742162e-008 -0.045403
2.744662e-008 -0.0753552
2.747162e-008 -0.0462662
2.749662e-008 -0.0306427
2.752162e-008 -0.0361671
2.754662e-008 0.00681909
2.757162e-008 0.0845049
2.759662e-008 0.100128
2.762162e-008 0.0426409
2.764662e-008 -0.00811385
2.767162e-008 -0.0270174
2.769662e-008 -0.0483378
2.772162e-008 -0.0614581
2.774662e-008 -0.0313333
2.777162e-008 0.0212341
2.779662e-008 0.0511863
2.782162e-008 0.0498052
2.784662e-008 0.025291
2.787162e-008 -0.0131203
2.789662e-008 -0.0353902
2.792162e-008 -0.0233921
2.794662e-008 -0.00940862
2.797162e-008 -0.0189899
2.799662e-008 -0.0196804
2.802162e-008 0.0153645
2.804662e-008 0.0533443
2.807162e-008 0.0583507
2.809662e-008 0.0351313
2.812162e-008 -0.00543801
2.814662e-008 -0.0561927
2.817162e-008 -0.0851091
2.819662e-008 -0.064134
2.822162e-008 -0.013034
2.824662e-008 0.0311606
2.827162e-008 0.0557612
2.829662e-008 0.0561927
2.832162e-008 0.0298659
2.834662e-008 -0.00310743
2.837162e-008 -0.0227015
2.839662e-008 -0.0384976
2.842162e-008 -0.0514453
2.844662e-008 -0.0336639
2.847162e-008 0.00897703
2.849662e-008 0.0234784
2.852162e-008 -0.0034527
2.854662e-008 -0.0251184
2.857162e-008 -0.0199394
2.859662e-008 -0.0145014
2.862162e-008 -0.019853
2.864662e-008 -0.0208025
2.867162e-008 -0.0159688
2.869662e-008 -0.0115666
2.872162e-008 -0.00681909
2.874662e-008 -0.0126024
2.877162e-008 -0.0313333
2.879662e-008 -0.0275353
2.882162e-008 0.014415
2.884662e-008 0.0428135
2.887162e-008 0.0244279
2.889662e-008 0.0078549
2.892162e-008 0.02391
2.894662e-008 0.0208889
2.897162e-008 -0.0262405
2.899662e-008 -0.0555885
2.902162e-008 -0.0302975
2.904662e-008 0.00371166
2.907162e-008 0.011135
2.909662e-008 0.00906335
2.912162e-008 0.00630118
2.914662e-008 -0.00422956
2.917162e-008 -0.00889071
2.919662e-008 -0.00431588
2.922162e-008 -0.0193351
2.924662e-008 -0.0498052
2.927162e-008 -0.0466115
2.929662e-008 -0.00794122
2.932162e-008 0.00699172
2.934662e-008 -0.0178677
2.937162e-008 -0.0319375
2.939662e-008 -0.0119118
2.942162e-008 0.00871807
2.944662e-008 0.0103581
2.947162e-008 0.0118255
2.949662e-008 0.0231331
2.952162e-008 0.0303838
2.954662e-008 0.025291
2.957162e-008 0.0134655
2.959662e-008 -0.00034527
2.962162e-008 -0.0145877
2.964662e-008 -0.0233921
2.967162e-008 -0.0203709
2.969662e-008 -0.0106171
2.972162e-008 -0.00871807
2.974662e-008 -0.0173498
2.977162e-008 -0.0218383
2.979662e-008 -0.0170909
2.982162e-008 -0.018472
2.984662e-008 -0.0304701
2.987162e-008 -0.0322828
2.989662e-008 -0.0128613
2.992162e-008 0.0110486
2.994662e-008 0.0228742
2.997162e-008 0.0153645
2.999662e-008 -0.0171772
3.002162e-008 -0.0542938
3.004662e-008 -0.0504095
3.007162e-008 -0.0078549
3.009662e-008 0.0112213
3.012162e-008 -0.00681909
3.014662e-008 0.000949493
3.017162e-008 0.0447125
3.019662e-008 0.0487694
3.022162e-008 -0.00258953
3.024662e-008 -0.0241689
3.027162e-008 0.0112213
3.029662e-008 0.0257226
3.032162e-008 -0.0124297
3.034662e-008 -0.0384113
3.037162e-008 -0.0210615
3.039662e-008 -0.00241689
3.042162e-008 0.00276216
3.044662e-008 0.0207162
3.047162e-008 0.0431588
3.049662e-008 0.0425546
3.052162e-008 0.0322828
3.054662e-008 0.0313333
3.057162e-008 0.016573
3.059662e-008 -0.0280532
3.062162e-008 -0.0678456
3.064662e-008 -0.0632708
3.067162e-008 -0.0169182
3.069662e-008 0.0365123
3.072162e-008 0.0558475
3.074662e-008 0.0262405
3.077162e-008 -0.0159688
3.079662e-008 -0.0276216
3.082162e-008 -0.0191625
3.084662e-008 -0.0212341
3.087162e-008 -0.0231331
3.089662e-008 -0.00621487
3.092162e-008 0.0117392
3.094662e-008 0.0191625
3.097162e-008 0.0272764
3.099662e-008 0.0156235
3.102162e-008 -0.0422956
3.104662e-008 -0.0957262
3.107162e-008 -0.0743194
3.109662e-008 -0.0102718
3.112162e-008 0.0199394
3.114662e-008 0.021752
3.117162e-008 0.0317649
3.119662e-008 0.0261542
3.122162e-008 -0.00897703
3.124662e-008 -0.0219247
3.127162e-008 0.00250321
3.129662e-008 0.0106171
3.132162e-008 -0.00310743
3.134662e-008 0.0102718
3.137162e-008 0.0353039
3.139662e-008 0.0220973
3.142162e-008 0.00112213
3.144662e-008 0.020112
3.147162e-008 0.0363397
3.149662e-008 0.00906335
3.152162e-008 -0.00673277
3.154662e-008 0.0221836
3.157162e-008 0.0315922
3.159662e-008 -0.00733699
3.162162e-008 -0.0302112
3.164662e-008 -0.0151919
3.167162e-008 -0.0174361
3.169662e-008 -0.0424682
3.172162e-008 -0.0371166
3.174662e-008 -0.0063875
3.177162e-008 -0.00138108
3.179662e-008 -0.0174361
3.182162e-008 -0.0188172
3.184662e-008 -0.0143287
3.187162e-008 -0.0201983
3.189662e-008 -0.014415
3.192162e-008 0.0126024
3.194662e-008 0.0302975
3.197162e-008 0.0208889
3.199662e-008 -0.00414324
3.202162e-008 -0.0367713
3.204662e-008 -0.0630118
3.207162e-008 -0.0503231
3.209662e-008 0.00500642
3.212162e-008 0.056538
3.214662e-008 0.0683635
3.217162e-008 0.0481652
3.219662e-008 0.0104444
3.222162e-008 -0.0333186
3.224662e-008 -0.054898
3.227162e-008 -0.0404829
3.229662e-008 -0.018213
3.232162e-008 -0.00940862
3.234662e-008 0.0029348
3.237162e-008 0.0176088
3.239662e-008 -0.000258953
3.242162e-008 -0.0416914
3.244662e-008 -0.0467841
3.247162e-008 -0.00759595
3.249662e-008 0.012775
3.252162e-008 -0.0078549
3.254662e-008 -0.0170909
3.257162e-008 0.0100128
3.259662e-008 0.0306427
3.262162e-008 0.0176951
3.264662e-008 0.00120845
3.267162e-008 0.00647382
3.269662e-008 0.0171772
3.272162e-008 0.0145877
3.274662e-008 0.0029348
3.277162e-008 -0.0093223
3.279662e-008 -0.020112
3.282162e-008 -0.025809
3.284662e-008 -0.0225289
3.287162e-008 -0.0128613
3.289662e-008 -0.00630118
3.292162e-008 -0.0151919
3.294662e-008 -0.0413461
3.297162e-008 -0.0630118
3.299662e-008 -0.0553296
3.302162e-008 -0.0259816
3.304662e-008 -0.00422956
3.307162e-008 0.00215794
3.309662e-008 0.0100128
3.312162e-008 0.0229605
3.314662e-008 0.0246868
3.317162e-008 0.0101855
3.319662e-008 -0.00181267
3.322162e-008 0.00388429
3.324662e-008 0.0132929
3.327162e-008 -0.00181267
3.329662e-008 -0.0392745
3.332162e-008 -0.0574012
3.334662e-008 -0.029089
3.337162e-008 0.014674
3.339662e-008 0.0297796
3.342162e-008 0.0208025
3.344662e-008 0.0162277
3.347162e-008 0.0109623
3.349662e-008 -0.014674
3.352162e-008 -0.0450578
3.354662e-008 -0.0484242
3.357162e-008 -0.02555
3.359662e-008 -0.00215794
3.362162e-008 0.00889071
3.364662e-008 0.0129476
3.367162e-008 0.0151056
3.369662e-008 0.0116529
3.372162e-008 -0.00414324
3.374662e-008 -0.0241689
3.377162e-008 -0.0233057
3.379662e-008 0.00578328
3.382162e-008 0.0319375
3.384662e-008 0.0273627
3.387162e-008 0.00690541
3.389662e-008 -0.00422956
3.392162e-008 -0.0101855
3.394662e-008 -0.0219247
3.397162e-008 -0.0298659
3.399662e-008 -0.0225289
3.402162e-008 -0.00397061
3.404662e-008 0.0123434
3.407162e-008 0.00906335
3.409662e-008 -0.0182993
3.412162e-008 -0.0395334
3.414662e-008 -0.0241689
3.417162e-008 0.00474747
3.419662e-008 0.00699172
3.422162e-008 -0.00474747
3.424662e-008 -0.0019853
3.427162e-008 -0.00561064
3.429662e-008 -0.0328007
3.432162e-008 -0.0391019
3.434662e-008 8.63176e-005
3.437162e-008 0.029089
3.439662e-008 0.00949493
3.442162e-008 -0.0142424
3.444662e-008 -0.00699172
3.447162e-008 0.00189899
3.449662e-008 -0.00336639
3.452162e-008 -0.000431588
3.454662e-008 0.00517905
3.457162e-008 -0.00707804
3.459662e-008 -0.0136382
3.462162e-008 0.00276216
3.464662e-008 0.00103581
3.467162e-008 -0.0339228
3.469662e-008 -0.0414324
3.472162e-008 0.00224426
3.474662e-008 0.0304701
3.477162e-008 0.0093223
3.479662e-008 -0.00750963
3.482162e-008 0.00845912
3.484662e-008 0.0175225
3.487162e-008 0.00362534
3.489662e-008 -0.00267584
3.492162e-008 0.00733699
3.494662e-008 0.0203709
3.497162e-008 0.0358218
3.499662e-008 0.0388429
3.502162e-008 0.00621487
3.504662e-008 -0.0269311
3.507162e-008 -0.00353902
3.509662e-008 0.0441946
3.512162e-008 0.0365987
3.514662e-008 -0.0140698
3.517162e-008 -0.0344407
3.519662e-008 -0.0218383
3.522162e-008 -0.0182993
3.524662e-008 -0.0114802
3.527162e-008 0.0215794
3.529662e-008 0.0448851
3.532162e-008 0.0325417
3.534662e-008 0.0187309
3.537162e-008 0.0179541
3.539662e-008 -0.00431588
3.542162e-008 -0.0428998
3.544662e-008 -0.0422093
3.547162e-008 0.00500642
3.549662e-008 0.0462662
3.552162e-008 0.0534306
3.554662e-008 0.0410872
3.557162e-008 0.022011
3.559662e-008 0.00362534
3.562162e-008 -0.00276216
3.564662e-008 0.00103581
3.567162e-008 0.00776858
3.569662e-008 0.0242552
3.572162e-008 0.0477336
3.574662e-008 0.0496326
3.577162e-008 0.019853
3.579662e-008 -0.0132929
3.582162e-008 -0.0275353
3.584662e-008 -0.0250321
3.587162e-008 -0.00854544
3.589662e-008 0.0162277
3.592162e-008 0.0301248
3.594662e-008 0.0285711
3.597162e-008 0.0224426
3.599662e-008 0.00284848
3.602162e-008 -0.034786
3.604662e-008 -0.049201
3.607162e-008 -0.0148466
3.609662e-008 0.0164003
3.612162e-008 0.00241689
3.614662e-008 -0.0113939
3.617162e-008 0.00958125
3.619662e-008 0.0145014
3.622162e-008 -0.0191625
3.624662e-008 -0.023651
3.627162e-008 0.0244279
3.629662e-008 0.0430725
3.632162e-008 -0.0058696
3.634662e-008 -0.0445399
3.637162e-008 -0.018472
3.639662e-008 0.0212341
3.642162e-008 0.0224426
3.644662e-008 0.00681909
3.647162e-008 0.00379797
3.649662e-008 0.00241689
3.652162e-008 -0.0126024
3.654662e-008 -0.0324554
3.657162e-008 -0.0410872
3.659662e-008 -0.027449
3.662162e-008 0.00699172
3.664662e-008 0.0408282
3.667162e-008 0.0479063
3.669662e-008 0.0262405
3.672162e-008 -0.000604223
3.674662e-008 -0.0098402
3.677162e-008 -0.00112213
3.679662e-008 0.00681909
3.682162e-008 0.00414324
3.684662e-008 0.00811385
3.687162e-008 0.0287438
3.689662e-008 0.0384976
3.692162e-008 0.0162277
3.694662e-008 -0.00733699
3.697162e-008 -0.0044022
3.699662e-008 -0.00535169
3.702162e-008 -0.0327144
3.704662e-008 -0.0422956
3.707162e-008 -0.00431588
3.709662e-008 0.0264995
3.712162e-008 -0.000431588
3.714662e-008 -0.0497189
3.717162e-008 -0.071471
3.719662e-008 -0.0725931
3.722162e-008 -0.0652561
3.724662e-008 -0.032628
3.727162e-008 0.0175225
3.729662e-008 0.0474747
3.732162e-008 0.0480789
3.734662e-008 0.0337502
3.737162e-008 -0.000431588
3.739662e-008 -0.0482515
3.742162e-008 -0.0644792
3.744662e-008 -0.031247
3.747162e-008 0.00716436
3.749662e-008 0.0173498
3.752162e-008 0.0157098
3.754662e-008 0.0164867
3.757162e-008 0.0145877
3.759662e-008 0.0170909
3.762162e-008 0.02555
3.764662e-008 0.0202846
3.767162e-008 0.00759595
3.769662e-008 0.0195941
3.772162e-008 0.0374618
3.774662e-008 0.0133792
3.777162e-008 -0.0277079
3.779662e-008 -0.0250321
3.782162e-008 0
3.784662e-008 -0.00794122
3.787162e-008 -0.0241689
3.789662e-008 -0.00690541
3.792162e-008 0.00802753
3.794662e-008 -0.00448851
3.797162e-008 0.00664645
3.799662e-008 0.0476473
3.802162e-008 0.0394471
3.804662e-008 -0.0247731
3.807162e-008 -0.051359
3.809662e-008 -0.021752
3.812162e-008 -0.0138971
3.814662e-008 -0.0339228
3.817162e-008 -0.0132066
3.819662e-008 0.036426
3.822162e-008 0.0403966
3.824662e-008 0.00164003
3.827162e-008 -0.0233057
3.829662e-008 -0.0308154
3.832162e-008 -0.038325
3.834662e-008 -0.0272764
3.837162e-008 0.00164003
3.839662e-008 0.0098402
3.842162e-008 -0.00215794
3.844662e-008 0.00207162
3.847162e-008 0.014415
3.849662e-008 0.00362534
3.852162e-008 -0.0123434
3.854662e-008 -0.00690541
3.857162e-008 -8.63176e-005
3.859662e-008 -0.00284848
3.862162e-008 0.016314
3.864662e-008 0.0539485
3.867162e-008 0.0538622
3.869662e-008 0.0049201
3.872162e-008 -0.0372029
3.874662e-008 -0.0406556
3.877162e-008 -0.0241689
3.879662e-008 -0.00578328
3.882162e-008 0.00319375
3.884662e-008 -0.0122571
3.887162e-008 -0.0323691
3.889662e-008 -0.0149329
3.892162e-008 0.018213
3.894662e-008 -0.000863176
3.897162e-008 -0.0593002
3.899662e-008 -0.0665508
3.902162e-008 -0.00526537
3.904662e-008 0.0425546
3.907162e-008 0.0352176
3.909662e-008 0.0133792
3.912162e-008 -0.000776858
3.914662e-008 -0.0267584
3.917162e-008 -0.0508411
3.919662e-008 -0.0363397
3.922162e-008 0.000604223
3.924662e-008 0.0153645
3.927162e-008 0.0121708
3.929662e-008 0.0207162
3.932162e-008 0.0302975
3.934662e-008 0.0136382
3.937162e-008 -0.0164867
3.939662e-008 -0.0297796
3.942162e-008 -0.0258953
3.944662e-008 -0.0227878
3.947162e-008 -0.0222699
3.949662e-008 -0.00966757
3.952162e-008 0.0231331
3.954662e-008 0.056538
3.957162e-008 0.0530853
3.959662e-008 0.00742331
3.962162e-008 -0.0322828
3.964662e-008 -0.0316785
3.967162e-008 -0.0244279
3.969662e-008 -0.0449715
3.972162e-008 -0.0579191
3.974662e-008 -0.0242552
3.977162e-008 0.0189035
3.979662e-008 0.0223563
3.982162e-008 0.00716436
3.984662e-008 0.0078549
3.987162e-008 0.00483378
3.989662e-008 -0.0199394
3.992162e-008 -0.0363397
3.994662e-008 -0.0308154
3.997162e-008 -0.030988
3.999662e-008 -0.0314196
4.002162e-008 0.00457483
