LECROYSDA18000 15238 Waveform
Segments 1 SegmentSize 2002
Segment TrigTime TimeSinceSegment1
#1 02-Nov-2018 13:19:49 0                 
Time Ampl
-1.002035e-008 0.0316785
-9.995349e-009 0.0153645
-9.970349e-009 -0.00742331
-9.945349e-009 -0.0106171
-9.920349e-009 -0.00207162
-9.895349e-009 -0.00414324
-9.870349e-009 -0.0078549
-9.845349e-009 -0.00103581
-9.820349e-009 -0.000690541
-9.795349e-009 -0.0107897
-9.770349e-009 -0.0113076
-9.745349e-009 -0.00733699
-9.720349e-009 -0.0169182
-9.695349e-009 -0.0156235
-9.670349e-009 0.0202846
-9.645349e-009 0.0502368
-9.620349e-009 0.0336639
-9.595349e-009 0.00181267
-9.570349e-009 -0.010876
-9.545349e-009 -0.0227015
-9.520349e-009 -0.0375481
-9.495349e-009 -0.0221836
-9.470349e-009 0.014674
-9.445349e-009 0.02391
-9.420349e-009 0.0044022
-9.395349e-009 -0.00509274
-9.370349e-009 -0.00120845
-9.345349e-009 -0.00207162
-9.320349e-009 -0.00552432
-9.295349e-009 -0.0143287
-9.270349e-009 -0.0378934
-9.245349e-009 -0.0495463
-9.220349e-009 -0.0233057
-9.195349e-009 0.00664645
-9.170349e-009 0.00535169
-9.145349e-009 -0.0034527
-9.120349e-009 -0.0044022
-9.095349e-009 -0.0227878
-9.070349e-009 -0.0438493
-9.045349e-009 -0.0245142
-9.020349e-009 0.0044022
-8.995349e-009 -0.0098402
-8.970349e-009 -0.0272764
-8.945349e-009 -0.00181267
-8.920349e-009 0.00914966
-8.895349e-009 -0.0309017
-8.870349e-009 -0.0387566
-8.845349e-009 0.0244279
-8.820349e-009 0.0616307
-8.795349e-009 0.0196804
-8.770349e-009 -0.0245142
-8.745349e-009 -0.0250321
-8.720349e-009 -0.0216657
-8.695349e-009 -0.020112
-8.670349e-009 0.00353902
-8.645349e-009 0.0132066
-8.620349e-009 -0.0179541
-8.595349e-009 -0.0365123
-8.570349e-009 -0.0158824
-8.545349e-009 -0.00595591
-8.520349e-009 -0.016573
-8.495349e-009 -0.00604223
-8.470349e-009 0.00880439
-8.445349e-009 -0.00535169
-8.420349e-009 -0.00379797
-8.395349e-009 0.0384976
-8.370349e-009 0.0466978
-8.345349e-009 -0.00656014
-8.320349e-009 -0.0335775
-8.295349e-009 -0.00233057
-8.270349e-009 0.0113076
-8.245349e-009 -0.0123434
-8.220349e-009 -0.0151056
-8.195349e-009 0.00120845
-8.170349e-009 -0.00319375
-8.145349e-009 -0.00552432
-8.120349e-009 0.0113939
-8.095349e-009 -0.00034527
-8.070349e-009 -0.0387566
-8.045349e-009 -0.032628
-8.020349e-009 0.00794122
-7.995349e-009 0.00362534
-7.970349e-009 -0.0284848
-7.945349e-009 -0.013034
-7.920349e-009 0.022011
-7.895349e-009 0.00828649
-7.870349e-009 -0.0203709
-7.845349e-009 -0.00578328
-7.820349e-009 0.0221836
-7.795349e-009 0.0240826
-7.770349e-009 0.016573
-7.745349e-009 0.00250321
-7.720349e-009 -0.0329733
-7.695349e-009 -0.0529127
-7.670349e-009 -0.0226152
-7.645349e-009 0.011135
-7.620349e-009 0.00310743
-7.595349e-009 -0.0143287
-7.570349e-009 -0.0167456
-7.545349e-009 -0.0315922
-7.520349e-009 -0.051359
-7.495349e-009 -0.036685
-7.470349e-009 -0.0106171
-7.445349e-009 -0.0185583
-7.420349e-009 -0.0302112
-7.395349e-009 -0.00474747
-7.370349e-009 0.0197667
-7.345349e-009 0.00880439
-7.320349e-009 0.00172635
-7.295349e-009 0.0196804
-7.270349e-009 0.0201983
-7.245349e-009 -0.00621487
-7.220349e-009 -0.0182993
-7.195349e-009 -0.0142424
-7.170349e-009 -0.0227878
-7.145349e-009 -0.0267584
-7.120349e-009 -0.00457483
-7.095349e-009 0.00966757
-7.070349e-009 -0.00552432
-7.045349e-009 -0.0100128
-7.020349e-009 0.0134655
-6.995349e-009 0.0248595
-6.970349e-009 0.0157098
-6.945349e-009 0.0202846
-6.920349e-009 0.0292617
-6.895349e-009 0.00742331
-6.870349e-009 -0.0195078
-6.845349e-009 -0.00940862
-6.820349e-009 0.00759595
-6.795349e-009 -0.0098402
-6.770349e-009 -0.0254637
-6.745349e-009 0.00103581
-6.720349e-009 0.0290027
-6.695349e-009 0.0159688
-6.670349e-009 -0.0044022
-6.645349e-009 0.00138108
-6.620349e-009 0.00310743
-6.595349e-009 -0.0151919
-6.570349e-009 -0.00923598
-6.545349e-009 0.0351313
-6.520349e-009 0.0596454
-6.495349e-009 0.0332323
-6.470349e-009 0.00422956
-6.445349e-009 0.00707804
-6.420349e-009 0.00733699
-6.395349e-009 -0.0170046
-6.370349e-009 -0.0282258
-6.345349e-009 -0.00699172
-6.320349e-009 0.0058696
-6.295349e-009 -0.0135519
-6.270349e-009 -0.0321101
-6.245349e-009 -0.029089
-6.220349e-009 -0.027449
-6.195349e-009 -0.0321965
-6.170349e-009 -0.018472
-6.145349e-009 0.00517905
-6.120349e-009 0.00164003
-6.095349e-009 -0.0211478
-6.070349e-009 -0.021752
-6.045349e-009 -0.00258953
-6.020349e-009 0.0014674
-5.995349e-009 -0.00604223
-5.970349e-009 0.00241689
-5.945349e-009 0.0195078
-5.920349e-009 0.0232194
-5.895349e-009 0.0227878
-5.870349e-009 0.0310743
-5.845349e-009 0.0298659
-5.820349e-009 0.00362534
-5.795349e-009 -0.0260679
-5.770349e-009 -0.0319375
-5.745349e-009 -0.0195941
-5.720349e-009 -0.0128613
-5.695349e-009 -0.0186446
-5.670349e-009 -0.0189899
-5.645349e-009 -0.000949493
-5.620349e-009 0.0170046
-5.595349e-009 0.0103581
-5.570349e-009 -0.00552432
-5.545349e-009 0.00250321
-5.520349e-009 0.0227878
-5.495349e-009 0.016573
-5.470349e-009 -0.00845912
-5.445349e-009 -0.0126024
-5.420349e-009 0.000431588
-5.395349e-009 -0.000776858
-5.370349e-009 -0.00750963
-5.345349e-009 0.00595591
-5.320349e-009 0.0225289
-5.295349e-009 0.0157098
-5.270349e-009 0.00457483
-5.245349e-009 0.0151056
-5.220349e-009 0.0286574
-5.195349e-009 0.0205436
-5.170349e-009 0.00500642
-5.145349e-009 0.00422956
-5.120349e-009 0.0114802
-5.095349e-009 0.00880439
-5.070349e-009 -0.00664645
-5.045349e-009 -0.0264995
-5.020349e-009 -0.0428135
-4.995349e-009 -0.0491147
-4.970349e-009 -0.0403966
-4.945349e-009 -0.0161414
-4.920349e-009 0.0121708
-4.895349e-009 0.0247731
-4.870349e-009 0.0179541
-4.845349e-009 0.0135519
-4.820349e-009 0.0240826
-4.795349e-009 0.0311606
-4.770349e-009 0.0212341
-4.745349e-009 0.0105307
-4.720349e-009 0.0101855
-4.695349e-009 0.00707804
-4.670349e-009 -0.00371166
-4.645349e-009 -0.00863176
-4.620349e-009 -0.00733699
-4.595349e-009 -0.0100992
-4.570349e-009 -0.0098402
-4.545349e-009 0.00129476
-4.520349e-009 0.00889071
-4.495349e-009 0.00664645
-4.470349e-009 0.0140698
-4.445349e-009 0.0315059
-4.420349e-009 0.0265858
-4.395349e-009 -0.00647382
-4.370349e-009 -0.0288301
-4.345349e-009 -0.0187309
-4.320349e-009 -0.000431588
-4.295349e-009 0.00215794
-4.270349e-009 -0.00310743
-4.245349e-009 0.00129476
-4.220349e-009 0.018213
-4.195349e-009 0.0315922
-4.170349e-009 0.0169182
-4.145349e-009 -0.0262405
-4.120349e-009 -0.0560201
-4.095349e-009 -0.0374618
-4.070349e-009 0.0044022
-4.045349e-009 0.0216657
-4.020349e-009 0.0113076
-3.995349e-009 0.000604223
-3.970349e-009 -0.00716436
-3.945349e-009 -0.0201983
-3.920349e-009 -0.0212341
-3.895349e-009 0.00397061
-3.870349e-009 0.0292617
-3.845349e-009 0.0237373
-3.820349e-009 -0.00241689
-3.795349e-009 -0.0223563
-3.770349e-009 -0.0304701
-3.745349e-009 -0.0277943
-3.720349e-009 -0.00845912
-3.695349e-009 0.0148466
-3.670349e-009 0.0132066
-3.645349e-009 -0.0120845
-3.620349e-009 -0.02719
-3.595349e-009 -0.0204573
-3.570349e-009 -0.0140698
-3.545349e-009 -0.014415
-3.520349e-009 -0.00120845
-3.495349e-009 0.0256363
-3.470349e-009 0.038584
-3.445349e-009 0.0267584
-3.420349e-009 0.00500642
-3.395349e-009 -0.0175225
-3.370349e-009 -0.0357355
-3.345349e-009 -0.0305564
-3.320349e-009 0.00448851
-3.295349e-009 0.0348723
-3.270349e-009 0.0278806
-3.245349e-009 0.0019853
-3.220349e-009 -0.00768226
-3.195349e-009 -0.0034527
-3.170349e-009 -0.00302112
-3.145349e-009 -0.00103581
-3.120349e-009 0.00820017
-3.095349e-009 0.00681909
-3.070349e-009 -0.0113076
-3.045349e-009 -0.0219247
-3.020349e-009 -0.0110486
-2.995349e-009 0.00483378
-2.970349e-009 0.0128613
-2.945349e-009 0.0137245
-2.920349e-009 0.00371166
-2.895349e-009 -0.00975389
-2.870349e-009 -0.00112213
-2.845349e-009 0.0232194
-2.820349e-009 0.0192488
-2.795349e-009 -0.0137245
-2.770349e-009 -0.0229605
-2.745349e-009 -0.00405693
-2.720349e-009 -0.00992652
-2.695349e-009 -0.0386703
-2.670349e-009 -0.0338365
-2.645349e-009 -0.0034527
-2.620349e-009 -0.0034527
-2.595349e-009 -0.0150193
-2.570349e-009 0.0152782
-2.545349e-009 0.0522221
-2.520349e-009 0.0355628
-2.495349e-009 0.00483378
-2.470349e-009 0.0203709
-2.445349e-009 0.0446262
-2.420349e-009 0.025809
-2.395349e-009 -0.000776858
-2.370349e-009 0.00526537
-2.345349e-009 0.0173498
-2.320349e-009 0.0161414
-2.295349e-009 0.0189035
-2.270349e-009 0.0150193
-2.245349e-009 -0.0137245
-2.220349e-009 -0.0304701
-2.195349e-009 -0.0063875
-2.170349e-009 0.013034
-2.145349e-009 -0.00604223
-2.120349e-009 -0.0227878
-2.095349e-009 -0.0103581
-2.070349e-009 0
-2.045349e-009 -0.00224426
-2.020349e-009 0.00336639
-1.995349e-009 0.00362534
-1.970349e-009 -0.0169182
-1.945349e-009 -0.0238237
-1.920349e-009 -0.00276216
-1.895349e-009 0.000172635
-1.870349e-009 -0.0226152
-1.845349e-009 -0.0161414
-1.820349e-009 0.0192488
-1.795349e-009 0.0215794
-1.770349e-009 -0.00733699
-1.745349e-009 -0.0134655
-1.720349e-009 -0.00630118
-1.695349e-009 -0.025809
-1.670349e-009 -0.0446262
-1.645349e-009 -0.0263269
-1.620349e-009 -0.00181267
-1.595349e-009 0.00457483
-1.570349e-009 0.0191625
-1.545349e-009 0.0334912
-1.520349e-009 0.0058696
-1.495349e-009 -0.0318512
-1.470349e-009 -0.0128613
-1.445349e-009 0.0279669
-1.420349e-009 0.00914966
-1.395349e-009 -0.0444536
-1.370349e-009 -0.0502368
-1.345349e-009 -0.0149329
-1.320349e-009 0.00164003
-1.295349e-009 0.00129476
-1.270349e-009 0.0136382
-1.245349e-009 0.0234784
-1.220349e-009 0.0141561
-1.195349e-009 0.0112213
-1.170349e-009 0.02719
-1.145349e-009 0.030988
-1.120349e-009 0.00578328
-1.095349e-009 -0.0225289
-1.070349e-009 -0.0269311
-1.045349e-009 -0.0126887
-1.020349e-009 -0.00215794
-9.953492e-010 -0.00509274
-9.703492e-010 -0.00466115
-9.453492e-010 0.0145014
-9.203492e-010 0.0309017
-8.953492e-010 0.0182993
-8.703492e-010 0.00129476
-8.453492e-010 0.0151056
-8.203492e-010 0.0296932
-7.953492e-010 -0.00388429
-7.703492e-010 -0.060077
-7.453492e-010 -0.0787216
-7.203492e-010 -0.0585233
-6.953492e-010 -0.0336639
-6.703492e-010 -0.0110486
-6.453492e-010 0.00699172
-6.203492e-010 0.00448851
-5.953492e-010 -0.0058696
-5.703492e-010 0.00328007
-5.453492e-010 0.0122571
-5.203492e-010 -0.00673277
-4.953492e-010 -0.0197667
-4.703492e-010 0.00405693
-4.453492e-010 0.0175225
-4.203492e-010 -0.0199394
-3.953492e-010 -0.0561064
-3.703492e-010 -0.0360807
-3.453492e-010 0.00845912
-3.203492e-010 0.0284848
-2.953492e-010 0.0275353
-2.703492e-010 0.0164003
-2.453492e-010 -0.010876
-2.203492e-010 -0.0353902
-1.953492e-010 -0.0283122
-1.703492e-010 -0.00233057
-1.453492e-010 0.0151919
-1.203492e-010 0.0291753
-9.534922e-011 0.0501505
-7.034922e-011 0.0671551
-4.534922e-011 0.0830375
-2.034922e-011 0.122485
4.650778e-012 0.189467
2.965078e-011 0.264909
5.465078e-011 0.342077
7.965078e-011 0.423819
1.046508e-010 0.505476
1.296508e-010 0.59352
1.546508e-010 0.707286
1.796508e-010 0.842028
2.046508e-010 0.962009
2.296508e-010 1.04505
2.546508e-010 1.10409
2.796508e-010 1.16399
3.046508e-010 1.23218
3.296508e-010 1.28941
3.546508e-010 1.3109
3.796508e-010 1.2996
4.046508e-010 1.28018
4.296508e-010 1.2586
4.546508e-010 1.22744
4.796508e-010 1.20594
5.046508e-010 1.21742
5.296508e-010 1.23771
5.546508e-010 1.22959
5.796508e-010 1.20637
6.046508e-010 1.19343
6.296508e-010 1.16624
6.546508e-010 1.09632
6.796508e-010 1.00681
7.046508e-010 0.918246
7.296508e-010 0.804307
7.546508e-010 0.65515
7.796508e-010 0.510482
8.046508e-010 0.38584
8.296508e-010 0.245401
8.546508e-010 0.0740605
8.796508e-010 -0.103581
9.046508e-010 -0.286143
9.296508e-010 -0.490629
9.546508e-010 -0.688037
9.796508e-010 -0.827527
1.004651e-009 -0.918505
1.029651e-009 -1.0113
1.054651e-009 -1.11186
1.079651e-009 -1.18471
1.104651e-009 -1.21846
1.129651e-009 -1.23296
1.154651e-009 -1.23952
1.179651e-009 -1.2371
1.204651e-009 -1.22847
1.229651e-009 -1.21794
1.254651e-009 -1.20801
1.279651e-009 -1.19964
1.304651e-009 -1.17668
1.329651e-009 -1.11609
1.354651e-009 -1.0365
1.379651e-009 -0.995242
1.404651e-009 -1.01052
1.429651e-009 -1.03572
1.454651e-009 -1.03072
1.479651e-009 -0.997486
1.504651e-009 -0.929986
1.529651e-009 -0.806638
1.554651e-009 -0.647295
1.579651e-009 -0.507979
1.604651e-009 -0.407419
1.629651e-009 -0.317649
1.654651e-009 -0.218297
1.679651e-009 -0.112299
1.704651e-009 -0.0093223
1.729651e-009 0.0716436
1.754651e-009 0.116615
1.779651e-009 0.141302
1.804651e-009 0.160119
1.829651e-009 0.148639
1.854651e-009 0.0964167
1.879651e-009 0.0497189
1.904651e-009 0.0363397
1.929651e-009 0.0189899
1.954651e-009 -0.0147603
1.979651e-009 -0.0185583
2.004651e-009 0.000863176
2.029651e-009 -0.0291753
2.054651e-009 -0.0989199
2.079651e-009 -0.1104
2.104651e-009 -0.056538
2.129651e-009 -0.0302975
2.154651e-009 -0.0416914
2.179651e-009 -0.0193351
2.204651e-009 0.0143287
2.229651e-009 -0.0226152
2.254651e-009 -0.0898566
2.279651e-009 -0.085627
2.304651e-009 -0.0422093
2.329651e-009 -0.0563654
2.354651e-009 -0.0990063
2.379651e-009 -0.0928777
2.404651e-009 -0.0810522
2.429651e-009 -0.130598
2.454651e-009 -0.178505
2.479651e-009 -0.145877
2.504651e-009 -0.0902882
2.529651e-009 -0.100301
2.554651e-009 -0.151833
2.579651e-009 -0.176519
2.604651e-009 -0.159774
2.629651e-009 -0.109019
2.654651e-009 -0.0336639
2.679651e-009 0.0201983
2.704651e-009 0.0194215
2.729651e-009 0.00319375
2.754651e-009 0.0029348
2.779651e-009 -0.0213204
2.804651e-009 -0.0760458
2.829651e-009 -0.0777721
2.854651e-009 0.00578328
2.879651e-009 0.0807069
2.904651e-009 0.0741468
2.929651e-009 0.0330596
2.954651e-009 0.0140698
2.979651e-009 -0.00319375
3.004651e-009 -0.041864
3.029651e-009 -0.0678456
3.054651e-009 -0.0459209
3.079651e-009 0.00578328
3.104651e-009 0.0359081
3.129651e-009 0.0133792
3.154651e-009 -0.0325417
3.179651e-009 -0.0359944
3.204651e-009 0.0154508
3.229651e-009 0.0542074
3.254651e-009 0.0295206
3.279651e-009 -0.0260679
3.304651e-009 -0.0587823
3.329651e-009 -0.0537758
3.354651e-009 -0.0167456
3.379651e-009 0.0321101
3.404651e-009 0.0489421
3.429651e-009 0.0186446
3.454651e-009 -0.013034
3.479651e-009 -0.0116529
3.504651e-009 -0.00405693
3.529651e-009 -0.014674
3.554651e-009 -0.0260679
3.579651e-009 -0.0251184
3.604651e-009 -0.0166593
3.629651e-009 0.000604223
3.654651e-009 0.0121708
3.679651e-009 -0.00949493
3.704651e-009 -0.0350449
3.729651e-009 -0.00742331
3.754651e-009 0.0371166
3.779651e-009 0.0123434
3.804651e-009 -0.0504095
3.829651e-009 -0.0486831
3.854651e-009 0.00103581
3.879651e-009 0.00483378
3.904651e-009 -0.0253774
3.929651e-009 -0.0202846
3.954651e-009 -0.00776858
3.979651e-009 -0.0365987
4.004651e-009 -0.0521358
4.029651e-009 -0.00854544
4.054651e-009 0.0227878
4.079651e-009 -0.0083728
4.104651e-009 -0.0322828
4.129651e-009 -0.000604223
4.154651e-009 0.0283985
4.179651e-009 0.0160551
4.204651e-009 0.0049201
4.229651e-009 0.0138971
4.254651e-009 0.00397061
4.279651e-009 -0.0340091
4.304651e-009 -0.0594728
4.329651e-009 -0.0444536
4.354651e-009 -0.000949493
4.379651e-009 0.0313333
4.404651e-009 0.0152782
4.429651e-009 -0.030988
4.454651e-009 -0.045662
4.479651e-009 -0.0232194
4.504651e-009 -0.0214068
4.529651e-009 -0.0436767
4.554651e-009 -0.0336639
4.579651e-009 -0.00233057
4.604651e-009 -0.0136382
4.629651e-009 -0.0480789
4.654651e-009 -0.0362534
4.679651e-009 0.00276216
4.704651e-009 0.00897703
4.729651e-009 0.00302112
4.754651e-009 0.0214931
4.779651e-009 0.0264995
4.804651e-009 -0.00759595
4.829651e-009 -0.032628
4.854651e-009 -0.0273627
4.879651e-009 -0.0271037
4.904651e-009 -0.0227878
4.929651e-009 0.0214931
4.954651e-009 0.0625802
4.979651e-009 0.0350449
5.004651e-009 -0.0299522
5.029651e-009 -0.0632708
5.054651e-009 -0.0592139
5.079651e-009 -0.0340954
5.104651e-009 0.0105307
5.129651e-009 0.0363397
5.154651e-009 0.00310743
5.179651e-009 -0.0427272
5.204651e-009 -0.0389292
5.229651e-009 -0.0182993
5.254651e-009 -0.0302112
5.279651e-009 -0.0397924
5.304651e-009 -0.0116529
5.329651e-009 0.0143287
5.354651e-009 0.00889071
5.379651e-009 -0.00224426
5.404651e-009 -0.0118255
5.429651e-009 -0.0330596
5.454651e-009 -0.0387566
5.479651e-009 -0.0034527
5.504651e-009 0.0372892
5.529651e-009 0.0462662
5.554651e-009 0.0307291
5.579651e-009 -0.00405693
5.604651e-009 -0.0530853
5.629651e-009 -0.070953
5.654651e-009 -0.0352176
5.679651e-009 -0.00129476
5.704651e-009 -0.00604223
5.729651e-009 -0.00707804
5.754651e-009 0.0171772
5.779651e-009 0.0284848
5.804651e-009 0.0182993
5.829651e-009 0.0083728
5.854651e-009 -0.0161414
5.879651e-009 -0.0509274
5.904651e-009 -0.0346997
5.929651e-009 0.0261542
5.954651e-009 0.0391882
5.979651e-009 0.00768226
6.004651e-009 0.0287438
6.029651e-009 0.0726794
6.054651e-009 0.0227015
6.079651e-009 -0.0687088
6.104651e-009 -0.054898
6.129651e-009 0.0200257
6.154651e-009 0.0100992
6.179651e-009 -0.0455757
6.204651e-009 -0.0192488
6.229651e-009 0.0428998
6.254651e-009 0.0278806
6.279651e-009 -0.0195078
6.304651e-009 -0.0113076
6.329651e-009 0.00742331
6.354651e-009 -0.0249458
6.379651e-009 -0.0555885
6.404651e-009 -0.0313333
6.429651e-009 0.00699172
6.454651e-009 0.0137245
6.479651e-009 0.000172635
6.504651e-009 -0.0110486
6.529651e-009 -0.00889071
6.554651e-009 0.00561064
6.579651e-009 0.00328007
6.604651e-009 -0.0301248
6.629651e-009 -0.0467841
6.654651e-009 -0.0141561
6.679651e-009 0.0200257
6.704651e-009 0.0216657
6.729651e-009 0.0258953
6.754651e-009 0.0342681
6.779651e-009 -0.00120845
6.804651e-009 -0.0495463
6.829651e-009 -0.0291753
6.854651e-009 0.0257226
6.879651e-009 0.0164003
6.904651e-009 -0.0331459
6.929651e-009 -0.0328007
6.954651e-009 -0.00207162
6.979651e-009 -0.00750963
7.004651e-009 -0.023651
7.029651e-009 -0.00716436
7.054651e-009 0.00863176
7.079651e-009 -0.000172635
7.104651e-009 -0.00224426
7.129651e-009 0.00103581
7.154651e-009 -0.0177814
7.179651e-009 -0.0272764
7.204651e-009 0.00466115
7.229651e-009 0.0322828
7.254651e-009 0.0253774
7.279651e-009 0.0266721
7.304651e-009 0.0373755
7.329651e-009 0.00371166
7.354651e-009 -0.0447125
7.379651e-009 -0.029089
7.404651e-009 0.0139834
7.429651e-009 0.00034527
7.454651e-009 -0.0289164
7.479651e-009 -0.00155372
7.504651e-009 0.0289164
7.529651e-009 0.00233057
7.554651e-009 -0.0188172
7.579651e-009 0.00897703
7.604651e-009 0.0170046
7.629651e-009 -0.0147603
7.654651e-009 -0.0049201
7.679651e-009 0.0490284
7.704651e-009 0.0466978
7.729651e-009 -0.020112
7.754651e-009 -0.0473883
7.779651e-009 -0.00543801
7.804651e-009 0.0298659
7.829651e-009 0.0185583
7.854651e-009 -0.00595591
7.879651e-009 -0.0131203
7.904651e-009 -0.00172635
7.929651e-009 0.0162277
7.954651e-009 0.0201983
7.979651e-009 0.00690541
8.004651e-009 0.00112213
8.029651e-009 0.00612855
8.054651e-009 -0.00880439
8.079651e-009 -0.0413461
8.104651e-009 -0.0487694
8.129651e-009 -0.0270174
8.154651e-009 -0.0131203
8.179651e-009 -0.00863176
8.204651e-009 0.0112213
8.229651e-009 0.0271037
8.254651e-009 0.00129476
8.279651e-009 -0.0460073
8.304651e-009 -0.0643066
8.329651e-009 -0.0488557
8.354651e-009 -0.0305564
8.379651e-009 -0.0173498
8.404651e-009 0.00535169
8.429651e-009 0.0343544
8.454651e-009 0.0455757
8.479651e-009 0.0279669
8.504651e-009 0.000690541
8.529651e-009 -0.0113076
8.554651e-009 -0.00811385
8.579651e-009 -0.00561064
8.604651e-009 -0.00353902
8.629651e-009 0.00949493
8.654651e-009 0.0249458
8.679651e-009 0.02391
8.704651e-009 0.00906335
8.729651e-009 -0.00250321
8.754651e-009 -0.00681909
8.779651e-009 -0.00794122
8.804651e-009 -0.00509274
8.829651e-009 -0.000949493
8.854651e-009 -0.000258953
8.879651e-009 0.00500642
8.904651e-009 0.0204573
8.929651e-009 0.0299522
8.954651e-009 0.0170909
8.979651e-009 -0.00897703
9.004651e-009 -0.0298659
9.029651e-009 -0.0350449
9.054651e-009 -0.0173498
9.079651e-009 0.0151919
9.104651e-009 0.0305564
9.129651e-009 0.0132929
9.154651e-009 -0.00733699
9.179651e-009 -0.00716436
9.204651e-009 -0.0049201
9.229651e-009 -0.0153645
9.254651e-009 -0.0156235
9.279651e-009 0.00604223
9.304651e-009 0.0246005
9.329651e-009 0.0259816
9.354651e-009 0.025291
9.379651e-009 0.0245142
9.404651e-009 0.00733699
9.429651e-009 -0.0201983
9.454651e-009 -0.0311606
9.479651e-009 -0.0167456
9.504651e-009 0.00811385
9.529651e-009 0.0258953
9.554651e-009 0.0276216
9.579651e-009 0.0164867
9.604651e-009 0.00267584
9.629651e-009 -0.00880439
9.654651e-009 -0.014415
9.679651e-009 -0.00129476
9.704651e-009 0.029348
9.729651e-009 0.0463525
9.754651e-009 0.0341818
9.779651e-009 0.016573
9.804651e-009 0.00181267
9.829651e-009 -0.0299522
9.854651e-009 -0.0569696
9.879651e-009 -0.0300385
9.904651e-009 0.0232194
9.929651e-009 0.0289164
9.954651e-009 0.00155372
9.979651e-009 0.00923598
1.000465e-008 0.0311606
1.002965e-008 0.00716436
1.005465e-008 -0.0227878
1.007965e-008 0.00215794
1.010465e-008 0.0277079
1.012965e-008 -0.00759595
1.015465e-008 -0.0370302
1.017965e-008 0.00258953
1.020465e-008 0.0391882
1.022965e-008 0.00681909
1.025465e-008 -0.0307291
1.027965e-008 -0.0176088
1.030465e-008 -0.00880439
1.032965e-008 -0.0396198
1.035465e-008 -0.0506684
1.037965e-008 -0.0143287
1.040465e-008 0.0101855
1.042965e-008 -0.00526537
1.045465e-008 -0.011135
1.047965e-008 0.0154508
1.050465e-008 0.0245142
1.052965e-008 -0.0196804
1.055465e-008 -0.0749237
1.057965e-008 -0.0769953
1.060465e-008 -0.029089
1.062965e-008 0.00621487
1.065465e-008 0.00397061
1.067965e-008 0.00517905
1.070465e-008 0.0244279
1.072965e-008 0.0155372
1.075465e-008 -0.0239963
1.077965e-008 -0.0245142
1.080465e-008 0.0231331
1.082965e-008 0.0397924
1.085465e-008 0.00871807
1.087965e-008 0.00181267
1.090465e-008 0.0263269
1.092965e-008 0.0201983
1.095465e-008 -0.000517905
1.097965e-008 0.0261542
1.100465e-008 0.0559338
1.102965e-008 0.0114802
1.105465e-008 -0.0495463
1.107965e-008 -0.0292617
1.110465e-008 0.0311606
1.112965e-008 0.0353902
1.115465e-008 -0.00207162
1.117965e-008 -0.0178677
1.120465e-008 -0.016573
1.122965e-008 -0.0193351
1.125465e-008 -0.0112213
1.127965e-008 0.000690541
1.130465e-008 -0.0113939
1.132965e-008 -0.0231331
1.135465e-008 0.00120845
1.137965e-008 0.0231331
1.140465e-008 -0.00336639
1.142965e-008 -0.0397061
1.145465e-008 -0.0368576
1.147965e-008 -0.0223563
1.150465e-008 -0.0277943
1.152965e-008 -0.0212341
1.155465e-008 0.0173498
1.157965e-008 0.0424682
1.160465e-008 0.0189035
1.162965e-008 -0.0245142
1.165465e-008 -0.0477336
1.167965e-008 -0.0442809
1.170465e-008 -0.025291
1.172965e-008 -0.00483378
1.175465e-008 0.00181267
1.177965e-008 -0.00897703
1.180465e-008 -0.0270174
1.182965e-008 -0.0416051
1.185465e-008 -0.0445399
1.187965e-008 -0.0342681
1.190465e-008 -0.0270174
1.192965e-008 -0.0309017
1.195465e-008 -0.0181267
1.197965e-008 0.0233057
1.200465e-008 0.0416914
1.202965e-008 0.0014674
1.205465e-008 -0.0369439
1.207965e-008 -0.0120845
1.210465e-008 0.0283985
1.212965e-008 0.0195078
1.215465e-008 -0.00120845
1.217965e-008 0.0226152
1.220465e-008 0.0508411
1.222965e-008 0.0277943
1.225465e-008 -0.0129476
1.227965e-008 -0.0200257
1.230465e-008 -0.0078549
1.232965e-008 -0.00138108
1.235465e-008 0.00863176
1.237965e-008 0.0145014
1.240465e-008 -0.0083728
1.242965e-008 -0.0379797
1.245465e-008 -0.0300385
1.247965e-008 0.00276216
1.250465e-008 0.0176088
1.252965e-008 0.0138108
1.255465e-008 0.0105307
1.257965e-008 8.63176e-005
1.260465e-008 -0.0211478
1.262965e-008 -0.0283985
1.265465e-008 -0.0101855
1.267965e-008 0.0132066
1.270465e-008 0.0227878
1.272965e-008 0.0114802
1.275465e-008 -0.0201983
1.277965e-008 -0.0460073
1.280465e-008 -0.0319375
1.282965e-008 0.00699172
1.285465e-008 0.0212341
1.287965e-008 0.0058696
1.290465e-008 -0.00474747
1.292965e-008 -0.00863176
1.295465e-008 -0.0254637
1.297965e-008 -0.0352176
1.300465e-008 -0.0103581
1.302965e-008 0.021752
1.305465e-008 0.0219247
1.307965e-008 0.00750963
1.310465e-008 0.00992652
1.312965e-008 0.0126887
1.315465e-008 -0.00811385
1.317965e-008 -0.0302112
1.320465e-008 -0.0242552
1.322965e-008 -0.00500642
1.325465e-008 0
1.327965e-008 -0.0044022
1.330465e-008 -0.000863176
1.332965e-008 0.00578328
1.335465e-008 0.000776858
1.337965e-008 -0.0158824
1.340465e-008 -0.0324554
1.342965e-008 -0.0403103
1.345465e-008 -0.0346133
1.347965e-008 -0.0162277
1.350465e-008 0.00284848
1.352965e-008 0.00690541
1.355465e-008 -0.0044022
1.357965e-008 -0.0148466
1.360465e-008 -0.0164003
1.362965e-008 -0.0210615
1.365465e-008 -0.0384976
1.367965e-008 -0.0554159
1.370465e-008 -0.0531716
1.372965e-008 -0.0340091
1.375465e-008 -0.0140698
1.377965e-008 -0.00172635
1.380465e-008 0.00172635
1.382965e-008 -0.00750963
1.385465e-008 -0.0261542
1.387965e-008 -0.0372029
1.390465e-008 -0.0248595
1.392965e-008 0.00716436
1.395465e-008 0.0362534
1.397965e-008 0.0344407
1.400465e-008 -0.00405693
1.402965e-008 -0.0416051
1.405465e-008 -0.0302975
1.407965e-008 0.0186446
1.410465e-008 0.0423819
1.412965e-008 0.0218383
1.415465e-008 0.00958125
1.417965e-008 0.0346997
1.420465e-008 0.0536895
1.422965e-008 0.0373755
1.425465e-008 0.027449
1.427965e-008 0.0569696
1.430465e-008 0.0888208
1.432965e-008 0.0832965
1.435465e-008 0.0606813
1.437965e-008 0.0518769
1.440465e-008 0.047302
1.442965e-008 0.0348723
1.445465e-008 0.034527
1.447965e-008 0.0583507
1.450465e-008 0.0774269
1.452965e-008 0.0644792
1.455465e-008 0.0389292
1.457965e-008 0.0338365
1.460465e-008 0.0392745
1.462965e-008 0.0215794
1.465465e-008 -0.0104444
1.467965e-008 -0.014674
1.470465e-008 0.00552432
1.472965e-008 0
1.475465e-008 -0.0368576
1.477965e-008 -0.0532579
1.480465e-008 -0.0339228
1.482965e-008 -0.0192488
1.485465e-008 -0.0204573
1.487965e-008 -0.0115666
1.490465e-008 -0.0034527
1.492965e-008 -0.0259816
1.495465e-008 -0.0528264
1.497965e-008 -0.0434177
1.500465e-008 -0.0215794
1.502965e-008 -0.0218383
1.505465e-008 -0.0204573
1.507965e-008 -0.00112213
1.510465e-008 -0.00483378
1.512965e-008 -0.0444536
1.515465e-008 -0.0656877
1.517965e-008 -0.0411735
1.520465e-008 -0.0105307
1.522965e-008 -0.0014674
1.525465e-008 -0.0019853
1.527965e-008 -0.00543801
1.530465e-008 -0.0116529
1.532965e-008 -0.00811385
1.535465e-008 -0.00129476
1.537965e-008 -0.0141561
1.540465e-008 -0.032887
1.542965e-008 -0.0235647
1.545465e-008 0.00414324
1.547965e-008 0.0220973
1.550465e-008 0.0348723
1.552965e-008 0.0446262
1.555465e-008 0.0285711
1.557965e-008 -0.000172635
1.560465e-008 0.00224426
1.562965e-008 0.023651
1.565465e-008 0.0168319
1.567965e-008 -0.00241689
1.570465e-008 0.0114802
1.572965e-008 0.0372029
1.575465e-008 0.0339228
1.577965e-008 0.0216657
1.580465e-008 0.0220973
1.582965e-008 0.0058696
1.585465e-008 -0.0314196
1.587965e-008 -0.0410872
1.590465e-008 -0.0148466
1.592965e-008 0.00164003
1.595465e-008 -0.00103581
1.597965e-008 0.00414324
1.600465e-008 0.0098402
1.602965e-008 -0.00422956
1.605465e-008 -0.0202846
1.607965e-008 -0.0197667
1.610465e-008 -0.012516
1.612965e-008 0.00138108
1.615465e-008 0.0259816
1.617965e-008 0.0319375
1.620465e-008 0.00241689
1.622965e-008 -0.0250321
1.625465e-008 -0.0277943
1.627965e-008 -0.0356492
1.630465e-008 -0.0498916
1.632965e-008 -0.0324554
1.635465e-008 -0.00215794
1.637965e-008 -0.0119981
1.640465e-008 -0.0373755
1.642965e-008 -0.0262405
1.645465e-008 -0.0156235
1.647965e-008 -0.051359
1.650465e-008 -0.0722478
1.652965e-008 -0.0188172
1.655465e-008 0.0422093
1.657965e-008 0.0329733
1.660465e-008 -0.0083728
1.662965e-008 -0.0159688
1.665465e-008 0.00397061
1.667965e-008 0.0245142
1.670465e-008 0.0387566
1.672965e-008 0.0303838
1.675465e-008 -0.00034527
1.677965e-008 -0.0107034
1.680465e-008 0.0110486
1.682965e-008 0.0172635
1.685465e-008 -0.00267584
1.687965e-008 -0.00267584
1.690465e-008 0.0196804
1.692965e-008 0.0235647
1.695465e-008 0.0189899
1.697965e-008 0.0368576
1.700465e-008 0.0460073
1.702965e-008 0.0132066
1.705465e-008 -0.0195941
1.707965e-008 -0.0116529
1.710465e-008 0.0118255
1.712965e-008 0.0279669
1.715465e-008 0.0448851
1.717965e-008 0.0434177
1.720465e-008 0.00431588
1.722965e-008 -0.0264132
1.725465e-008 -0.00949493
1.727965e-008 0.00914966
1.730465e-008 -0.0078549
1.732965e-008 -0.0121708
1.735465e-008 0.025809
1.737965e-008 0.0460073
1.740465e-008 0.00699172
1.742965e-008 -0.0405693
1.745465e-008 -0.0403103
1.747965e-008 -0.00250321
1.750465e-008 0.0320238
1.752965e-008 0.036685
1.755465e-008 0.0138971
1.757965e-008 -0.00716436
1.760465e-008 -0.0101855
1.762965e-008 -0.018472
1.765465e-008 -0.0371166
1.767965e-008 -0.0246868
1.770465e-008 0.0196804
1.772965e-008 0.0253774
1.775465e-008 -0.0262405
1.777965e-008 -0.0543801
1.780465e-008 -0.0164867
1.782965e-008 0.0250321
1.785465e-008 0.02391
1.787965e-008 0.0170909
1.790465e-008 0.0303838
1.792965e-008 0.030988
1.795465e-008 0.00457483
1.797965e-008 -0.0136382
1.800465e-008 -0.00414324
1.802965e-008 0.00966757
1.805465e-008 0.00811385
1.807965e-008 0.00379797
1.810465e-008 0.0138108
1.812965e-008 0.0283122
1.815465e-008 0.0224426
1.817965e-008 -0.000258953
1.820465e-008 -0.00871807
1.822965e-008 -0.00353902
1.825465e-008 -0.023651
1.827965e-008 -0.0652561
1.830465e-008 -0.0700899
1.832965e-008 -0.0294343
1.835465e-008 -0.00621487
1.837965e-008 -0.0195078
1.840465e-008 -0.0168319
1.842965e-008 0.0114802
1.845465e-008 0.0149329
1.847965e-008 -0.00889071
1.850465e-008 -0.0124297
1.852965e-008 0.000949493
1.855465e-008 -0.00690541
1.857965e-008 -0.0188172
1.860465e-008 8.63176e-005
1.862965e-008 0.0227878
1.865465e-008 0.0141561
1.867965e-008 -0.000517905
1.870465e-008 0.00509274
1.872965e-008 0.00854544
1.875465e-008 -0.00138108
1.877965e-008 -0.00138108
1.880465e-008 0.0063875
1.882965e-008 -0.00448851
1.885465e-008 -0.0239963
1.887965e-008 -0.0250321
1.890465e-008 -0.0154508
1.892965e-008 -0.00664645
1.895465e-008 0.0154508
1.897965e-008 0.0378934
1.900465e-008 0.018472
1.902965e-008 -0.0303838
1.905465e-008 -0.0459209
1.907965e-008 -0.0192488
1.910465e-008 0.00120845
1.912965e-008 0.0029348
1.915465e-008 0.0103581
1.917965e-008 0.0170046
1.920465e-008 0.00509274
1.922965e-008 -0.00397061
1.925465e-008 0.00794122
1.927965e-008 0.018472
1.930465e-008 0.016573
1.932965e-008 0.0220973
1.935465e-008 0.0283122
1.937965e-008 0.0063875
1.940465e-008 -0.0273627
1.942965e-008 -0.0287438
1.945465e-008 -0.00241689
1.947965e-008 0.0137245
1.950465e-008 0.0132929
1.952965e-008 0.00992652
1.955465e-008 0.00112213
1.957965e-008 -0.0116529
1.960465e-008 -0.012516
1.962965e-008 -0.00336639
1.965465e-008 -8.63176e-005
1.967965e-008 0.00233057
1.970465e-008 0.013034
1.972965e-008 0.0164003
1.975465e-008 0.00431588
1.977965e-008 -0.000604223
1.980465e-008 0.0103581
1.982965e-008 0.0133792
1.985465e-008 0.00224426
1.987965e-008 0.000431588
1.990465e-008 0.0126887
1.992965e-008 0.0208889
1.995465e-008 0.0219247
1.997965e-008 0.0195078
2.000465e-008 0.000776858
2.002965e-008 -0.0283985
2.005465e-008 -0.0254637
2.007965e-008 0.0193351
2.010465e-008 0.0451441
2.012965e-008 0.00889071
2.015465e-008 -0.0424682
2.017965e-008 -0.0457483
2.020465e-008 -0.0168319
2.022965e-008 -0.0044022
2.025465e-008 0.00181267
2.027965e-008 0.0373755
2.030465e-008 0.0749237
2.032965e-008 0.0608539
2.035465e-008 0.0161414
2.037965e-008 0.00362534
2.040465e-008 0.0156235
2.042965e-008 0.00172635
2.045465e-008 -0.0158824
2.047965e-008 0.0216657
2.050465e-008 0.0767363
2.052965e-008 0.0561064
2.055465e-008 -0.0262405
2.057965e-008 -0.0654287
2.060465e-008 -0.0359944
2.062965e-008 -0.00656014
2.065465e-008 -0.00215794
2.067965e-008 0.0137245
2.070465e-008 0.0356492
2.072965e-008 0.0210615
2.075465e-008 -0.0177814
2.077965e-008 -0.0300385
2.080465e-008 -0.0109623
2.082965e-008 0.00906335
2.085465e-008 0.0197667
2.087965e-008 0.0175225
2.090465e-008 -0.00880439
2.092965e-008 -0.0386703
2.095465e-008 -0.0296069
2.097965e-008 0.00707804
2.100465e-008 0.0175225
2.102965e-008 -0.000258953
2.105465e-008 0.00224426
2.107965e-008 0.0277943
2.110465e-008 0.0311606
2.112965e-008 0.00880439
2.115465e-008 0.00207162
2.117965e-008 0.0169182
2.120465e-008 0.0202846
2.122965e-008 0.00561064
2.125465e-008 -0.00509274
2.127965e-008 -0.00828649
2.130465e-008 -0.0133792
2.132965e-008 -0.012775
2.135465e-008 -0.000172635
2.137965e-008 0.00889071
2.140465e-008 0.00172635
2.142965e-008 -0.0120845
2.145465e-008 -0.0202846
2.147965e-008 -0.0200257
2.150465e-008 -0.0107034
2.152965e-008 0.00215794
2.155465e-008 0.00543801
2.157965e-008 -0.000258953
2.160465e-008 0.0029348
2.162965e-008 0.0180404
2.165465e-008 0.0264995
2.167965e-008 0.0225289
2.170465e-008 0.0226152
2.172965e-008 0.0305564
2.175465e-008 0.0240826
2.177965e-008 -0.00820017
2.180465e-008 -0.0379797
2.182965e-008 -0.0290027
2.185465e-008 0.00854544
2.187965e-008 0.0254637
2.190465e-008 0.00621487
2.192965e-008 -0.00681909
2.195465e-008 0.0078549
2.197965e-008 0.00802753
2.200465e-008 -0.0267584
2.202965e-008 -0.0362534
2.205465e-008 0.016314
2.207965e-008 0.0605949
2.210465e-008 0.0316785
2.212965e-008 -0.0138108
2.215465e-008 0.00034527
2.217965e-008 0.0348723
2.220465e-008 0.012516
2.222965e-008 -0.0422093
2.225465e-008 -0.0498916
2.227965e-008 -0.00871807
2.230465e-008 0.0174361
2.232965e-008 0.00552432
2.235465e-008 -0.0104444
2.237965e-008 -0.00966757
2.240465e-008 -0.00828649
2.242965e-008 -0.0177814
2.245465e-008 -0.0247731
2.247965e-008 -0.0208025
2.250465e-008 -0.0183856
2.252965e-008 -0.0208889
2.255465e-008 -0.00975389
2.257965e-008 0.00992652
2.260465e-008 -0.00233057
2.262965e-008 -0.0497189
2.265465e-008 -0.0694856
2.267965e-008 -0.0311606
2.270465e-008 0.00707804
2.272965e-008 -0.000863176
2.275465e-008 -0.0155372
2.277965e-008 -0.00233057
2.280465e-008 0.00353902
2.282965e-008 -0.0177814
2.285465e-008 -0.023651
2.287965e-008 -0.00138108
2.290465e-008 0.00138108
2.292965e-008 -0.0258953
2.295465e-008 -0.0365123
2.297965e-008 -0.0210615
2.300465e-008 -0.0150193
2.302965e-008 -0.0181267
2.305465e-008 -0.00656014
2.307965e-008 0.00164003
2.310465e-008 -0.0147603
2.312965e-008 -0.0262405
2.315465e-008 -0.0124297
2.317965e-008 -0.00526537
2.320465e-008 -0.0152782
2.322965e-008 -0.000863176
2.325465e-008 0.0416914
2.327965e-008 0.0556748
2.330465e-008 0.0232194
2.332965e-008 -0.00828649
2.335465e-008 -0.0149329
2.337965e-008 -0.0166593
2.340465e-008 -0.0124297
2.342965e-008 0.0138108
2.345465e-008 0.0348723
2.347965e-008 0.0134655
2.350465e-008 -0.0248595
2.352965e-008 -0.0252047
2.355465e-008 0.0063875
2.357965e-008 0.0153645
2.360465e-008 -0.0119981
2.362965e-008 -0.0307291
2.365465e-008 -0.0136382
2.367965e-008 0.00699172
2.370465e-008 -0.00353902
2.372965e-008 -0.0228742
2.375465e-008 -0.012775
2.377965e-008 0.012775
2.380465e-008 0.0149329
2.382965e-008 -0.000949493
2.385465e-008 -0.0058696
2.387965e-008 -0.00759595
2.390465e-008 -0.0228742
2.392965e-008 -0.0275353
2.395465e-008 -0.000517905
2.397965e-008 0.0264995
2.400465e-008 0.0189899
2.402965e-008 -0.00966757
2.405465e-008 -0.0317649
2.407965e-008 -0.0365987
2.410465e-008 -0.0208889
2.412965e-008 0.000949493
2.415465e-008 -0.00189899
2.417965e-008 -0.0205436
2.420465e-008 -0.0119981
2.422965e-008 0.0117392
2.425465e-008 -0.00224426
2.427965e-008 -0.0325417
2.430465e-008 -0.0142424
2.432965e-008 0.0247731
2.435465e-008 0.0117392
2.437965e-008 -0.0235647
2.440465e-008 -0.0112213
2.442965e-008 0.014674
2.445465e-008 -0.00224426
2.447965e-008 -0.0115666
2.450465e-008 0.0344407
2.452965e-008 0.0663782
2.455465e-008 0.0282258
2.457965e-008 -0.0110486
2.460465e-008 0.00906335
2.462965e-008 0.034527
2.465465e-008 0.00863176
2.467965e-008 -0.0334912
2.470465e-008 -0.0398787
2.472965e-008 -0.0138971
2.475465e-008 0.0129476
2.477965e-008 0.018213
2.480465e-008 0.00509274
2.482965e-008 8.63176e-005
2.485465e-008 0.0106171
2.487965e-008 0.00699172
2.490465e-008 -0.0173498
2.492965e-008 -0.0266721
2.495465e-008 -0.0195941
2.497965e-008 -0.0341818
2.500465e-008 -0.0544664
2.502965e-008 -0.0253774
2.505465e-008 0.0321965
2.507965e-008 0.0459209
2.510465e-008 0.0150193
2.512965e-008 -0.00397061
2.515465e-008 0.00422956
2.517965e-008 0.0200257
2.520465e-008 0.0341818
2.522965e-008 0.0302975
2.525465e-008 -0.00103581
2.527965e-008 -0.0202846
2.530465e-008 0.00138108
2.532965e-008 0.0164003
2.535465e-008 -0.0113939
2.537965e-008 -0.0338365
2.540465e-008 -0.0179541
2.542965e-008 -0.00422956
2.545465e-008 -0.00319375
2.547965e-008 0.0224426
2.550465e-008 0.0449715
2.552965e-008 0.0058696
2.555465e-008 -0.0455757
2.557965e-008 -0.0269311
2.560465e-008 0.0159688
2.562965e-008 0.000431588
2.565465e-008 -0.0260679
2.567965e-008 0.0115666
2.570465e-008 0.0580054
2.572965e-008 0.0337502
2.575465e-008 -0.0209752
2.577965e-008 -0.0381524
2.580465e-008 -0.034786
2.582965e-008 -0.0394471
2.585465e-008 -0.025291
2.587965e-008 0.0200257
2.590465e-008 0.0541211
2.592965e-008 0.0389292
2.595465e-008 -0.0153645
2.597965e-008 -0.0606813
2.600465e-008 -0.0500642
2.602965e-008 -0.00267584
2.605465e-008 0.00120845
2.607965e-008 -0.0512726
2.610465e-008 -0.0658603
2.612965e-008 -0.00776858
2.615465e-008 0.0237373
2.617965e-008 -0.0186446
2.620465e-008 -0.036426
2.622965e-008 0.0215794
2.625465e-008 0.0575738
2.627965e-008 0.0143287
2.630465e-008 -0.0264995
2.632965e-008 -0.0132066
2.635465e-008 -0.00155372
2.637965e-008 -0.0131203
2.640465e-008 0
2.642965e-008 0.0271037
2.645465e-008 0.00604223
2.647965e-008 -0.0445399
2.650465e-008 -0.0517042
2.652965e-008 -0.0182993
2.655465e-008 -0.000172635
2.657965e-008 -8.63176e-005
2.660465e-008 0.00940862
2.662965e-008 0.0132929
2.665465e-008 -0.0105307
2.667965e-008 -0.0371166
2.670465e-008 -0.034527
2.672965e-008 -0.0116529
2.675465e-008 0.00612855
2.677965e-008 0.0101855
2.680465e-008 0.00328007
2.682965e-008 -0.00906335
2.685465e-008 -0.019853
2.687965e-008 -0.0251184
2.690465e-008 -0.0214931
2.692965e-008 -0.00138108
2.695465e-008 0.0300385
2.697965e-008 0.0419503
2.700465e-008 0.0126024
2.702965e-008 -0.0315922
2.705465e-008 -0.0446262
2.707965e-008 -0.0231331
2.710465e-008 -0.00215794
2.712965e-008 0.00552432
2.715465e-008 0.0197667
2.717965e-008 0.0346997
2.720465e-008 0.0117392
2.722965e-008 -0.0467841
2.725465e-008 -0.0783764
2.727965e-008 -0.0529127
2.730465e-008 -0.0174361
2.732965e-008 -0.0121708
2.735465e-008 -0.0121708
2.737965e-008 0.00483378
2.740465e-008 0.00992652
2.742965e-008 -0.0164003
2.745465e-008 -0.0455757
2.747965e-008 -0.0528264
2.750465e-008 -0.0472157
2.752965e-008 -0.0373755
2.755465e-008 -0.0224426
2.757965e-008 -0.0078549
2.760465e-008 0.00725068
2.762965e-008 0.0290027
2.765465e-008 0.0368576
2.767965e-008 0.00776858
2.770465e-008 -0.0249458
2.772965e-008 -0.0139834
2.775465e-008 0.0138971
2.777965e-008 0.00215794
2.780465e-008 -0.0315922
2.782965e-008 -0.0340954
2.785465e-008 -0.0189899
2.787965e-008 -0.0313333
2.790465e-008 -0.0519632
2.792965e-008 -0.0327144
2.795465e-008 0.0119981
2.797965e-008 0.0304701
2.800465e-008 0.014674
2.802965e-008 -0.00552432
2.805465e-008 -0.0139834
2.807965e-008 -0.0106171
2.810465e-008 0.00699172
2.812965e-008 0.0330596
2.815465e-008 0.0468704
2.817965e-008 0.0337502
2.820465e-008 0.0034527
2.822965e-008 -0.0188172
2.825465e-008 -0.0141561
2.827965e-008 0.0126024
2.830465e-008 0.0334049
2.832965e-008 0.0245142
2.835465e-008 -0.00630118
2.837965e-008 -0.0287438
2.840465e-008 -0.0275353
2.842965e-008 -0.0161414
2.845465e-008 -0.0109623
2.847965e-008 -0.00949493
2.850465e-008 -0.00914966
2.852965e-008 -0.0226152
2.855465e-008 -0.0506684
2.857965e-008 -0.065774
2.860465e-008 -0.0511863
2.862965e-008 -0.0253774
2.865465e-008 -0.00138108
2.867965e-008 0.0310743
2.870465e-008 0.0574875
2.872965e-008 0.036685
2.875465e-008 -0.0182993
2.877965e-008 -0.036685
2.880465e-008 -0.000517905
2.882965e-008 0.0303838
2.885465e-008 0.0272764
2.887965e-008 0.0260679
2.890465e-008 0.0350449
2.892965e-008 0.0202846
2.895465e-008 -0.00906335
2.897965e-008 -0.0102718
2.900465e-008 0.00362534
2.902965e-008 -0.00906335
2.905465e-008 -0.0288301
2.907965e-008 -0.0194215
2.910465e-008 -0.0126024
2.912965e-008 -0.0423819
2.915465e-008 -0.0586096
2.917965e-008 -0.0122571
2.920465e-008 0.0429862
2.922965e-008 0.0356492
2.925465e-008 -0.00828649
2.927965e-008 -0.0246868
2.930465e-008 -0.0116529
2.932965e-008 0.000776858
2.935465e-008 0.0126024
2.937965e-008 0.0299522
2.940465e-008 0.036685
2.942965e-008 0.0225289
2.945465e-008 -0.0014674
2.947965e-008 -0.0213204
2.950465e-008 -0.0241689
2.952965e-008 -0.00535169
2.955465e-008 0.0110486
2.957965e-008 -0.0034527
2.960465e-008 -0.0308154
2.962965e-008 -0.0339228
2.965465e-008 -0.0191625
2.967965e-008 -0.0112213
2.970465e-008 0.00241689
2.972965e-008 0.0352176
2.975465e-008 0.0544664
2.977965e-008 0.0362534
2.980465e-008 0.0102718
2.982965e-008 -0.00181267
2.985465e-008 -0.0201983
2.987965e-008 -0.0417777
2.990465e-008 -0.029348
2.992965e-008 0.00742331
2.995465e-008 0.011135
2.997965e-008 -0.0213204
3.000465e-008 -0.0288301
3.002965e-008 0.00820017
3.005465e-008 0.034786
3.007965e-008 0.00820017
3.010465e-008 -0.0453167
3.012965e-008 -0.0734563
3.015465e-008 -0.058696
3.017965e-008 -0.0275353
3.020465e-008 -0.0118255
3.022965e-008 -0.00975389
3.025465e-008 0.00172635
3.027965e-008 0.0224426
3.030465e-008 0.0268448
3.032965e-008 0.0063875
3.035465e-008 -0.0214068
3.037965e-008 -0.0431588
3.040465e-008 -0.0543801
3.042965e-008 -0.0490284
3.045465e-008 -0.032628
3.047965e-008 -0.0228742
3.050465e-008 -0.0188172
3.052965e-008 -0.00483378
3.055465e-008 0.00854544
3.057965e-008 -0.00181267
3.060465e-008 -0.0204573
3.062965e-008 -0.0152782
3.065465e-008 0.0029348
3.067965e-008 0.0014674
3.070465e-008 -0.0140698
3.072965e-008 -0.0173498
3.075465e-008 -0.0098402
3.077965e-008 -0.00630118
3.080465e-008 -0.00681909
3.082965e-008 -0.012775
3.085465e-008 -0.0266721
3.087965e-008 -0.0273627
3.090465e-008 0.00215794
3.092965e-008 0.0288301
3.095465e-008 0.0135519
3.097965e-008 -0.0214068
3.100465e-008 -0.0334912
3.102965e-008 -0.0292617
3.105465e-008 -0.0319375
3.107965e-008 -0.0294343
3.110465e-008 -0.0110486
3.112965e-008 0.00310743
3.115465e-008 0.00742331
3.117965e-008 0.0205436
3.120465e-008 0.0322828
3.122965e-008 0.0194215
3.125465e-008 0.00526537
3.127965e-008 0.018472
3.130465e-008 0.0264995
3.132965e-008 -0.000172635
3.135465e-008 -0.018472
3.137965e-008 0.00233057
3.140465e-008 0.012775
3.142965e-008 -0.0122571
3.145465e-008 -0.0155372
3.147965e-008 0.0200257
3.150465e-008 0.0251184
3.152965e-008 -0.0154508
3.155465e-008 -0.0258953
3.157965e-008 0.00673277
3.160465e-008 0.00820017
3.162965e-008 -0.0246868
3.165465e-008 -0.0156235
3.167965e-008 0.0270174
3.170465e-008 0.0180404
3.172965e-008 -0.0322828
3.175465e-008 -0.0284848
3.177965e-008 0.0333186
3.180465e-008 0.0614581
3.182965e-008 0.0321101
3.185465e-008 0.00958125
3.187965e-008 0.0194215
3.190465e-008 0.0254637
3.192965e-008 0.0166593
3.195465e-008 0.0150193
3.197965e-008 0.014415
3.200465e-008 -0.00612855
3.202965e-008 -0.0295206
3.205465e-008 -0.029089
3.207965e-008 -0.0210615
3.210465e-008 -0.0300385
3.212965e-008 -0.0346997
3.215465e-008 -0.0104444
3.217965e-008 0.0122571
3.220465e-008 -0.00302112
3.222965e-008 -0.029089
3.225465e-008 -0.023651
3.227965e-008 -0.00353902
3.230465e-008 0.00164003
3.232965e-008 0.0138108
3.235465e-008 0.0469568
3.237965e-008 0.0518769
3.240465e-008 0.00578328
3.242965e-008 -0.0225289
3.245465e-008 0.0120845
3.247965e-008 0.0442809
3.250465e-008 0.0177814
3.252965e-008 -0.0116529
3.255465e-008 0.0100128
3.257965e-008 0.0306427
3.260465e-008 -0.0029348
3.262965e-008 -0.0430725
3.265465e-008 -0.0332323
3.267965e-008 -0.00233057
3.270465e-008 0.00388429
3.272965e-008 -0.00276216
3.275465e-008 -0.00103581
3.277965e-008 -0.00284848
3.280465e-008 -0.0123434
3.282965e-008 -0.0104444
3.285465e-008 0.00414324
3.287965e-008 0.0132066
3.290465e-008 0.0118255
3.292965e-008 0.00422956
3.295465e-008 -0.0104444
3.297965e-008 -0.0234784
3.300465e-008 -0.0228742
3.302965e-008 -0.0218383
3.305465e-008 -0.0363397
3.307965e-008 -0.0429862
3.310465e-008 -0.0160551
3.312965e-008 0.0156235
3.315465e-008 0.0109623
3.317965e-008 -0.0157098
3.320465e-008 -0.0277079
3.322965e-008 -0.0235647
3.325465e-008 -0.0157098
3.327965e-008 -0.000517905
3.330465e-008 0.0115666
3.332965e-008 -0.00336639
3.335465e-008 -0.0319375
3.337965e-008 -0.0346997
3.340465e-008 -0.0134655
3.342965e-008 -0.00500642
3.345465e-008 -0.0174361
3.347965e-008 -0.0289164
3.350465e-008 -0.0297796
3.352965e-008 -0.0208025
3.355465e-008 -0.00189899
3.357965e-008 0.012516
3.360465e-008 0.00569696
3.362965e-008 -0.00949493
3.365465e-008 -0.0139834
3.367965e-008 -0.0173498
3.370465e-008 -0.0270174
3.372965e-008 -0.0229605
3.375465e-008 -0.00267584
3.377965e-008 0.00526537
3.380465e-008 -0.00034527
3.382965e-008 0.00673277
3.385465e-008 0.0148466
3.387965e-008 -0.00794122
3.390465e-008 -0.0433314
3.392965e-008 -0.0520495
3.395465e-008 -0.0438493
3.397965e-008 -0.0391019
3.400465e-008 -0.0189035
3.402965e-008 0.0172635
3.405465e-008 0.0224426
3.407965e-008 -0.0104444
3.410465e-008 -0.0249458
3.412965e-008 -0.0049201
3.415465e-008 0.00034527
3.417965e-008 -0.0197667
3.420465e-008 -0.0187309
3.422965e-008 0.0100128
3.425465e-008 0.0223563
3.427965e-008 0.00845912
3.430465e-008 -0.0029348
3.432965e-008 -0.00612855
3.435465e-008 -0.011135
3.437965e-008 -0.00725068
3.440465e-008 0.00880439
3.442965e-008 0.0139834
3.445465e-008 0.00543801
3.447965e-008 0.00897703
3.450465e-008 0.0189035
3.452965e-008 0.00207162
3.455465e-008 -0.0289164
3.457965e-008 -0.0264995
3.460465e-008 0.00397061
3.462965e-008 0.0107897
3.465465e-008 -0.010876
3.467965e-008 -0.0172635
3.470465e-008 -0.00181267
3.472965e-008 0.00431588
3.475465e-008 0.00578328
3.477965e-008 0.0270174
3.480465e-008 0.038325
3.482965e-008 -0.0034527
3.485465e-008 -0.0588686
3.487965e-008 -0.0523084
3.490465e-008 0.00250321
3.492965e-008 0.0283122
3.495465e-008 0.0145877
3.497965e-008 0.012516
3.500465e-008 0.0213204
3.502965e-008 -0.00181267
3.505465e-008 -0.0384976
3.507965e-008 -0.0300385
3.510465e-008 0.0142424
3.512965e-008 0.0303838
3.515465e-008 0.00371166
3.517965e-008 -0.0278806
3.520465e-008 -0.0452304
3.522965e-008 -0.0509274
3.525465e-008 -0.0378071
3.527965e-008 -0.0116529
3.530465e-008 0.000776858
3.532965e-008 0.000172635
3.535465e-008 0.0138108
3.537965e-008 0.0332323
3.540465e-008 0.0264132
3.542965e-008 0.00448851
3.545465e-008 -0.00233057
3.547965e-008 -0.00716436
3.550465e-008 -0.0245142
3.552965e-008 -0.0214931
3.555465e-008 0.00854544
3.557965e-008 0.00733699
3.560465e-008 -0.036426
3.562965e-008 -0.0445399
3.565465e-008 0.00897703
3.567965e-008 0.0439356
3.570465e-008 0.0227015
3.572965e-008 0.00716436
3.575465e-008 0.0193351
3.577965e-008 0.00328007
3.580465e-008 -0.0445399
3.582965e-008 -0.0596454
3.585465e-008 -0.0335775
3.587965e-008 -0.0138108
3.590465e-008 -0.00215794
3.592965e-008 0.0235647
3.595465e-008 0.0365123
3.597965e-008 0.016573
3.600465e-008 0.00336639
3.602965e-008 0.0179541
3.605465e-008 0.0228742
3.607965e-008 0.00871807
3.610465e-008 0.0119118
3.612965e-008 0.0269311
3.615465e-008 0.0114802
3.617965e-008 -0.0240826
3.620465e-008 -0.0340091
3.622965e-008 -0.019853
3.625465e-008 -0.0118255
3.627965e-008 -0.011135
3.630465e-008 -0.00966757
3.632965e-008 -0.0128613
3.635465e-008 -0.0169182
3.637965e-008 -0.0172635
3.640465e-008 -0.0301248
3.642965e-008 -0.0525674
3.645465e-008 -0.0459209
3.647965e-008 -0.00681909
3.650465e-008 0.0178677
3.652965e-008 0.0170909
3.655465e-008 0.0227015
3.657965e-008 0.0243416
3.660465e-008 -0.00716436
3.662965e-008 -0.0332323
3.665465e-008 -0.00845912
3.667965e-008 0.018213
3.670465e-008 -0.00863176
3.672965e-008 -0.0344407
3.675465e-008 0.00241689
3.677965e-008 0.0455757
3.680465e-008 0.0252047
3.682965e-008 -0.0142424
3.685465e-008 -0.00725068
3.687965e-008 0.0158824
3.690465e-008 0.0049201
3.692965e-008 -0.0174361
3.695465e-008 -0.0157098
3.697965e-008 -0.0049201
3.700465e-008 -0.00388429
3.702965e-008 -0.000863176
3.705465e-008 0.00880439
3.707965e-008 0.014415
3.710465e-008 0.0172635
3.712965e-008 0.0191625
3.715465e-008 0.00975389
3.717965e-008 -0.00155372
3.720465e-008 0.011135
3.722965e-008 0.0368576
3.725465e-008 0.0368576
3.727965e-008 0.0170909
3.730465e-008 0.0189035
3.732965e-008 0.0360807
3.735465e-008 0.0227878
3.737965e-008 -0.0190762
3.740465e-008 -0.038325
3.742965e-008 -0.022011
3.745465e-008 -0.0104444
3.747965e-008 -0.0214068
3.750465e-008 -0.0225289
3.752965e-008 0.00750963
3.755465e-008 0.0382387
3.757965e-008 0.0321101
3.760465e-008 -0.00181267
3.762965e-008 -0.0267584
3.765465e-008 -0.0335775
3.767965e-008 -0.0381524
3.770465e-008 -0.0330596
3.772965e-008 0.0029348
3.775465e-008 0.0444536
3.777965e-008 0.038066
3.780465e-008 -0.00802753
3.782965e-008 -0.0278806
3.785465e-008 -0.00422956
3.787965e-008 0.0135519
3.790465e-008 0.00725068
3.792965e-008 0.012516
3.795465e-008 0.0329733
3.797965e-008 0.0286574
3.800465e-008 0.000258953
3.802965e-008 -0.00889071
3.805465e-008 0.00241689
3.807965e-008 -0.00699172
3.810465e-008 -0.0361671
3.812965e-008 -0.0427272
3.815465e-008 -0.0240826
3.817965e-008 -0.0203709
3.820465e-008 -0.0368576
3.822965e-008 -0.0333186
3.825465e-008 0.00276216
3.827965e-008 0.0339228
3.830465e-008 0.0336639
3.832965e-008 0.0230468
3.835465e-008 0.027449
3.837965e-008 0.0369439
3.840465e-008 0.031247
3.842965e-008 0.0178677
3.845465e-008 0.0178677
3.847965e-008 0.0285711
3.850465e-008 0.0281395
3.852965e-008 0.0126887
3.855465e-008 0.000517905
3.857965e-008 8.63176e-005
3.860465e-008 -0.00258953
3.862965e-008 -0.0139834
3.865465e-008 -0.0147603
3.867965e-008 0.0058696
3.870465e-008 0.0193351
3.872965e-008 -0.00215794
3.875465e-008 -0.029089
3.877965e-008 -0.0132929
3.880465e-008 0.027449
3.882965e-008 0.0304701
3.885465e-008 -0.0083728
3.887965e-008 -0.030988
3.890465e-008 -0.0179541
3.892965e-008 -0.00940862
3.895465e-008 -0.018213
3.897965e-008 -0.0104444
3.900465e-008 0.0180404
3.902965e-008 0.0268448
3.905465e-008 0.00483378
3.907965e-008 -0.0124297
3.910465e-008 -0.00509274
3.912965e-008 0.00794122
3.915465e-008 0.0100128
3.917965e-008 0.0058696
3.920465e-008 0.00310743
3.922965e-008 0.00267584
3.925465e-008 0.00328007
3.927965e-008 0.000949493
3.930465e-008 -0.00940862
3.932965e-008 -0.0215794
3.935465e-008 -0.0179541
3.937965e-008 0.00845912
3.940465e-008 0.0339228
3.942965e-008 0.0233921
3.945465e-008 -0.018213
3.947965e-008 -0.0433314
3.950465e-008 -0.029089
3.952965e-008 -0.00975389
3.955465e-008 -0.00940862
3.957965e-008 -0.00215794
3.960465e-008 0.0209752
3.962965e-008 0.0195941
3.965465e-008 -0.0103581
3.967965e-008 -0.0143287
3.970465e-008 0.0098402
3.972965e-008 -0.00681909
3.975465e-008 -0.0644792
3.977965e-008 -0.0718162
3.980465e-008 -0.0138108
3.982965e-008 0.0106171
3.985465e-008 -0.0297796
3.987965e-008 -0.0422956
3.990465e-008 0.0121708
3.992965e-008 0.0486831
3.995465e-008 0.0199394
3.997965e-008 -0.00992652
4.000465e-008 0.00112213
