LECROYSDA18000 15238 Waveform
Segments 1 SegmentSize 1202
Segment TrigTime TimeSinceSegment1
#1 02-Nov-2018 10:21:29 0                 
Time Ampl
-3.01135e-009 -0.00583507
-2.994683e-009 0.00445399
-2.978017e-009 0.0080448
-2.96135e-009 -0.00545527
-2.944683e-009 -0.0161932
-2.928017e-009 -0.00839007
-2.91135e-009 0.0029348
-2.894683e-009 0.00876987
-2.878017e-009 0.0150193
-2.86135e-009 0.010876
-2.844683e-009 -0.00590412
-2.828017e-009 -0.00535169
-2.81135e-009 0.0131548
-2.794683e-009 0.0100819
-2.778017e-009 -0.0093223
-2.76135e-009 -0.00528264
-2.744683e-009 0.00735426
-2.728017e-009 -0.00248595
-2.71135e-009 -0.00901155
-2.694683e-009 0.00158824
-2.678017e-009 -0.00593865
-2.66135e-009 -0.0215794
-2.644683e-009 -0.00138108
-2.628017e-009 0.0199912
-2.61135e-009 -0.00904608
-2.594683e-009 -0.0367368
-2.578017e-009 -0.00852818
-2.56135e-009 0.0183339
-2.544683e-009 -0.00707804
-2.528017e-009 -0.0317994
-2.51135e-009 -0.0120154
-2.494683e-009 0.0145704
-2.478017e-009 0.0143632
-2.46135e-009 0.0012775
-2.444683e-009 -0.007665
-2.428017e-009 -0.00614581
-2.41135e-009 0.00524811
-2.394683e-009 0.0105998
-2.378017e-009 0.00203709
-2.36135e-009 -0.00372892
-2.344683e-009 -0.00131203
-2.328017e-009 -0.00386703
-2.31135e-009 -0.00500642
-2.294683e-009 0.0063875
-2.278017e-009 0.00783764
-2.26135e-009 -0.0166766
-2.244683e-009 -0.0333186
-2.228017e-009 -0.0143632
-2.21135e-009 0.00801027
-2.194683e-009 -0.000517905
-2.178017e-009 -0.0152955
-2.16135e-009 -0.00441946
-2.144683e-009 0.00873534
-2.128017e-009 -0.00379797
-2.11135e-009 -0.0148811
-2.094683e-009 -0.00189899
-2.078017e-009 -0.00134655
-2.06135e-009 -0.0296587
-2.044683e-009 -0.0342163
-2.028017e-009 0.00376345
-2.01135e-009 0.0244797
-1.994683e-009 0.00469568
-1.978017e-009 -0.00576601
-1.96135e-009 0.00935682
-1.944683e-009 0.0168837
-1.928017e-009 0.0142942
-1.91135e-009 0.0151919
-1.894683e-009 0.00680182
-1.878017e-009 -0.00476473
-1.86135e-009 0.00683635
-1.844683e-009 0.0214068
-1.828017e-009 0.0058696
-1.81135e-009 -0.0131203
-1.794683e-009 -0.00573149
-1.778017e-009 0.00227878
-1.76135e-009 -0.00790669
-1.744683e-009 -0.01533
-1.728017e-009 -0.0135001
-1.71135e-009 -0.0120845
-1.694683e-009 -0.00497189
-1.678017e-009 0.00466115
-1.66135e-009 -0.000379797
-1.644683e-009 -0.00873534
-1.628017e-009 0.00155372
-1.61135e-009 0.017229
-1.594683e-009 0.015986
-1.578017e-009 0.002555
-1.56135e-009 -0.00821743
-1.544683e-009 -0.00614581
-1.528017e-009 0.011532
-1.51135e-009 0.0276907
-1.494683e-009 0.0217866
-1.478017e-009 -0.000414324
-1.46135e-009 -0.019128
-1.444683e-009 -0.0213377
-1.428017e-009 -0.00497189
-1.41135e-009 0.00942588
-1.394683e-009 -0.000241689
-1.378017e-009 -0.0125678
-1.36135e-009 -0.000863176
-1.344683e-009 0.00911514
-1.328017e-009 -0.0016573
-1.31135e-009 -0.00238237
-1.294683e-009 0.0100819
-1.278017e-009 0.00552432
-1.26135e-009 0.00214068
-1.244683e-009 0.0196804
-1.228017e-009 0.0149847
-1.21135e-009 -0.0148121
-1.194683e-009 -0.00662919
-1.178017e-009 0.0241344
-1.16135e-009 0.00956399
-1.144683e-009 -0.0168837
-1.128017e-009 -0.000690541
-1.11135e-009 0.0102891
-1.094683e-009 -0.00821743
-1.078017e-009 0.00117392
-1.06135e-009 0.0244106
-1.044683e-009 0
-1.028017e-009 -0.0283122
-1.01135e-009 -0.0101164
-9.946833e-010 -0.0063875
-9.780166e-010 -0.0382559
-9.6135e-010 -0.03066
-9.446833e-010 0.0120845
-9.280166e-010 0.0151919
-9.1135e-010 -0.00390155
-8.946833e-010 0.00500642
-8.780166e-010 0.013431
-8.6135e-010 0.00445399
-8.446833e-010 0.0126369
-8.280166e-010 0.0264477
-8.1135e-010 0.0144668
-7.946833e-010 0.00590412
-7.780166e-010 0.0219937
-7.6135e-010 0.035114
-7.446833e-010 0.047889
-7.280166e-010 0.077962
-7.1135e-010 0.0921526
-6.946833e-010 0.0791014
-6.780166e-010 0.0952946
-6.6135e-010 0.155164
-6.446833e-010 0.200568
-6.280166e-010 0.214033
-6.1135e-010 0.234922
-5.946833e-010 0.274663
-5.780166e-010 0.313609
-5.6135e-010 0.345823
-5.446833e-010 0.374894
-5.280166e-010 0.40628
-5.1135e-010 0.447816
-4.946833e-010 0.488661
-4.780166e-010 0.511932
-4.6135e-010 0.534099
-4.446833e-010 0.5756
-4.280166e-010 0.612648
-4.1135e-010 0.619795
-3.946833e-010 0.620934
-3.780166e-010 0.64165
-3.6135e-010 0.66392
-3.446833e-010 0.669755
-3.280166e-010 0.67345
-3.1135e-010 0.68436
-2.946833e-010 0.689643
-2.780166e-010 0.683083
-2.6135e-010 0.670032
-2.446833e-010 0.656531
-2.280166e-010 0.65698
-2.1135e-010 0.677386
-1.946833e-010 0.689229
-1.780166e-010 0.672
-1.6135e-010 0.657809
-1.446833e-010 0.669514
-1.280166e-010 0.670618
-1.1135e-010 0.638577
-9.46833e-011 0.606433
-7.801664e-011 0.589791
-6.134997e-011 0.568867
-4.46833e-011 0.548842
-2.801664e-011 0.538932
-1.134997e-011 0.51024
5.316696e-012 0.455584
2.198336e-011 0.413496
3.865003e-011 0.388567
5.53167e-011 0.350035
7.198336e-011 0.302353
8.865003e-011 0.257503
1.053167e-010 0.193559
1.219834e-010 0.115838
1.3865e-010 0.0640476
1.553167e-010 0.028105
1.719834e-010 -0.032628
1.8865e-010 -0.106343
2.053167e-010 -0.165384
2.219834e-010 -0.225945
2.3865e-010 -0.300834
2.553167e-010 -0.368058
2.719834e-010 -0.417052
2.8865e-010 -0.4599
3.053167e-010 -0.502679
3.219834e-010 -0.543455
3.3865e-010 -0.573563
3.553167e-010 -0.583369
3.719834e-010 -0.587443
3.8865e-010 -0.607089
4.053167e-010 -0.628219
4.219834e-010 -0.633157
4.3865e-010 -0.641788
4.553167e-010 -0.66285
4.719834e-010 -0.664645
4.8865e-010 -0.639648
5.053167e-010 -0.624249
5.219834e-010 -0.629738
5.3865e-010 -0.626976
5.553167e-010 -0.608228
5.719834e-010 -0.601219
5.8865e-010 -0.614685
6.053167e-010 -0.6209
6.219834e-010 -0.610818
6.3865e-010 -0.614512
6.553167e-010 -0.633709
6.719834e-010 -0.624007
6.8865e-010 -0.587098
7.053167e-010 -0.579398
7.219834e-010 -0.594245
7.3865e-010 -0.570594
7.553167e-010 -0.521324
7.719834e-010 -0.499019
7.8865e-010 -0.482722
8.053167e-010 -0.441739
8.219834e-010 -0.404864
8.3865e-010 -0.371476
8.553167e-010 -0.308568
8.719834e-010 -0.252496
8.8865e-010 -0.241586
9.053167e-010 -0.218004
9.219834e-010 -0.150054
9.3865e-010 -0.105515
9.553167e-010 -0.105756
9.719834e-010 -0.0904263
9.8865e-010 -0.0485105
1.005317e-009 -0.0136727
1.021983e-009 0.0181957
1.03865e-009 0.049201
1.055317e-009 0.0577982
1.071983e-009 0.055554
1.08865e-009 0.064462
1.105317e-009 0.074026
1.121983e-009 0.079792
1.13865e-009 0.0812766
1.155317e-009 0.0564517
1.171983e-009 0.0207853
1.18865e-009 0.0206472
1.205317e-009 0.0317994
1.221983e-009 0.00756142
1.23865e-009 -0.0140525
1.255317e-009 -0.000759595
1.271983e-009 -0.00138108
1.28865e-009 -0.0249976
1.305317e-009 -0.0208543
1.321983e-009 -0.00369439
1.33865e-009 -0.0178505
1.355317e-009 -0.0375654
1.371983e-009 -0.0390501
1.38865e-009 -0.0457138
1.405317e-009 -0.0505476
1.421983e-009 -0.0353557
1.43865e-009 -0.0253428
1.455317e-009 -0.0230641
1.471983e-009 -0.00407419
1.48865e-009 0.00362534
1.505317e-009 -0.019197
1.521983e-009 -0.0231331
1.53865e-009 -0.00459209
1.555317e-009 -0.0190589
1.571983e-009 -0.0471639
1.58865e-009 -0.0423647
1.605317e-009 -0.0433659
1.621983e-009 -0.0685707
1.63865e-009 -0.0606985
1.655317e-009 -0.0314196
1.671983e-009 -0.0465079
1.68865e-009 -0.075338
1.705317e-009 -0.0639441
1.721983e-009 -0.0541729
1.73865e-009 -0.0781347
1.755317e-009 -0.0954672
1.771983e-009 -0.0950529
1.78865e-009 -0.0946041
1.805317e-009 -0.0793776
1.821983e-009 -0.0589722
1.83865e-009 -0.0719543
1.855317e-009 -0.0929468
1.871983e-009 -0.073439
1.88865e-009 -0.037738
1.905317e-009 -0.0254119
1.921983e-009 -0.0294516
1.93865e-009 -0.0401204
1.955317e-009 -0.0488212
1.971983e-009 -0.0335257
1.98865e-009 -0.0104962
2.005317e-009 -0.016642
2.021983e-009 -0.0316613
2.03865e-009 -0.0230986
2.055317e-009 -0.0142597
2.071983e-009 -0.0207162
2.08865e-009 -0.0156407
2.105317e-009 0.00334912
2.121983e-009 0.0131893
2.13865e-009 0.0139834
2.155317e-009 0.0104272
2.171983e-009 0.00158824
2.18865e-009 0.00196804
2.205317e-009 0.0106689
2.221983e-009 0.00417777
2.23865e-009 -0.0112213
2.255317e-009 -0.0162968
2.271983e-009 -0.0234439
2.28865e-009 -0.0308672
2.305317e-009 -0.014674
2.321983e-009 0.00189899
2.33865e-009 -0.0116356
2.355317e-009 -0.0206126
2.371983e-009 -0.00521358
2.38865e-009 -0.0060077
2.405317e-009 -0.0197149
2.421983e-009 -0.00283122
2.43865e-009 0.0178159
2.455317e-009 -0.00241689
2.471983e-009 -0.0296587
2.48865e-009 -0.0289337
2.505317e-009 -0.0222354
2.521983e-009 -0.0188172
2.53865e-009 -0.0110141
2.555317e-009 -0.0122226
2.571983e-009 -0.0124988
2.58865e-009 0.0118773
2.605317e-009 0.027518
2.621983e-009 0.0047302
2.63865e-009 -0.0112558
2.655317e-009 0.00248595
2.671983e-009 0.00238237
2.68865e-009 -0.0145014
2.705317e-009 -0.0128786
2.721983e-009 -0.0111522
2.73865e-009 -0.0296242
2.755317e-009 -0.0321101
2.771983e-009 -0.010876
2.78865e-009 -0.00286574
2.805317e-009 -0.00155372
2.821983e-009 0.0122571
2.83865e-009 0.00773405
2.855317e-009 -0.0196114
2.871983e-009 -0.0190244
2.88865e-009 0.0071471
2.905317e-009 0.00441946
2.921983e-009 -0.019197
2.93865e-009 -0.0161586
2.955317e-009 0.00207162
2.971983e-009 -0.00172635
2.98865e-009 -0.0174361
3.005317e-009 -0.0177124
3.021983e-009 -0.00490284
3.03865e-009 0.0016573
3.055317e-009 -0.00949493
3.071983e-009 -0.026206
3.08865e-009 -0.016642
3.105317e-009 0.0229259
3.121983e-009 0.046577
3.13865e-009 0.023582
3.155317e-009 -0.0128095
3.171983e-009 -0.0202328
3.18865e-009 -0.00690541
3.205317e-009 -0.00252047
3.221983e-009 -0.0111868
3.23865e-009 -0.0174361
3.255317e-009 -0.0111522
3.271983e-009 0.00552432
3.28865e-009 0.0203709
3.305317e-009 0.0228569
3.321983e-009 0.0165384
3.33865e-009 0.00987473
3.355317e-009 0.00452304
3.371983e-009 0.00359081
3.38865e-009 0.00756142
3.405317e-009 -0.00179541
3.421983e-009 -0.0323864
3.43865e-009 -0.0477854
3.455317e-009 -0.0187827
3.471983e-009 0.0180576
3.48865e-009 0.0166075
3.505317e-009 -0.00590412
3.521983e-009 -0.01022
3.53865e-009 0.0021752
3.555317e-009 0.0111868
3.571983e-009 0.0108415
3.58865e-009 -0.000897703
3.605317e-009 -0.0196459
3.621983e-009 -0.0258607
3.63865e-009 -0.0126714
3.655317e-009 -0.00303838
3.671983e-009 -0.0135346
3.68865e-009 -0.0265168
3.705317e-009 -0.0203364
3.721983e-009 -0.00524811
3.73865e-009 -0.00179541
3.755317e-009 -0.00179541
3.771983e-009 0.00901155
3.78865e-009 0.0110141
3.805317e-009 -0.0103236
3.821983e-009 -0.0220282
3.83865e-009 -0.00649108
3.855317e-009 -0.00238237
3.871983e-009 -0.0206472
3.88865e-009 -0.0156753
3.905317e-009 0.015986
3.921983e-009 0.0251357
3.93865e-009 0.00763047
3.955317e-009 -0.00189899
3.971983e-009 -0.000690541
3.98865e-009 0.00272764
4.005317e-009 0.0104617
4.021983e-009 0.00597318
4.03865e-009 -0.0132584
4.055317e-009 -0.0098402
4.071983e-009 0.014743
4.08865e-009 0.00980568
4.105317e-009 -0.0182303
4.121983e-009 -0.0176088
4.13865e-009 0.00441946
4.155317e-009 0.0105998
4.171983e-009 0.00683635
4.18865e-009 0.00376345
4.205317e-009 -0.00852818
4.221983e-009 -0.0208198
4.23865e-009 -0.019197
4.255317e-009 -0.00918419
4.271983e-009 0.00852818
4.28865e-009 0.0211305
4.305317e-009 -0.00338365
4.321983e-009 -0.040293
4.33865e-009 -0.02555
4.355317e-009 0.0156753
4.371983e-009 0.00780311
4.38865e-009 -0.0280014
4.405317e-009 -0.0269656
4.421983e-009 -0.00528264
4.43865e-009 -0.000276216
4.455317e-009 0.00186446
4.471983e-009 0.00611128
4.48865e-009 -0.00276216
4.505317e-009 -0.00845912
4.521983e-009 0.0012775
4.53865e-009 0.00196804
4.555317e-009 -0.0085627
4.571983e-009 -0.00176088
4.58865e-009 0.0181267
4.605317e-009 0.0204745
4.621983e-009 0.00158824
4.63865e-009 -0.0161241
4.655317e-009 -0.0165384
4.671983e-009 -0.00814838
4.68865e-009 -0.0122571
4.705317e-009 -0.0253428
4.721983e-009 -0.023582
4.73865e-009 -0.0122571
4.755317e-009 -0.0103581
4.771983e-009 -0.0047302
4.78865e-009 0.0122571
4.805317e-009 0.0149847
4.821983e-009 0.00462662
4.83865e-009 0.0072852
4.855317e-009 0.00914966
4.871983e-009 -0.00611128
4.88865e-009 -0.0085627
4.905317e-009 0.00662919
4.921983e-009 0.00328007
4.93865e-009 -0.00821743
4.955317e-009 0.00203709
4.971983e-009 0.00359081
4.98865e-009 -0.0185755
5.005317e-009 -0.011532
5.021983e-009 0.0270001
5.03865e-009 0.0283467
5.055317e-009 -0.00507547
5.071983e-009 -0.00901155
5.08865e-009 0.00718162
5.105317e-009 -0.00203709
5.121983e-009 -0.0118428
5.13865e-009 0.00459209
5.155317e-009 0.00611128
5.171983e-009 -0.0193697
5.18865e-009 -0.0158824
5.205317e-009 0.0204055
5.221983e-009 0.0230295
5.23865e-009 -0.0103581
5.255317e-009 -0.0150883
5.271983e-009 0.00769953
5.28865e-009 0.00590412
5.305317e-009 -0.00690541
5.321983e-009 0.00555885
5.33865e-009 0.011463
5.355317e-009 -0.013431
5.371983e-009 -0.0256881
5.38865e-009 -0.0097021
5.405317e-009 -0.00107034
5.421983e-009 0.000172635
5.43865e-009 0.0080448
5.455317e-009 0.00307291
5.471983e-009 -0.000552432
5.48865e-009 0.0277943
5.505317e-009 0.0382905
5.521983e-009 -0.00448851
5.53865e-009 -0.0220282
5.555317e-009 0.0136382
5.571983e-009 0.012119
5.58865e-009 -0.0292099
5.605317e-009 -0.0226843
5.621983e-009 0.00269311
5.63865e-009 -0.018541
5.655317e-009 -0.0234784
5.671983e-009 0.0209924
5.68865e-009 0.0279669
5.705317e-009 -0.0034527
5.721983e-009 0.011532
5.73865e-009 0.0352176
5.755317e-009 -0.00403966
5.771983e-009 -0.038981
5.78865e-009 -0.0102891
5.805317e-009 0.0167456
5.821983e-009 0.00176088
5.83865e-009 -0.0198185
5.855317e-009 -0.0337674
5.871983e-009 -0.0330078
5.88865e-009 -0.00317649
5.905317e-009 0.0162622
5.921983e-009 -0.00642203
5.93865e-009 -0.0214413
5.955317e-009 -0.00283122
5.971983e-009 0.00621487
5.98865e-009 0.00310743
6.005317e-009 0.0121535
6.021983e-009 0.00220973
6.03865e-009 -0.0328352
6.055317e-009 -0.0309707
6.071983e-009 0.00949493
6.08865e-009 0.019784
6.105317e-009 -0.00369439
6.121983e-009 -0.0104962
6.13865e-009 -0.000759595
6.155317e-009 -0.00265858
6.171983e-009 -0.01022
6.18865e-009 -0.00569696
6.205317e-009 0.00731973
6.221983e-009 0.00966757
6.23865e-009 -0.0072852
6.255317e-009 -0.02044
6.271983e-009 -0.00942588
6.28865e-009 0.00155372
6.305317e-009 -0.00921872
6.321983e-009 -0.0180576
6.33865e-009 -0.00942588
6.355317e-009 -0.000241689
6.371983e-009 0.00400514
6.38865e-009 0.00466115
6.405317e-009 -0.00538622
6.421983e-009 -0.010876
6.43865e-009 0.000448851
6.455317e-009 -0.000172635
6.471983e-009 -0.0169873
6.48865e-009 -0.0107379
6.505317e-009 0.0102545
6.521983e-009 0.00914966
6.53865e-009 0.00635297
6.555317e-009 0.0145704
6.571983e-009 -0.00193351
6.58865e-009 -0.0198876
6.605317e-009 0.0103926
6.621983e-009 0.0333531
6.63865e-009 -0.00203709
6.655317e-009 -0.0203019
6.671983e-009 0.00956399
6.68865e-009 0.00238237
6.705317e-009 -0.0365641
6.721983e-009 -0.016573
6.73865e-009 0.0242725
6.755317e-009 0.00117392
6.771983e-009 -0.0264477
6.78865e-009 0.0085627
6.805317e-009 0.0371856
6.821983e-009 0.0111177
6.83865e-009 -0.00935682
6.855317e-009 0.00341818
6.871983e-009 0.00718162
6.88865e-009 -0.0111522
6.905317e-009 -0.0291753
6.921983e-009 -0.0306945
6.93865e-009 -0.00607676
6.955317e-009 0.02555
6.971983e-009 0.0216139
6.98865e-009 -0.00680182
7.005317e-009 -0.00517905
7.021983e-009 0.0200947
7.03865e-009 0.0152264
7.055317e-009 -0.0161241
7.071983e-009 -0.0290027
7.08865e-009 -0.0251012
7.105317e-009 -0.0331114
7.121983e-009 -0.0419503
7.13865e-009 -0.0264132
7.155317e-009 0.000656014
7.171983e-009 0.013362
7.18865e-009 0.0145014
7.205317e-009 0.0172635
7.221983e-009 0.0199221
7.23865e-009 0.0184374
7.255317e-009 0.0123607
7.271983e-009 -0.000276216
7.28865e-009 -0.00787216
7.305317e-009 0.00455757
7.321983e-009 0.0143978
7.33865e-009 -0.00814838
7.355317e-009 -0.0328352
7.371983e-009 -0.0171254
7.38865e-009 0.0117737
7.405317e-009 0.012188
7.421983e-009 0.00321101
7.43865e-009 0.00921872
7.455317e-009 0.0135001
7.471983e-009 0.00921872
7.48865e-009 0.00883892
7.505317e-009 0.00338365
7.521983e-009 -0.0123261
7.53865e-009 -0.0140525
7.555317e-009 0.00283122
7.571983e-009 0.00925324
7.58865e-009 -0.00531716
7.605317e-009 -0.0199912
7.621983e-009 -0.0137418
7.63865e-009 0.0139834
7.655317e-009 0.0343889
7.671983e-009 0.0195768
7.68865e-009 -0.007665
7.705317e-009 -0.00811385
7.721983e-009 0.0038325
7.73865e-009 -0.00328007
7.755317e-009 -0.0148811
7.771983e-009 -0.0113594
7.78865e-009 -0.0071471
7.805317e-009 -0.00832101
7.821983e-009 -0.00234784
7.83865e-009 0.00521358
7.855317e-009 0.00334912
7.871983e-009 0.00186446
7.88865e-009 0.00987473
7.905317e-009 0.0199566
7.921983e-009 0.0201983
7.93865e-009 0.00466115
7.955317e-009 -0.0126024
7.971983e-009 -0.00466115
7.98865e-009 0.0208198
8.005317e-009 0.0203709
8.021983e-009 -0.0156753
8.03865e-009 -0.0471984
8.055317e-009 -0.0442291
8.071983e-009 -0.0153991
8.08865e-009 0.013362
8.105317e-009 0.0204745
8.121983e-009 0.00904608
8.13865e-009 0.00417777
8.155317e-009 0.0146049
8.171983e-009 0.0247214
8.18865e-009 0.0255845
8.205317e-009 0.017885
8.221983e-009 0.000207162
8.23865e-009 -0.0177124
8.255317e-009 -0.0173326
8.271983e-009 0.000794122
8.28865e-009 0.01533
8.305317e-009 0.0089425
8.321983e-009 -0.0106689
8.33865e-009 -0.0120499
8.355317e-009 0.0139489
8.371983e-009 0.0262751
8.38865e-009 0.00103581
8.405317e-009 -0.0200947
8.421983e-009 -0.00652561
8.43865e-009 0.0084246
8.455317e-009 -0.00455757
8.471983e-009 -0.0305219
8.48865e-009 -0.0461281
8.505317e-009 -0.036426
8.521983e-009 -0.00662919
8.53865e-009 0.00707804
8.555317e-009 -0.0071471
8.571983e-009 -0.0119464
8.58865e-009 0.000966757
8.605317e-009 0.00262405
8.621983e-009 0.00189899
8.63865e-009 0.0109105
8.655317e-009 -0.00321101
8.671983e-009 -0.0331459
8.68865e-009 -0.0261715
8.705317e-009 -0.00210615
8.721983e-009 -0.00921872
8.73865e-009 -0.0121535
8.755317e-009 0.0151919
8.771983e-009 0.0208198
8.78865e-009 0.00124297
8.805317e-009 0.00607676
8.821983e-009 0.0105998
8.83865e-009 -0.0166075
8.855317e-009 -0.0188863
8.871983e-009 0.0186101
8.88865e-009 0.0230986
8.905317e-009 -0.00908061
8.921983e-009 -0.0142597
8.93865e-009 0.00265858
8.955317e-009 0.00580054
8.971983e-009 0.00441946
8.98865e-009 -0.00103581
9.005317e-009 -0.0182648
9.021983e-009 -0.0172635
9.03865e-009 0.00504095
9.055317e-009 0.00652561
9.071983e-009 -0.00493737
9.08865e-009 0.00424682
9.105317e-009 0.00673277
9.121983e-009 -0.0170218
9.13865e-009 -0.0247559
9.155317e-009 -0.0101509
9.171983e-009 -0.0158134
9.18865e-009 -0.0331114
9.205317e-009 -0.0237201
9.221983e-009 -0.00058696
9.23865e-009 0.00759595
9.255317e-009 0.00448851
9.271983e-009 -0.000448851
9.28865e-009 -0.00362534
9.305317e-009 -0.000379797
9.321983e-009 0.000966757
9.33865e-009 -0.0103236
9.355317e-009 -0.023582
9.371983e-009 -0.021683
9.38865e-009 -0.00390155
9.405317e-009 0.0120499
9.421983e-009 0.00597318
9.43865e-009 -0.00956399
9.455317e-009 -0.00103581
9.471983e-009 0.019128
9.48865e-009 0.0117737
9.505317e-009 -0.00707804
9.521983e-009 -0.00642203
9.53865e-009 -0.00790669
9.555317e-009 -0.0186446
9.571983e-009 -0.00459209
9.58865e-009 0.0179195
9.605317e-009 0.0071471
9.621983e-009 -0.0103236
9.63865e-009 -0.00514453
9.655317e-009 -0.00376345
9.671983e-009 -0.00172635
9.68865e-009 0.0222009
9.705317e-009 0.0189553
9.721983e-009 -0.0289337
9.73865e-009 -0.037738
9.755317e-009 0.00759595
9.771983e-009 0.0144323
9.78865e-009 -0.0234439
9.805317e-009 -0.026793
9.821983e-009 0.000172635
9.83865e-009 0.0063875
9.855317e-009 -0.000621487
9.871983e-009 -0.00790669
9.88865e-009 -0.017885
9.905317e-009 -0.00341818
9.921983e-009 0.0288991
9.93865e-009 0.0195423
9.955317e-009 -0.0213032
9.971983e-009 -0.0244797
9.98865e-009 0.000276216
1.000532e-008 0
1.002198e-008 -0.0110141
1.003865e-008 -0.00493737
1.005532e-008 0.000103581
1.007198e-008 -0.00224426
1.008865e-008 0.00511
1.010532e-008 0.0166075
1.012198e-008 0.0192316
1.013865e-008 0.0158479
1.015532e-008 0.0112213
1.017198e-008 0.0142942
1.018865e-008 0.0268275
1.020532e-008 0.0220282
1.022198e-008 -0.00963304
1.023865e-008 -0.0287955
1.025532e-008 -0.0167801
1.027198e-008 -0.00428135
1.028865e-008 -0.00628392
1.030532e-008 -0.0110486
1.032198e-008 -0.0160551
1.033865e-008 -0.0126024
1.035532e-008 0.00811385
1.037198e-008 0.0183684
1.038865e-008 -0.000690541
1.040532e-008 -0.0151574
1.042198e-008 -0.00573149
1.043865e-008 0.00158824
1.045532e-008 0.00093223
1.047198e-008 0.00528264
1.048865e-008 -0.000448851
1.050532e-008 -0.0194732
1.052198e-008 -0.0203709
1.053865e-008 -0.00348723
1.055532e-008 -0.00120845
1.057198e-008 -0.00880439
1.058865e-008 -0.00500642
1.060532e-008 -0.00210615
1.062198e-008 -0.00890797
1.063865e-008 -0.00921872
1.065532e-008 -0.00559338
1.067198e-008 -0.0120154
1.068865e-008 -0.01533
1.070532e-008 -0.00687088
1.072198e-008 -0.00745784
1.073865e-008 -0.0174707
1.075532e-008 -0.00687088
1.077198e-008 0.0204745
1.078865e-008 0.0275526
1.080532e-008 0.013431
1.082198e-008 0.00569696
1.083865e-008 0.000483378
1.085532e-008 -0.0141906
1.087198e-008 -0.0142942
1.088865e-008 0.0058696
1.090532e-008 0.000966757
1.092198e-008 -0.0340782
1.093865e-008 -0.0375654
1.095532e-008 -0.00155372
1.097198e-008 0.00773405
1.098865e-008 -0.0193697
1.100532e-008 -0.0292444
1.102198e-008 -0.019853
1.103865e-008 -0.0206126
1.105532e-008 -0.0139489
1.107198e-008 0.00977115
1.108865e-008 0.0137763
1.110532e-008 -0.00286574
1.112198e-008 -0.00341818
1.113865e-008 0.00424682
1.115532e-008 -0.00348723
1.117198e-008 -0.0105653
1.118865e-008 -0.0110141
1.120532e-008 -0.0204745
1.122198e-008 -0.0216139
1.123865e-008 -0.00155372
1.125532e-008 0.0034527
1.127198e-008 -0.0162968
1.128865e-008 -0.0196459
1.130532e-008 -0.00151919
1.132198e-008 0.00731973
1.133865e-008 0.00666372
1.135532e-008 0.00265858
1.137198e-008 -0.0122226
1.138865e-008 -0.017885
1.140532e-008 -0.000621487
1.142198e-008 0.00303838
1.143865e-008 -0.0178159
1.145532e-008 -0.0214068
1.147198e-008 -0.00749237
1.148865e-008 -0.0102891
1.150532e-008 -0.014674
1.152198e-008 -0.00573149
1.153865e-008 -0.0174707
1.155532e-008 -0.0416396
1.157198e-008 -0.0269656
1.158865e-008 0.00200257
1.160532e-008 -0.0104617
1.162198e-008 -0.0293134
1.163865e-008 -0.00780311
1.165532e-008 0.012119
1.167198e-008 -0.000690541
1.168865e-008 -0.00269311
1.170532e-008 0.0187136
1.172198e-008 0.0185065
1.173865e-008 -0.00597318
1.175532e-008 -0.0120845
1.177198e-008 0.00214068
1.178865e-008 0.00186446
1.180532e-008 -0.0164694
1.182198e-008 -0.0179886
1.183865e-008 0.011463
1.185532e-008 0.0321447
1.187198e-008 0.0058696
1.188865e-008 -0.0338365
1.190532e-008 -0.0311779
1.192198e-008 -0.00314196
1.193865e-008 -0.000828649
1.195532e-008 -0.01533
1.197198e-008 -0.010876
1.198865e-008 0.00314196
1.200532e-008 0.00390155
1.202198e-008 -0.000241689
1.203865e-008 0.00324554
1.205532e-008 0.00980568
1.207198e-008 0.0093223
1.208865e-008 -0.00403966
1.210532e-008 -0.0157098
1.212198e-008 -0.00276216
1.213865e-008 0.0151574
1.215532e-008 -0.000828649
1.217198e-008 -0.0269656
1.218865e-008 -0.0177814
1.220532e-008 -0.00207162
1.222198e-008 -0.0186791
1.223865e-008 -0.0255155
1.225532e-008 0.00780311
1.227198e-008 0.0250321
1.228865e-008 -0.00290027
1.230532e-008 -0.0203364
1.232198e-008 -0.00283122
1.233865e-008 0.00669824
1.235532e-008 -0.00614581
1.237198e-008 -0.014743
1.238865e-008 -0.0163658
1.240532e-008 -0.0210615
1.242198e-008 -0.0177469
1.243865e-008 -0.00186446
1.245532e-008 0.00897703
1.247198e-008 0.00569696
1.248865e-008 -0.00214068
1.250532e-008 -0.00272764
1.252198e-008 0.00635297
1.253865e-008 0.0120845
1.255532e-008 -0.000656014
1.257198e-008 -0.0223735
1.258865e-008 -0.0288301
1.260532e-008 -0.0156753
1.262198e-008 0.00214068
1.263865e-008 0.0118773
1.265532e-008 0.00569696
1.267198e-008 -0.0127059
1.268865e-008 -0.0196459
1.270532e-008 -0.000863176
1.272198e-008 0.0183684
1.273865e-008 0.00790669
1.275532e-008 -0.0174361
1.277198e-008 -0.0201983
1.278865e-008 -0.000552432
1.280532e-008 0.00593865
1.282198e-008 -0.0127405
1.283865e-008 -0.0309707
1.285532e-008 -0.0335257
1.287198e-008 -0.0308326
1.288865e-008 -0.0269311
1.290532e-008 -0.0215794
1.292198e-008 -0.027449
1.293865e-008 -0.0372547
1.295532e-008 -0.0175397
1.297198e-008 0.0201638
1.298865e-008 0.0195078
1.300532e-008 -0.0191625
1.302198e-008 -0.0384976
1.303865e-008 -0.0305564
1.305532e-008 -0.0290718
1.307198e-008 -0.0254119
1.308865e-008 -0.00621487
1.310532e-008 -0.00935682
1.312198e-008 -0.0428826
1.313865e-008 -0.0454376
1.315532e-008 -0.000517905
1.317198e-008 0.0263787
1.318865e-008 0.00839007
1.320532e-008 -0.00614581
1.322198e-008 0.00545527
1.323865e-008 0.0123607
1.325532e-008 0.00141561
1.327198e-008 -0.00825196
1.328865e-008 -0.00759595
1.330532e-008 -0.00376345
1.332198e-008 -0.00431588
1.333865e-008 -0.0128095
1.335532e-008 -0.0193697
1.337198e-008 -0.00704351
1.338865e-008 0.0138799
1.340532e-008 0.0149502
1.342198e-008 0.00359081
1.343865e-008 0.0124643
1.345532e-008 0.0336293
1.347198e-008 0.0327662
1.348865e-008 0.0173326
1.350532e-008 0.0155372
1.352198e-008 0.0174016
1.353865e-008 0.00690541
1.355532e-008 0.00542074
1.357198e-008 0.0243416
1.358865e-008 0.0375309
1.360532e-008 0.0336984
1.362198e-008 0.0291753
1.363865e-008 0.0278633
1.365532e-008 0.026862
1.367198e-008 0.0306945
1.368865e-008 0.0273799
1.370532e-008 0.00908061
1.372198e-008 0.00870081
1.373865e-008 0.0421575
1.375532e-008 0.0637369
1.377198e-008 0.0484759
1.378865e-008 0.0340437
1.380532e-008 0.0369094
1.382198e-008 0.0327316
1.383865e-008 0.0276216
1.385532e-008 0.0411907
1.387198e-008 0.0481307
1.388865e-008 0.0239618
1.390532e-008 -0.00334912
1.392198e-008 -0.00148466
1.393865e-008 0.0193697
1.395532e-008 0.0270692
1.397198e-008 0.00711257
1.398865e-008 -0.0145359
1.400532e-008 -0.00624939
1.402198e-008 0.00718162
1.403865e-008 -0.0148121
1.405532e-008 -0.041467
1.407198e-008 -0.0312124
1.408865e-008 -0.0212341
1.410532e-008 -0.0390155
1.412198e-008 -0.0348723
1.413865e-008 -0.00200257
1.415532e-008 -0.00583507
1.417198e-008 -0.0404312
1.418865e-008 -0.0375309
1.420532e-008 -0.0104962
1.422198e-008 -0.0136727
1.423865e-008 -0.0263096
1.425532e-008 -0.0161586
1.427198e-008 -0.00866628
1.428865e-008 -0.0151574
1.430532e-008 -0.0142251
1.432198e-008 -0.0141906
1.433865e-008 -0.0271037
1.435532e-008 -0.0293825
1.437198e-008 -0.0166075
1.438865e-008 -0.0152955
1.440532e-008 -0.0211651
1.442198e-008 -0.0131548
1.443865e-008 -0.00220973
1.445532e-008 -0.000310743
1.447198e-008 0.00179541
1.448865e-008 -0.0012775
1.450532e-008 -0.0171599
1.452198e-008 -0.0215794
1.453865e-008 -0.00207162
1.455532e-008 0.00731973
1.457198e-008 -0.013431
1.458865e-008 -0.031903
1.460532e-008 -0.0214413
1.462198e-008 -0.00186446
1.463865e-008 0.00148466
1.465532e-008 -0.00517905
1.467198e-008 -0.00997831
1.468865e-008 -0.0185755
1.470532e-008 -0.0275526
1.472198e-008 -0.0162277
1.473865e-008 0.00628392
1.475532e-008 0.00438493
1.477198e-008 -0.01022
1.478865e-008 0.00742331
1.480532e-008 0.0384631
1.482198e-008 0.0285539
1.483865e-008 -0.00224426
1.485532e-008 -0.00189899
1.487198e-008 0.0117392
1.488865e-008 0.0080448
1.490532e-008 0.0116011
1.492198e-008 0.026862
1.493865e-008 0.0151919
1.495532e-008 -0.0102891
1.497198e-008 -0.000276216
1.498865e-008 0.0292099
1.500532e-008 0.0305564
1.502198e-008 0.00825196
1.503865e-008 -0.0123952
1.505532e-008 -0.0230986
1.507198e-008 -0.0151574
1.508865e-008 -0.00189899
1.510532e-008 -0.0173671
1.512198e-008 -0.0400168
1.513865e-008 -0.0176088
1.515532e-008 0.0196114
1.517198e-008 0.00925324
1.518865e-008 -0.018472
1.520532e-008 -0.0118082
1.522198e-008 -0.0038325
1.523865e-008 -0.0234439
1.525532e-008 -0.0277252
1.527198e-008 -0.00545527
1.528865e-008 -0.0016573
1.530532e-008 -0.0134655
1.532198e-008 -0.00407419
1.533865e-008 0.0103236
1.535532e-008 0.00500642
1.537198e-008 0.00317649
1.538865e-008 0.0126369
1.540532e-008 0.00825196
1.542198e-008 0.00093223
1.543865e-008 0.0137763
1.545532e-008 0.0166766
1.547198e-008 -0.0128786
1.548865e-008 -0.029348
1.550532e-008 -0.00431588
1.552198e-008 0.0162622
1.553865e-008 -0.00203709
1.555532e-008 -0.026862
1.557198e-008 -0.024238
1.558865e-008 -0.00528264
1.560532e-008 0.00407419
1.562198e-008 -0.00365987
1.563865e-008 -0.0142597
1.565532e-008 -0.00987473
1.567198e-008 0.00538622
1.568865e-008 0.0138453
1.570532e-008 0.0139144
1.572198e-008 0.0103581
1.573865e-008 -0.00414324
1.575532e-008 -0.0218901
1.577198e-008 -0.0177124
1.578865e-008 0.00151919
1.580532e-008 0.00479926
1.582198e-008 -0.00386703
1.583865e-008 -0.00379797
1.585532e-008 -0.00507547
1.587198e-008 -0.0139144
1.588865e-008 -0.00935682
1.590532e-008 0.00348723
1.592198e-008 -0.00134655
1.593865e-008 -0.00880439
1.595532e-008 0.00179541
1.597198e-008 0.00272764
1.598865e-008 -0.0146395
1.600532e-008 -0.00752689
1.602198e-008 0.0207507
1.603865e-008 0.0135346
1.605532e-008 -0.021096
1.607198e-008 -0.0225116
1.608865e-008 0.00635297
1.610532e-008 0.0208198
1.612198e-008 0.0186101
1.613865e-008 0.0109796
1.615532e-008 -0.00901155
1.617198e-008 -0.0244797
1.618865e-008 -0.0125678
1.620532e-008 0.00158824
1.622198e-008 -0.0103581
1.623865e-008 -0.0262405
1.625532e-008 -0.0214413
1.627198e-008 -0.00669824
1.628865e-008 0.00400514
1.630532e-008 0.00669824
1.632198e-008 -0.000172635
1.633865e-008 -0.00552432
1.635532e-008 0
1.637198e-008 0.00486831
1.638865e-008 0.00528264
1.640532e-008 0.0104272
1.642198e-008 0.00738878
1.643865e-008 -0.0126714
1.645532e-008 -0.0180231
1.647198e-008 0.0021752
1.648865e-008 0.00697446
1.650532e-008 -0.0108415
1.652198e-008 -0.00873534
1.653865e-008 0.0112558
1.655532e-008 0.00928777
1.657198e-008 -0.00652561
1.658865e-008 -0.00769953
1.660532e-008 -0.00607676
1.662198e-008 -0.0109796
1.663865e-008 -0.00462662
1.665532e-008 0.00531716
1.667198e-008 -0.00338365
1.668865e-008 -0.0138799
1.670532e-008 -0.00372892
1.672198e-008 0.00828649
1.673865e-008 0.00110486
1.675532e-008 -0.0132929
1.677198e-008 -0.0162277
1.678865e-008 -0.00555885
1.680532e-008 0.00469568
1.682198e-008 -0.00186446
1.683865e-008 -0.0172635
1.685532e-008 -0.0215103
1.687198e-008 -0.0227533
1.688865e-008 -0.0296242
1.690532e-008 -0.015917
1.692198e-008 0.0152955
1.693865e-008 0.0103581
1.695532e-008 -0.0247904
1.697198e-008 -0.0186446
1.698865e-008 0.0202328
1.700532e-008 0.016642
