LECROYSDA18000 15238 Waveform
Segments 1 SegmentSize 2002
Segment TrigTime TimeSinceSegment1
#1 02-Nov-2018 14:27:31 0                 
Time Ampl
-1.00224e-008 0.0320238
-9.997402e-009 -0.00233057
-9.972402e-009 -0.00397061
-9.947402e-009 0.020112
-9.922402e-009 0.00923598
-9.897402e-009 -0.0202846
-9.872402e-009 -0.0129476
-9.847402e-009 0.0093223
-9.822402e-009 0.00621487
-9.797402e-009 0.00647382
-9.772402e-009 0.0246005
-9.747402e-009 0.013034
-9.722402e-009 -0.0240826
-9.697402e-009 -0.0175225
-9.672402e-009 0.0246868
-9.647402e-009 0.025809
-9.622402e-009 -0.00768226
-9.597402e-009 -0.0107034
-9.572402e-009 0.00362534
-9.547402e-009 -0.0112213
-9.522402e-009 -0.0251184
-9.497402e-009 -0.0019853
-9.472402e-009 0.0183856
-9.447402e-009 0.00681909
-9.422402e-009 0.000172635
-9.397402e-009 0.012775
-9.372402e-009 0.0109623
-9.347402e-009 -0.00448851
-9.322402e-009 -0.00362534
-9.297402e-009 0.00353902
-9.272402e-009 -0.00138108
-9.247402e-009 0.00362534
-9.222402e-009 0.02719
-9.197402e-009 0.0315059
-9.172402e-009 0.0029348
-9.147402e-009 -0.021752
-9.122402e-009 -0.0218383
-9.097402e-009 -0.0132066
-9.072402e-009 -0.00509274
-9.047402e-009 0.00569696
-9.022402e-009 0.0134655
-8.997402e-009 0.00940862
-8.972402e-009 -0.00958125
-8.947402e-009 -0.0365987
-8.922402e-009 -0.0441946
-8.897402e-009 -0.012775
-8.872402e-009 0.0227878
-8.847402e-009 0.0187309
-8.822402e-009 8.63176e-005
-8.797402e-009 0.00811385
-8.772402e-009 0.0134655
-8.747402e-009 -0.0164003
-8.722402e-009 -0.0348723
-8.697402e-009 -0.0063875
-8.672402e-009 0.0170909
-8.647402e-009 0.00103581
-8.622402e-009 -0.00906335
-8.597402e-009 0.00353902
-8.572402e-009 -0.00621487
-8.547402e-009 -0.0321965
-8.522402e-009 -0.0202846
-8.497402e-009 0.0154508
-8.472402e-009 0.0213204
-8.447402e-009 0.0113939
-8.422402e-009 0.0204573
-8.397402e-009 0.0237373
-8.372402e-009 0.00604223
-8.347402e-009 0.00656014
-8.322402e-009 0.0303838
-8.297402e-009 0.0346133
-8.272402e-009 0.0239963
-8.247402e-009 0.0338365
-8.222402e-009 0.042123
-8.197402e-009 0.0208025
-8.172402e-009 0.00457483
-8.147402e-009 0.0093223
-8.122402e-009 -0.00630118
-8.097402e-009 -0.0338365
-8.072402e-009 -0.0151919
-8.047402e-009 0.025291
-8.022402e-009 0.0142424
-7.997402e-009 -0.021752
-7.972402e-009 -0.0139834
-7.947402e-009 0.00578328
-7.922402e-009 -0.0142424
-7.897402e-009 -0.0275353
-7.872402e-009 0.00466115
-7.847402e-009 0.0252047
-7.822402e-009 0.00612855
-7.797402e-009 0.00328007
-7.772402e-009 0.0243416
-7.747402e-009 0.014674
-7.722402e-009 -0.0115666
-7.697402e-009 0.00172635
-7.672402e-009 0.0247731
-7.647402e-009 0.00569696
-7.622402e-009 -0.0116529
-7.597402e-009 0.0161414
-7.572402e-009 0.0272764
-7.547402e-009 -0.0235647
-7.522402e-009 -0.063875
-7.497402e-009 -0.0327144
-7.472402e-009 0.0158824
-7.447402e-009 0.0216657
-7.422402e-009 0.0115666
-7.397402e-009 0.0225289
-7.372402e-009 0.0343544
-7.347402e-009 0.0258953
-7.322402e-009 0.0185583
-7.297402e-009 0.0284848
-7.272402e-009 0.0307291
-7.247402e-009 0.00483378
-7.222402e-009 -0.019853
-7.197402e-009 -0.00707804
-7.172402e-009 0.0206299
-7.147402e-009 0.0134655
-7.122402e-009 -0.0180404
-7.097402e-009 -0.0194215
-7.072402e-009 0.00742331
-7.047402e-009 0.0118255
-7.022402e-009 -0.00543801
-6.997402e-009 -0.00112213
-6.972402e-009 0.0157098
-6.947402e-009 0.00466115
-6.922402e-009 -0.0182993
-6.897402e-009 -0.0174361
-6.872402e-009 -0.0143287
-6.847402e-009 -0.0332323
-6.822402e-009 -0.0378071
-6.797402e-009 -0.00578328
-6.772402e-009 0.0136382
-6.747402e-009 -0.00897703
-6.722402e-009 -0.0285711
-6.697402e-009 -0.0150193
-6.672402e-009 -0.00371166
-6.647402e-009 -0.0170046
-6.622402e-009 -0.0238237
-6.597402e-009 -0.00569696
-6.572402e-009 0.0104444
-6.547402e-009 0.00379797
-6.522402e-009 -0.0112213
-6.497402e-009 -0.0164003
-6.472402e-009 -0.012516
-6.447402e-009 -0.00500642
-6.422402e-009 0.0078549
-6.397402e-009 0.02391
-6.372402e-009 0.0278806
-6.347402e-009 0.0110486
-6.322402e-009 -0.00552432
-6.297402e-009 0.00302112
-6.272402e-009 0.022011
-6.247402e-009 0.0176951
-6.222402e-009 -0.00397061
-6.197402e-009 -0.010876
-6.172402e-009 -0.0019853
-6.147402e-009 0.00362534
-6.122402e-009 0.0103581
-6.097402e-009 0.0250321
-6.072402e-009 0.0264132
-6.047402e-009 0.00561064
-6.022402e-009 -0.0105307
-5.997402e-009 -0.0115666
-5.972402e-009 -0.0209752
-5.947402e-009 -0.0387566
-5.922402e-009 -0.0374618
-5.897402e-009 -0.0226152
-5.872402e-009 -0.0260679
-5.847402e-009 -0.0446262
-5.822402e-009 -0.0483378
-5.797402e-009 -0.0302975
-5.772402e-009 -0.00233057
-5.747402e-009 0.0249458
-5.722402e-009 0.032887
-5.697402e-009 0.0137245
-5.672402e-009 -0.00120845
-5.647402e-009 0.0113939
-5.622402e-009 0.0185583
-5.597402e-009 -0.00811385
-5.572402e-009 -0.0353902
-5.547402e-009 -0.0339228
-5.522402e-009 -0.0273627
-5.497402e-009 -0.0263269
-5.472402e-009 -0.00483378
-5.447402e-009 0.0242552
-5.422402e-009 0.0148466
-5.397402e-009 -0.0193351
-5.372402e-009 -0.0261542
-5.347402e-009 -0.0158824
-5.322402e-009 -0.0268448
-5.297402e-009 -0.0307291
-5.272402e-009 0.00975389
-5.247402e-009 0.0463525
-5.222402e-009 0.0209752
-5.197402e-009 -0.0259816
-5.172402e-009 -0.0223563
-5.147402e-009 0.0189899
-5.122402e-009 0.0315059
-5.097402e-009 -0.00276216
-5.072402e-009 -0.0400514
-5.047402e-009 -0.039965
-5.022402e-009 -0.0159688
-4.997402e-009 -0.0137245
-4.972402e-009 -0.0376345
-4.947402e-009 -0.0372029
-4.922402e-009 0.00630118
-4.897402e-009 0.0403966
-4.872402e-009 0.0340954
-4.847402e-009 0.0252047
-4.822402e-009 0.030988
-4.797402e-009 0.0161414
-4.772402e-009 -0.0145014
-4.747402e-009 -0.0118255
-4.722402e-009 0.0112213
-4.697402e-009 -0.000690541
-4.672402e-009 -0.0305564
-4.647402e-009 -0.02555
-4.622402e-009 -0.00561064
-4.597402e-009 -0.00845912
-4.572402e-009 -0.00250321
-4.547402e-009 0.031247
-4.522402e-009 0.0332323
-4.497402e-009 -0.0176951
-4.472402e-009 -0.0465252
-4.447402e-009 -0.0183856
-4.422402e-009 0.00371166
-4.397402e-009 -0.00975389
-4.372402e-009 -0.00733699
-4.347402e-009 0.0245142
-4.322402e-009 0.0295206
-4.297402e-009 -0.00725068
-4.272402e-009 -0.0299522
-4.247402e-009 -0.00828649
-4.222402e-009 0.0191625
-4.197402e-009 0.00811385
-4.172402e-009 -0.0335775
-4.147402e-009 -0.0580054
-4.122402e-009 -0.0352176
-4.097402e-009 0.00880439
-4.072402e-009 0.0277079
-4.047402e-009 0.0186446
-4.022402e-009 0.013034
-3.997402e-009 0.0160551
-3.972402e-009 0.00707804
-3.947402e-009 -0.0112213
-3.922402e-009 -0.0168319
-3.897402e-009 -0.0100128
-3.872402e-009 -0.0117392
-3.847402e-009 -0.0284848
-3.822402e-009 -0.0410872
-3.797402e-009 -0.0281395
-3.772402e-009 0.000258953
-3.747402e-009 0.00362534
-3.722402e-009 -0.0284848
-3.697402e-009 -0.0476473
-3.672402e-009 -0.0227015
-3.647402e-009 0.000431588
-3.622402e-009 -0.0177814
-3.597402e-009 -0.0365123
-3.572402e-009 -0.0199394
-3.547402e-009 -0.00966757
-3.522402e-009 -0.0330596
-3.497402e-009 -0.0420367
-3.472402e-009 -0.0151919
-3.447402e-009 -0.00483378
-3.422402e-009 -0.0242552
-3.397402e-009 -0.0152782
-3.372402e-009 0.0295206
-3.347402e-009 0.0461799
-3.322402e-009 0.0216657
-3.297402e-009 0.00742331
-3.272402e-009 0.0109623
-3.247402e-009 -0.00172635
-3.222402e-009 -0.016573
-3.197402e-009 0.000776858
-3.172402e-009 0.0246868
-3.147402e-009 0.0190762
-3.122402e-009 0.0143287
-3.097402e-009 0.0424682
-3.072402e-009 0.0590412
-3.047402e-009 0.0214068
-3.022402e-009 -0.0194215
-2.997402e-009 -8.63176e-005
-2.972402e-009 0.0396198
-2.947402e-009 0.0232194
-2.922402e-009 -0.0247731
-2.897402e-009 -0.0223563
-2.872402e-009 0.016314
-2.847402e-009 0.00699172
-2.822402e-009 -0.0350449
-2.797402e-009 -0.0107897
-2.772402e-009 0.0640476
-2.747402e-009 0.0593865
-2.722402e-009 -0.0330596
-2.697402e-009 -0.065515
-2.672402e-009 0.00845912
-2.647402e-009 0.0583507
-2.622402e-009 0.018213
-2.597402e-009 -0.0177814
-2.572402e-009 -0.000258953
-2.547402e-009 0.000690541
-2.522402e-009 -0.0305564
-2.497402e-009 -0.0260679
-2.472402e-009 0.00483378
-2.447402e-009 -0.00768226
-2.422402e-009 -0.0357355
-2.397402e-009 -0.00949493
-2.372402e-009 0.0272764
-2.347402e-009 0.00371166
-2.322402e-009 -0.0288301
-2.297402e-009 -0.00267584
-2.272402e-009 0.0303838
-2.247402e-009 0.012516
-2.222402e-009 -0.00759595
-2.197402e-009 0.00725068
-2.172402e-009 0.00517905
-2.147402e-009 -0.0300385
-2.122402e-009 -0.0310743
-2.097402e-009 0.0158824
-2.072402e-009 0.0378934
-2.047402e-009 0.0100992
-2.022402e-009 -0.0128613
-1.997402e-009 -0.00871807
-1.972402e-009 -0.00897703
-1.947402e-009 -0.016573
-1.922402e-009 -0.00379797
-1.897402e-009 0.0201983
-1.872402e-009 0.019853
-1.847402e-009 -0.00328007
-1.822402e-009 -0.0160551
-1.797402e-009 -0.00828649
-1.772402e-009 -0.00328007
-1.747402e-009 -0.0164867
-1.722402e-009 -0.0315059
-1.697402e-009 -0.0238237
-1.672402e-009 0.0058696
-1.647402e-009 0.0341818
-1.622402e-009 0.0414324
-1.597402e-009 0.0245142
-1.572402e-009 -0.00500642
-1.547402e-009 -0.0239963
-1.522402e-009 -0.0160551
-1.497402e-009 0.00569696
-1.472402e-009 0.0153645
-1.447402e-009 0.0136382
-1.422402e-009 0.0191625
-1.397402e-009 0.0292617
-1.372402e-009 0.02555
-1.347402e-009 0.00940862
-1.322402e-009 0.000258953
-1.297402e-009 0.00742331
-1.272402e-009 0.0228742
-1.247402e-009 0.0311606
-1.222402e-009 0.0233921
-1.197402e-009 0.0113939
-1.172402e-009 0.00966757
-1.147402e-009 0.00561064
-1.122402e-009 -0.0135519
-1.097402e-009 -0.0201983
-1.072402e-009 0.00923598
-1.047402e-009 0.0389292
-1.022402e-009 0.0338365
-9.974015e-010 0.0233921
-9.724015e-010 0.032887
-9.474015e-010 0.02719
-9.224015e-010 -0.00716436
-8.974015e-010 -0.0189899
-8.724015e-010 0.00621487
-8.474015e-010 0.0152782
-8.224015e-010 -0.0034527
-7.974015e-010 -0.00319375
-7.724015e-010 0.0136382
-7.474015e-010 0.00284848
-7.224015e-010 -0.0194215
-6.974015e-010 -0.00966757
-6.724015e-010 0.00630118
-6.474015e-010 -0.0156235
-6.224015e-010 -0.0476473
-5.974015e-010 -0.0468704
-5.724015e-010 -0.0288301
-5.474015e-010 -0.0169182
-5.224015e-010 -0.000949493
-4.974015e-010 0.0205436
-4.724015e-010 0.0308154
-4.474015e-010 0.0302112
-4.224015e-010 0.0201983
-3.974015e-010 -0.00768226
-3.724015e-010 -0.0259816
-3.474015e-010 0.00405693
-3.224015e-010 0.043763
-2.974015e-010 0.0235647
-2.724015e-010 -0.023651
-2.474015e-010 -0.0112213
-2.224015e-010 0.0434177
-1.974015e-010 0.058437
-1.724015e-010 0.0419503
-1.474015e-010 0.0582644
-1.224015e-010 0.10056
-9.740154e-011 0.135173
-7.240154e-011 0.193006
-4.740154e-011 0.295206
-2.240154e-011 0.385667
2.598462e-012 0.436249
2.759846e-011 0.508411
5.259846e-011 0.633657
7.759846e-011 0.757091
1.025985e-010 0.850314
1.275985e-010 0.950098
1.525985e-010 1.05566
1.775985e-010 1.12118
2.025985e-010 1.15916
2.275985e-010 1.2182
2.525985e-010 1.27534
2.775985e-010 1.28285
3.025985e-010 1.28328
3.275985e-010 1.33999
3.525985e-010 1.40387
3.775985e-010 1.39204
4.025985e-010 1.3393
4.275985e-010 1.33007
4.525985e-010 1.34232
4.775985e-010 1.30391
5.025985e-010 1.23823
5.275985e-010 1.21129
5.525985e-010 1.19308
5.775985e-010 1.11203
6.025985e-010 0.991875
6.275985e-010 0.900897
6.525985e-010 0.818809
6.775985e-010 0.68329
7.025985e-010 0.516611
7.275985e-010 0.382559
7.525985e-010 0.264563
7.775985e-010 0.0998694
8.025985e-010 -0.109537
8.275985e-010 -0.314973
8.525985e-010 -0.502886
8.775985e-010 -0.680182
9.025985e-010 -0.828131
9.275985e-010 -0.939049
9.525985e-010 -1.04203
9.775985e-010 -1.145
1.002598e-009 -1.20991
1.027598e-009 -1.22113
1.052598e-009 -1.21949
1.077598e-009 -1.24297
1.102598e-009 -1.28605
1.127598e-009 -1.32869
1.152598e-009 -1.35674
1.177598e-009 -1.35726
1.202598e-009 -1.32687
1.227598e-009 -1.27741
1.252598e-009 -1.21708
1.277598e-009 -1.14889
1.302598e-009 -1.09347
1.327598e-009 -1.0731
1.352598e-009 -1.06835
1.377598e-009 -1.02752
1.402598e-009 -0.928432
1.427598e-009 -0.80612
1.452598e-009 -0.708149
1.477598e-009 -0.633657
1.502598e-009 -0.536032
1.527598e-009 -0.396629
1.552598e-009 -0.261801
1.577598e-009 -0.17065
1.602598e-009 -0.0915829
1.627598e-009 0.00716436
1.652598e-009 0.0777721
1.677598e-009 0.0729383
1.702598e-009 0.0451441
1.727598e-009 0.0680182
1.752598e-009 0.120586
1.777598e-009 0.140611
1.802598e-009 0.119981
1.827598e-009 0.0718162
1.852598e-009 -0.00776858
1.877598e-009 -0.0854544
1.902598e-009 -0.0994378
1.927598e-009 -0.0589549
1.952598e-009 -0.0291753
1.977598e-009 -0.0173498
2.002598e-009 0.00569696
2.027598e-009 0.00328007
2.052598e-009 -0.0647382
2.077598e-009 -0.125592
2.102598e-009 -0.0903745
2.127598e-009 -0.012775
2.152598e-009 -0.00353902
2.177598e-009 -0.0523948
2.202598e-009 -0.0762184
2.227598e-009 -0.0726794
2.252598e-009 -0.0906335
2.277598e-009 -0.113421
2.302598e-009 -0.094863
2.327598e-009 -0.0586096
2.352598e-009 -0.0599907
2.377598e-009 -0.0978841
2.402598e-009 -0.135087
2.427598e-009 -0.156235
2.452598e-009 -0.155631
2.477598e-009 -0.123434
2.502598e-009 -0.0788943
2.527598e-009 -0.0594728
2.552598e-009 -0.0617171
2.577598e-009 -0.0534306
2.602598e-009 -0.0395334
2.627598e-009 -0.0450578
2.652598e-009 -0.0514453
2.677598e-009 -0.0273627
2.702598e-009 0.00371166
2.727598e-009 0.00431588
2.752598e-009 -0.00578328
2.777598e-009 0.00535169
2.802598e-009 0.0175225
2.827598e-009 0.00802753
2.852598e-009 0.00250321
2.877598e-009 0.0135519
2.902598e-009 0.00034527
2.927598e-009 -0.0544664
2.952598e-009 -0.0985747
2.977598e-009 -0.084246
3.002598e-009 -0.0284848
3.027598e-009 0.0258953
3.052598e-009 0.0535169
3.077598e-009 0.0496326
3.102598e-009 0.0309017
3.127598e-009 0.0204573
3.152598e-009 0.0114802
3.177598e-009 -0.0154508
3.202598e-009 -0.0393608
3.227598e-009 -0.02719
3.252598e-009 -0.000776858
3.277598e-009 -0.000690541
3.302598e-009 -0.00940862
3.327598e-009 0.00880439
3.352598e-009 0.0327144
3.377598e-009 0.0252047
3.402598e-009 0.000776858
3.427598e-009 -0.014415
3.452598e-009 -0.0287438
3.477598e-009 -0.0435041
3.502598e-009 -0.0353902
3.527598e-009 -0.00604223
3.552598e-009 0.0167456
3.577598e-009 0.0298659
3.602598e-009 0.0403103
3.627598e-009 0.0301248
3.652598e-009 -0.00362534
3.677598e-009 -0.0245142
3.702598e-009 -0.023651
3.727598e-009 -0.0334049
3.752598e-009 -0.0428998
3.777598e-009 -0.00448851
3.802598e-009 0.0587823
3.827598e-009 0.0718162
3.852598e-009 0.036685
3.877598e-009 0.0153645
3.902598e-009 0.00319375
3.927598e-009 -0.0441946
3.952598e-009 -0.0921009
3.977598e-009 -0.069572
4.002598e-009 0.00328007
4.027598e-009 0.0476473
4.052598e-009 0.0422093
4.077598e-009 0.0196804
4.102598e-009 0.000172635
4.127598e-009 -0.0107897
4.152598e-009 -0.0101855
4.177598e-009 -0.0133792
4.202598e-009 -0.0334912
4.227598e-009 -0.0484242
4.252598e-009 -0.0373755
4.277598e-009 -0.0215794
4.302598e-009 -0.0233057
4.327598e-009 -0.0254637
4.352598e-009 -0.00483378
4.377598e-009 0.031247
4.402598e-009 0.0569696
4.427598e-009 0.0495463
4.452598e-009 0.0100128
4.477598e-009 -0.0212341
4.502598e-009 -0.0093223
4.527598e-009 0.0173498
4.552598e-009 0.014674
4.577598e-009 0.00578328
4.602598e-009 0.031247
4.627598e-009 0.0534306
4.652598e-009 0.0132066
4.677598e-009 -0.0590412
4.702598e-009 -0.0845049
4.727598e-009 -0.0483378
4.752598e-009 0.00319375
4.777598e-009 0.0321965
4.802598e-009 0.0291753
4.827598e-009 0.00863176
4.852598e-009 0.000604223
4.877598e-009 0.0115666
4.902598e-009 0.0159688
4.927598e-009 0.0131203
4.952598e-009 0.0304701
4.977598e-009 0.0483378
5.002598e-009 0.0140698
5.027598e-009 -0.0505821
5.052598e-009 -0.0661193
5.077598e-009 -0.0261542
5.102598e-009 0.00138108
5.127598e-009 -0.00112213
5.152598e-009 0.00802753
5.177598e-009 0.0281395
5.202598e-009 0.019853
5.227598e-009 -0.00759595
5.252598e-009 -0.00949493
5.277598e-009 0.00811385
5.302598e-009 -0.00181267
5.327598e-009 -0.0405693
5.352598e-009 -0.0563654
5.377598e-009 -0.0246005
5.402598e-009 0.016314
5.427598e-009 0.0248595
5.452598e-009 0.0124297
5.477598e-009 0.0120845
5.502598e-009 0.0190762
5.527598e-009 0.00742331
5.552598e-009 -0.0174361
5.577598e-009 -0.029348
5.602598e-009 -0.02555
5.627598e-009 -0.0168319
5.652598e-009 -0.00112213
5.677598e-009 0.0138108
5.702598e-009 0.0049201
5.727598e-009 -0.0195078
5.752598e-009 -0.0245142
5.777598e-009 -0.0138971
5.802598e-009 -0.0206299
5.827598e-009 -0.0316785
5.852598e-009 -0.00940862
5.877598e-009 0.0271037
5.902598e-009 0.0372892
5.927598e-009 0.0416914
5.952598e-009 0.0701762
5.977598e-009 0.0773405
6.002598e-009 0.0170046
6.027598e-009 -0.0572286
6.052598e-009 -0.0679319
6.077598e-009 -0.0298659
6.102598e-009 -0.00034527
6.127598e-009 0.019853
6.152598e-009 0.052999
6.177598e-009 0.0731973
6.202598e-009 0.0445399
6.227598e-009 -0.0129476
6.252598e-009 -0.0499779
6.277598e-009 -0.0499779
6.302598e-009 -0.0339228
6.327598e-009 -0.0234784
6.352598e-009 -0.0193351
6.377598e-009 -0.0103581
6.402598e-009 0.00457483
6.427598e-009 0.0145014
6.452598e-009 0.0161414
6.477598e-009 0.0141561
6.502598e-009 0.000172635
6.527598e-009 -0.0351313
6.552598e-009 -0.0681909
6.577598e-009 -0.0669824
6.602598e-009 -0.0432451
6.627598e-009 -0.0310743
6.652598e-009 -0.0254637
6.677598e-009 -0.00215794
6.702598e-009 0.0220973
6.727598e-009 0.0126024
6.752598e-009 -0.0188172
6.777598e-009 -0.0294343
6.802598e-009 -0.00776858
6.827598e-009 0.0209752
6.852598e-009 0.0321101
6.877598e-009 0.0231331
6.902598e-009 0.0152782
6.927598e-009 0.0286574
6.952598e-009 0.0428998
6.977598e-009 0.020112
7.002598e-009 -0.0232194
7.027598e-009 -0.0324554
7.052598e-009 -0.0132929
7.077598e-009 -0.0209752
7.102598e-009 -0.0465252
7.127598e-009 -0.0253774
7.152598e-009 0.0344407
7.177598e-009 0.056538
7.202598e-009 0.029089
7.227598e-009 0.0107034
7.252598e-009 0.0121708
7.277598e-009 -0.0029348
7.302598e-009 -0.0214068
7.327598e-009 -0.00362534
7.352598e-009 0.0234784
7.377598e-009 0.00949493
7.402598e-009 -0.0186446
7.427598e-009 -0.000517905
7.452598e-009 0.0496326
7.477598e-009 0.0687088
7.502598e-009 0.0441946
7.527598e-009 0.0118255
7.552598e-009 -0.0122571
7.577598e-009 -0.0302975
7.602598e-009 -0.0249458
7.627598e-009 0.0182993
7.652598e-009 0.0694856
7.677598e-009 0.0813112
7.702598e-009 0.0473883
7.727598e-009 0.00233057
7.752598e-009 -0.0251184
7.777598e-009 -0.0348723
7.802598e-009 -0.0355628
7.827598e-009 -0.0277079
7.852598e-009 -0.011135
7.877598e-009 0.00526537
7.902598e-009 0.0122571
7.927598e-009 0.0148466
7.952598e-009 0.0232194
7.977598e-009 0.0267584
8.002598e-009 0.00336639
8.027598e-009 -0.0392745
8.052598e-009 -0.0597318
8.077598e-009 -0.038584
8.102598e-009 -0.00241689
8.127598e-009 0.0225289
8.152598e-009 0.0376345
8.177598e-009 0.0389292
8.202598e-009 0.0126024
8.227598e-009 -0.0228742
8.252598e-009 -0.0289164
8.277598e-009 -0.00923598
8.302598e-009 -0.000604223
8.327598e-009 -0.00509274
8.352598e-009 0.00517905
8.377598e-009 0.0302975
8.402598e-009 0.0474747
8.427598e-009 0.0464389
8.452598e-009 0.0195078
8.477598e-009 -0.0382387
8.502598e-009 -0.0887345
8.527598e-009 -0.0764774
8.552598e-009 -0.0126024
8.577598e-009 0.0390155
8.602598e-009 0.0559338
8.627598e-009 0.0591275
8.652598e-009 0.0442809
8.677598e-009 -0.000690541
8.702598e-009 -0.0409145
8.727598e-009 -0.0408282
8.752598e-009 -0.022011
8.777598e-009 -0.0136382
8.802598e-009 -0.00164003
8.827598e-009 0.0237373
8.852598e-009 0.0348723
8.877598e-009 0.018213
8.902598e-009 -0.00388429
8.927598e-009 -0.0194215
8.952598e-009 -0.0384113
8.977598e-009 -0.0551569
9.002598e-009 -0.0500642
9.027598e-009 -0.0216657
9.052598e-009 0.0113939
9.077598e-009 0.0286574
9.102598e-009 0.020112
9.127598e-009 0.00397061
9.152598e-009 0.014415
9.177598e-009 0.0457483
9.202598e-009 0.0502368
9.227598e-009 0.0186446
9.252598e-009 0.0014674
9.277598e-009 0.0199394
9.302598e-009 0.0307291
9.327598e-009 0.0122571
9.352598e-009 0.00207162
9.377598e-009 0.0199394
9.402598e-009 0.0354765
9.427598e-009 0.0303838
9.452598e-009 0.0206299
9.477598e-009 0.0134655
9.502598e-009 0.00604223
9.527598e-009 0.011135
9.552598e-009 0.0297796
9.577598e-009 0.031247
9.602598e-009 0.00526537
9.627598e-009 -0.0156235
9.652598e-009 -0.0177814
9.677598e-009 -0.0228742
9.702598e-009 -0.0276216
9.727598e-009 -0.00561064
9.752598e-009 0.0234784
9.777598e-009 0.0160551
9.802598e-009 -0.0128613
9.827598e-009 -0.0137245
9.852598e-009 0.0100128
9.877598e-009 0.0203709
9.902598e-009 0.0149329
9.927598e-009 0.00906335
9.952598e-009 -0.0049201
9.977598e-009 -0.0259816
1.00026e-008 -0.0315922
1.00276e-008 -0.023651
1.00526e-008 -0.0209752
1.00776e-008 -0.00966757
1.01026e-008 0.0207162
1.01276e-008 0.0249458
1.01526e-008 -0.0233921
1.01776e-008 -0.0625802
1.02026e-008 -0.0391019
1.02276e-008 0.00241689
1.02526e-008 0.00871807
1.02776e-008 0.00353902
1.03026e-008 0.0109623
1.03276e-008 0.00310743
1.03526e-008 -0.0196804
1.03776e-008 -0.0143287
1.04026e-008 0.00975389
1.04276e-008 0.0019853
1.04526e-008 -0.022011
1.04776e-008 -0.0093223
1.05026e-008 0.0196804
1.05276e-008 0.0158824
1.05526e-008 0.00466115
1.05776e-008 0.0232194
1.06026e-008 0.0276216
1.06276e-008 -0.0189035
1.06526e-008 -0.0561927
1.06776e-008 -0.0339228
1.07026e-008 -0.00854544
1.07276e-008 -0.030988
1.07526e-008 -0.0466115
1.07776e-008 -0.00310743
1.08026e-008 0.0479063
1.08276e-008 0.0428135
1.08526e-008 0.00569696
1.08776e-008 -0.0138971
1.09026e-008 -0.0191625
1.09276e-008 -0.0268448
1.09526e-008 -0.0242552
1.09776e-008 -0.00155372
1.10026e-008 0.02555
1.10276e-008 0.0428998
1.10526e-008 0.0467841
1.10776e-008 0.0315922
1.11026e-008 0.00207162
1.11276e-008 -0.0203709
1.11526e-008 -0.0270174
1.11776e-008 -0.0310743
1.12026e-008 -0.0315922
1.12276e-008 -0.0110486
1.12526e-008 0.022011
1.12776e-008 0.0315922
1.13026e-008 0.00820017
1.13276e-008 -0.0151056
1.13526e-008 -0.0114802
1.13776e-008 0.00604223
1.14026e-008 0.00699172
1.14276e-008 -0.0171772
1.14526e-008 -0.0409145
1.14776e-008 -0.0332323
1.15026e-008 0.000517905
1.15276e-008 0.022011
1.15526e-008 0.013034
1.15776e-008 -0.00103581
1.16026e-008 0.000172635
1.16276e-008 -0.00284848
1.16526e-008 -0.02719
1.16776e-008 -0.0448851
1.17026e-008 -0.0227015
1.17276e-008 0.0228742
1.17526e-008 0.0487694
1.17776e-008 0.0447988
1.18026e-008 0.0310743
1.18276e-008 0.0119118
1.18526e-008 -0.0221836
1.18776e-008 -0.0556748
1.19026e-008 -0.0614581
1.19276e-008 -0.0468704
1.19526e-008 -0.0378934
1.19776e-008 -0.0257226
1.20026e-008 0.0093223
1.20276e-008 0.0354765
1.20526e-008 0.00897703
1.20776e-008 -0.0382387
1.21026e-008 -0.0371166
1.21276e-008 0.00509274
1.21526e-008 0.0228742
1.21776e-008 0.00750963
1.22026e-008 0.0063875
1.22276e-008 0.0270174
1.22526e-008 0.0362534
1.22776e-008 0.0321965
1.23026e-008 0.034527
1.23276e-008 0.0321101
1.23526e-008 0.0119118
1.23776e-008 0.000776858
1.24026e-008 0.0169182
1.24276e-008 0.0277943
1.24526e-008 0.00889071
1.24776e-008 -0.00863176
1.25026e-008 0.0049201
1.25276e-008 0.0246005
1.25526e-008 0.0173498
1.25776e-008 -0.00353902
1.26026e-008 -0.0098402
1.26276e-008 -0.00371166
1.26526e-008 -0.000776858
1.26776e-008 0.000863176
1.27026e-008 0.00552432
1.27276e-008 0.00258953
1.27526e-008 -0.0106171
1.27776e-008 -0.014674
1.28026e-008 -0.000604223
1.28276e-008 0.00811385
1.28526e-008 -0.00621487
1.28776e-008 -0.0228742
1.29026e-008 -0.0186446
1.29276e-008 -0.00794122
1.29526e-008 -0.0104444
1.29776e-008 -0.0126024
1.30026e-008 0.00112213
1.30276e-008 0.00914966
1.30526e-008 -0.0083728
1.30776e-008 -0.0262405
1.31026e-008 -0.0161414
1.31276e-008 0.00112213
1.31526e-008 -0.00621487
1.31776e-008 -0.0226152
1.32026e-008 -0.0153645
1.32276e-008 0.00699172
1.32526e-008 0.0117392
1.32776e-008 -0.00483378
1.33026e-008 -0.0210615
1.33276e-008 -0.0258953
1.33526e-008 -0.0218383
1.33776e-008 -0.011135
1.34026e-008 -0.000431588
1.34276e-008 0.00120845
1.34526e-008 -0.00207162
1.34776e-008 -0.00138108
1.35026e-008 -0.00405693
1.35276e-008 -0.0175225
1.35526e-008 -0.0252047
1.35776e-008 -0.0120845
1.36026e-008 0.0058696
1.36276e-008 0.00569696
1.36526e-008 -0.0112213
1.36776e-008 -0.0353039
1.37026e-008 -0.0609402
1.37276e-008 -0.069313
1.37526e-008 -0.0420367
1.37776e-008 -0.000172635
1.38026e-008 0.0171772
1.38276e-008 0.0098402
1.38526e-008 0.00742331
1.38776e-008 0.0152782
1.39026e-008 0.0159688
1.39276e-008 0.00854544
1.39526e-008 0.00854544
1.39776e-008 0.0246868
1.40026e-008 0.0536032
1.40276e-008 0.0757005
1.40526e-008 0.0652561
1.40776e-008 0.0329733
1.41026e-008 0.0275353
1.41276e-008 0.0609402
1.41526e-008 0.080189
1.41776e-008 0.05274
1.42026e-008 0.018472
1.42276e-008 0.0167456
1.42526e-008 0.0281395
1.42776e-008 0.029348
1.43026e-008 0.0369439
1.43276e-008 0.0599907
1.43526e-008 0.0687088
1.43776e-008 0.0435041
1.44026e-008 0.010876
1.44276e-008 0.0044022
1.44526e-008 0.022011
1.44776e-008 0.0382387
1.45026e-008 0.0433314
1.45276e-008 0.0489421
1.45526e-008 0.0570559
1.45776e-008 0.0485968
1.46026e-008 0.0202846
1.46276e-008 0.00353902
1.46526e-008 0.0171772
1.46776e-008 0.0315059
1.47026e-008 0.0153645
1.47276e-008 -0.0170909
1.47526e-008 -0.0391019
1.47776e-008 -0.0504958
1.48026e-008 -0.0562791
1.48276e-008 -0.0470431
1.48526e-008 -0.0264132
1.48776e-008 -0.0160551
1.49026e-008 -0.0231331
1.49276e-008 -0.0333186
1.49526e-008 -0.0359081
1.49776e-008 -0.0329733
1.50026e-008 -0.0320238
1.50276e-008 -0.0384976
1.50526e-008 -0.0431588
1.50776e-008 -0.0295206
1.51026e-008 -0.00500642
1.51276e-008 0.00811385
1.51526e-008 0.0175225
1.51776e-008 0.0391882
1.52026e-008 0.0419503
1.52276e-008 -0.00483378
1.52526e-008 -0.0501505
1.52776e-008 -0.0310743
1.53026e-008 0.0129476
1.53276e-008 0.00949493
1.53526e-008 -0.018213
1.53776e-008 -0.0113076
1.54026e-008 0.0112213
1.54276e-008 0.0105307
1.54526e-008 0.00975389
1.54776e-008 0.0246005
1.55026e-008 0.0180404
1.55276e-008 -0.0101855
1.55526e-008 -0.00992652
1.55776e-008 0.0107897
1.56026e-008 -8.63176e-005
1.56276e-008 -0.0208889
1.56526e-008 0.00181267
1.56776e-008 0.0315059
1.57026e-008 0.00664645
1.57276e-008 -0.034786
1.57526e-008 -0.0287438
1.57776e-008 0.0029348
1.58026e-008 0.0202846
1.58276e-008 0.0393608
1.58526e-008 0.0613718
1.58776e-008 0.0479063
1.59026e-008 0.00647382
1.59276e-008 -0.0161414
1.59526e-008 -0.021752
1.59776e-008 -0.0321101
1.60026e-008 -0.0241689
1.60276e-008 0.00759595
1.60526e-008 0.0148466
1.60776e-008 -0.00699172
1.61026e-008 -0.0034527
1.61276e-008 0.0189899
1.61526e-008 0.00474747
1.61776e-008 -0.022011
1.62026e-008 -0.0049201
1.62276e-008 0.00897703
1.62526e-008 -0.0429862
1.62776e-008 -0.0909787
1.63026e-008 -0.047302
1.63276e-008 0.0305564
1.63526e-008 0.0460073
1.63776e-008 0.0197667
1.64026e-008 0.0116529
1.64276e-008 0.00794122
1.64526e-008 -0.0176088
1.64776e-008 -0.0404829
1.65026e-008 -0.0389292
1.65276e-008 -0.0202846
1.65526e-008 0.0115666
1.65776e-008 0.0428135
1.66026e-008 0.0393608
1.66276e-008 0.00258953
1.66526e-008 -0.0231331
1.66776e-008 -0.0242552
1.67026e-008 -0.0248595
1.67276e-008 -0.0253774
1.67526e-008 -0.0112213
1.67776e-008 0.00604223
1.68026e-008 0.0170909
1.68276e-008 0.0317649
1.68526e-008 0.0302112
1.68776e-008 -0.0147603
1.69026e-008 -0.0577465
1.69276e-008 -0.0351313
1.69526e-008 0.0149329
1.69776e-008 0.0157961
1.70026e-008 -0.00543801
1.70276e-008 0.0192488
1.70526e-008 0.052999
1.70776e-008 0.0247731
1.71026e-008 -0.0216657
1.71276e-008 -0.00319375
1.71526e-008 0.0446262
1.71776e-008 0.0323691
1.72026e-008 -0.0230468
1.72276e-008 -0.0429862
1.72526e-008 -0.0308154
1.72776e-008 -0.0391882
1.73026e-008 -0.04946
1.73276e-008 -0.012775
1.73526e-008 0.0333186
1.73776e-008 0.0175225
1.74026e-008 -0.0303838
1.74276e-008 -0.02719
1.74526e-008 0.0153645
1.74776e-008 0.0202846
1.75026e-008 -0.00768226
1.75276e-008 -0.00414324
1.75526e-008 0.0172635
1.75776e-008 -0.00405693
1.76026e-008 -0.0392745
1.76276e-008 -0.0148466
1.76526e-008 0.0415188
1.76776e-008 0.0435041
1.77026e-008 -0.00172635
1.77276e-008 -0.0206299
1.77526e-008 -0.00509274
1.77776e-008 0.00466115
1.78026e-008 0.0109623
1.78276e-008 0.0295206
1.78526e-008 0.0343544
1.78776e-008 0.0136382
1.79026e-008 0.00422956
1.79276e-008 0.0138971
1.79526e-008 -0.000776858
1.79776e-008 -0.0398787
1.80026e-008 -0.0462662
1.80276e-008 -0.0120845
1.80526e-008 0.00353902
1.80776e-008 -0.0185583
1.81026e-008 -0.0322828
1.81276e-008 -0.0164003
1.81526e-008 -0.00181267
1.81776e-008 -0.0078549
1.82026e-008 -0.0211478
1.82276e-008 -0.0318512
1.82526e-008 -0.0389292
1.82776e-008 -0.0351313
1.83026e-008 -0.0220973
1.83276e-008 -0.0159688
1.83526e-008 -0.0176951
1.83776e-008 -0.00759595
1.84026e-008 0.0177814
1.84276e-008 0.0371166
1.84526e-008 0.0373755
1.84776e-008 0.0256363
1.85026e-008 0.00889071
1.85276e-008 -0.0103581
1.85526e-008 -0.0215794
1.85776e-008 -0.012775
1.86026e-008 0.00863176
1.86276e-008 0.0188172
1.86526e-008 0.00690541
1.86776e-008 -0.00906335
1.87026e-008 -0.00733699
1.87276e-008 0.00595591
1.87526e-008 0.00940862
1.87776e-008 0.0044022
1.88026e-008 0.00647382
1.88276e-008 0.00569696
1.88526e-008 -0.0194215
1.88776e-008 -0.0509274
1.89026e-008 -0.0482515
1.89276e-008 -0.0138971
1.89526e-008 0.0118255
1.89776e-008 0.0120845
1.90026e-008 -0.000863176
1.90276e-008 -0.0224426
1.90526e-008 -0.0453167
1.90776e-008 -0.0403966
1.91026e-008 0.00328007
1.91276e-008 0.0498052
1.91526e-008 0.0643066
1.91776e-008 0.0516179
1.92026e-008 0.0256363
1.92276e-008 -0.0113076
1.92526e-008 -0.0416914
1.92776e-008 -0.0374618
1.93026e-008 -0.00466115
1.93276e-008 0.0201983
1.93526e-008 0.0188172
1.93776e-008 0.00189899
1.94026e-008 -0.0151056
1.94276e-008 -0.0174361
1.94526e-008 0.00284848
1.94776e-008 0.0240826
1.95026e-008 0.0114802
1.95276e-008 -0.0253774
1.95526e-008 -0.0346997
1.95776e-008 -0.00181267
1.96026e-008 0.0257226
1.96276e-008 0.0140698
1.96526e-008 -0.00923598
1.96776e-008 -0.0117392
1.97026e-008 -0.00630118
1.97276e-008 -0.00914966
1.97526e-008 -0.000604223
1.97776e-008 0.029348
1.98026e-008 0.0433314
1.98276e-008 0.0145014
1.98526e-008 -0.0189035
1.98776e-008 -0.011135
1.99026e-008 0.0179541
1.99276e-008 0.0219247
1.99526e-008 0.00630118
1.99776e-008 0.00673277
2.00026e-008 0.0168319
2.00276e-008 0.00336639
2.00526e-008 -0.0230468
2.00776e-008 -0.0204573
2.01026e-008 0.0063875
2.01276e-008 0.0100128
2.01526e-008 -0.0155372
2.01776e-008 -0.0235647
2.02026e-008 0.000172635
2.02276e-008 0.014415
2.02526e-008 0.00155372
2.02776e-008 -0.00664645
2.03026e-008 -0.00500642
2.03276e-008 -0.0309017
2.03526e-008 -0.0758731
2.03776e-008 -0.0742331
2.04026e-008 -0.0145877
2.04276e-008 0.029089
2.04526e-008 0.0145877
2.04776e-008 -0.00906335
2.05026e-008 0.00578328
2.05276e-008 0.0303838
2.05526e-008 0.0157098
2.05776e-008 -0.0305564
2.06026e-008 -0.052999
2.06276e-008 -0.0176088
2.06526e-008 0.0417777
2.06776e-008 0.0592139
2.07026e-008 0.0260679
2.07276e-008 -0.000776858
2.07526e-008 0.00319375
2.07776e-008 0.000690541
2.08026e-008 -0.0139834
2.08276e-008 0
2.08526e-008 0.0247731
2.08776e-008 -0.00733699
2.09026e-008 -0.0726794
2.09276e-008 -0.0744921
2.09526e-008 -0.0151919
2.09776e-008 0.0105307
2.10026e-008 -0.0110486
2.10276e-008 -0.0117392
2.10526e-008 0.00828649
2.10776e-008 -0.00474747
2.11026e-008 -0.0332323
2.11276e-008 -0.0254637
2.11526e-008 -0.000172635
2.11776e-008 0.00604223
2.12026e-008 0.0151919
2.12276e-008 0.0368576
2.12526e-008 0.0253774
2.12776e-008 -0.0226152
2.13026e-008 -0.0445399
2.13276e-008 -0.0281395
2.13526e-008 -0.0273627
2.13776e-008 -0.0464389
2.14026e-008 -0.0365987
2.14276e-008 -0.00448851
2.14526e-008 0.00155372
2.14776e-008 -0.00569696
2.15026e-008 0.0204573
2.15276e-008 0.061976
2.15526e-008 0.0671551
2.15776e-008 0.0422956
2.16026e-008 0.023651
2.16276e-008 0.00466115
2.16526e-008 -0.0321965
2.16776e-008 -0.0569696
2.17026e-008 -0.0348723
2.17276e-008 0.010876
2.17526e-008 0.0303838
2.17776e-008 0.0129476
2.18026e-008 -0.012775
2.18276e-008 -0.0209752
2.18526e-008 -0.0117392
2.18776e-008 -0.00647382
2.19026e-008 -0.0240826
2.19276e-008 -0.0512726
2.19526e-008 -0.0504095
2.19776e-008 -0.0115666
2.20026e-008 0.025291
2.20276e-008 0.0220973
2.20526e-008 -0.00578328
2.20776e-008 -0.0199394
2.21026e-008 -0.0168319
2.21276e-008 -0.0189035
2.21526e-008 -0.0242552
2.21776e-008 -0.00966757
2.22026e-008 0.0180404
2.22276e-008 0.0210615
2.22526e-008 -0.0063875
2.22776e-008 -0.0203709
2.23026e-008 0.00258953
2.23276e-008 0.0249458
2.23526e-008 0.0100992
2.23776e-008 -0.0172635
2.24026e-008 -0.0195941
2.24276e-008 -0.0115666
2.24526e-008 -0.0223563
2.24776e-008 -0.0292617
2.25026e-008 0.00543801
2.25276e-008 0.0553296
2.25526e-008 0.0555022
2.25776e-008 -0.00215794
2.26026e-008 -0.0601633
2.26276e-008 -0.0753552
2.26526e-008 -0.0550706
2.26776e-008 -0.0195941
2.27026e-008 0.0190762
2.27276e-008 0.0413461
2.27526e-008 0.031247
2.27776e-008 0.00543801
2.28026e-008 -0.00914966
2.28276e-008 -0.0195941
2.28526e-008 -0.0467841
2.28776e-008 -0.0725068
2.29026e-008 -0.0582644
2.29276e-008 -0.00906335
2.29526e-008 0.0285711
2.29776e-008 0.0296069
2.30026e-008 0.0098402
2.30276e-008 -0.0112213
2.30526e-008 -0.027449
2.30776e-008 -0.0329733
2.31026e-008 -0.0224426
2.31276e-008 -0.00181267
2.31526e-008 0.018213
2.31776e-008 0.0314196
2.32026e-008 0.0342681
2.32276e-008 0.0267584
2.32526e-008 0.0151919
2.32776e-008 0.00500642
2.33026e-008 -0.00414324
2.33276e-008 -0.0128613
2.33526e-008 -0.0194215
2.33776e-008 -0.0201983
2.34026e-008 -0.00880439
2.34276e-008 0.0141561
2.34526e-008 0.0278806
2.34776e-008 0.0145014
2.35026e-008 -0.0103581
2.35276e-008 -0.0195941
2.35526e-008 -0.0152782
2.35776e-008 -0.0109623
2.36026e-008 0.000604223
2.36276e-008 0.0220973
2.36526e-008 0.027449
2.36776e-008 0.00362534
2.37026e-008 -0.0210615
2.37276e-008 -0.022011
2.37526e-008 -0.0106171
2.37776e-008 -0.00362534
2.38026e-008 -0.00034527
2.38276e-008 -0.00112213
2.38526e-008 -0.0119118
2.38776e-008 -0.0278806
2.39026e-008 -0.0322828
2.39276e-008 -0.0110486
2.39526e-008 0.0280532
2.39776e-008 0.0460073
2.40026e-008 0.0133792
2.40276e-008 -0.0351313
2.40526e-008 -0.0423819
2.40776e-008 -0.0195941
2.41026e-008 -0.0142424
2.41276e-008 -0.0115666
2.41526e-008 0.0232194
2.41776e-008 0.0476473
2.42026e-008 0.0141561
2.42276e-008 -0.0211478
2.42526e-008 0.00397061
2.42776e-008 0.034786
2.43026e-008 0.00759595
2.43276e-008 -0.0253774
2.43526e-008 -0.00457483
2.43776e-008 0.0224426
2.44026e-008 0.00371166
2.44276e-008 -0.0226152
2.44526e-008 -0.0170046
2.44776e-008 -0.00431588
2.45026e-008 -0.00414324
2.45276e-008 -0.00103581
2.45526e-008 0.00155372
2.45776e-008 -0.0116529
2.46026e-008 -0.0277079
2.46276e-008 -0.032887
2.46526e-008 -0.0352176
2.46776e-008 -0.0282258
2.47026e-008 0.00129476
2.47276e-008 0.0272764
2.47526e-008 0.0214931
2.47776e-008 0.00759595
2.48026e-008 0.00474747
2.48276e-008 -0.0175225
2.48526e-008 -0.0648245
2.48776e-008 -0.0830375
2.49026e-008 -0.0522221
2.49276e-008 -0.0158824
2.49526e-008 0.00656014
2.49776e-008 0.0317649
2.50026e-008 0.0416914
2.50276e-008 0.0107897
2.50526e-008 -0.02555
2.50776e-008 -0.0261542
2.51026e-008 -0.0141561
2.51276e-008 -0.0159688
2.51526e-008 -0.0106171
2.51776e-008 0.00466115
2.52026e-008 -0.00414324
2.52276e-008 -0.0279669
2.52526e-008 -0.0233057
2.52776e-008 -0.00172635
2.53026e-008 -0.00543801
2.53276e-008 -0.0196804
2.53526e-008 -0.0110486
2.53776e-008 -0.00112213
2.54026e-008 -0.0138108
2.54276e-008 -0.0200257
2.54526e-008 -0.00267584
2.54776e-008 0.00940862
2.55026e-008 0.0126887
2.55276e-008 0.0309017
2.55526e-008 0.0397061
2.55776e-008 0.000431588
2.56026e-008 -0.0471294
2.56276e-008 -0.0416051
2.56526e-008 -0.00914966
2.56776e-008 -0.00664645
2.57026e-008 -0.0189899
2.57276e-008 -0.0110486
2.57526e-008 -0.00276216
2.57776e-008 -0.00940862
2.58026e-008 -0.000949493
2.58276e-008 0.018213
2.58526e-008 -0.00310743
2.58776e-008 -0.0519632
2.59026e-008 -0.0508411
2.59276e-008 0.00164003
2.59526e-008 0.0207162
2.59776e-008 -0.0131203
2.60026e-008 -0.0226152
2.60276e-008 0.0216657
2.60526e-008 0.05274
2.60776e-008 0.0284848
2.61026e-008 -0.00802753
2.61276e-008 -0.0195078
2.61526e-008 -0.0289164
2.61776e-008 -0.0539485
2.62026e-008 -0.0615444
2.62276e-008 -0.0237373
2.62526e-008 0.0341818
2.62776e-008 0.0653424
2.63026e-008 0.0515316
2.63276e-008 0.0138108
2.63526e-008 -0.00880439
2.63776e-008 0.00517905
2.64026e-008 0.032887
2.64276e-008 0.0344407
2.64526e-008 0.00992652
2.64776e-008 -0.00828649
2.65026e-008 -0.0143287
2.65276e-008 -0.0258953
2.65526e-008 -0.0301248
2.65776e-008 -0.000258953
2.66026e-008 0.0416051
2.66276e-008 0.0481652
2.66526e-008 0.0209752
2.66776e-008 -0.00414324
2.67026e-008 -0.0207162
2.67276e-008 -0.036426
2.67526e-008 -0.0331459
2.67776e-008 0.00112213
2.68026e-008 0.0389292
2.68276e-008 0.0538622
2.68526e-008 0.0486831
2.68776e-008 0.0239963
2.69026e-008 -0.0214068
2.69276e-008 -0.0558475
2.69526e-008 -0.0447125
2.69776e-008 -0.00949493
2.70026e-008 0.00379797
2.70276e-008 -0.00414324
2.70526e-008 -0.00258953
2.70776e-008 0.00914966
2.71026e-008 0.00949493
2.71276e-008 -0.00258953
2.71526e-008 -0.0124297
2.71776e-008 -0.0174361
2.72026e-008 -0.0248595
2.72276e-008 -0.034786
2.72526e-008 -0.0357355
2.72776e-008 -0.0177814
2.73026e-008 0.00966757
2.73276e-008 0.0214068
2.73526e-008 0.0117392
2.73776e-008 0.00604223
2.74026e-008 0.0171772
2.74276e-008 0.0209752
2.74526e-008 -0.00129476
2.74776e-008 -0.0277079
2.75026e-008 -0.0319375
2.75276e-008 -0.0200257
2.75526e-008 -0.00742331
2.75776e-008 0.00794122
2.76026e-008 0.0259816
2.76276e-008 0.0280532
2.76526e-008 0.00353902
2.76776e-008 -0.0245142
2.77026e-008 -0.0263269
2.77276e-008 -0.00543801
2.77526e-008 0.0117392
2.77776e-008 0.0175225
2.78026e-008 0.0247731
2.78276e-008 0.0297796
2.78526e-008 0.0137245
2.78776e-008 -0.0172635
2.79026e-008 -0.0320238
2.79276e-008 -0.0209752
2.79526e-008 -0.00422956
2.79776e-008 0.0044022
2.80026e-008 0.00310743
2.80276e-008 -0.0121708
2.80526e-008 -0.0323691
2.80776e-008 -0.0297796
2.81026e-008 -0.00328007
2.81276e-008 0.00820017
2.81526e-008 -0.0117392
2.81776e-008 -0.0292617
2.82026e-008 -0.0242552
2.82276e-008 -0.0227878
2.82526e-008 -0.0397061
2.82776e-008 -0.0466978
2.83026e-008 -0.0232194
2.83276e-008 0.00794122
2.83526e-008 0.0166593
2.83776e-008 0.00466115
2.84026e-008 -0.00310743
2.84276e-008 0.011135
2.84526e-008 0.0369439
2.84776e-008 0.042123
2.85026e-008 0.0113939
2.85276e-008 -0.0289164
2.85526e-008 -0.0444536
2.85776e-008 -0.0349586
2.86026e-008 -0.0213204
2.86276e-008 -0.0115666
2.86526e-008 -0.00474747
2.86776e-008 -0.00474747
2.87026e-008 -0.00845912
2.87276e-008 -0.0044022
2.87526e-008 0.00155372
2.87776e-008 -0.0119981
2.88026e-008 -0.0410008
2.88276e-008 -0.0521358
2.88526e-008 -0.0359944
2.88776e-008 -0.0264132
2.89026e-008 -0.0458346
2.89276e-008 -0.0660329
2.89526e-008 -0.0525674
2.89776e-008 -0.0177814
2.90026e-008 0.00310743
2.90276e-008 0.0044022
2.90526e-008 0.00595591
2.90776e-008 0.0153645
2.91026e-008 0.0226152
2.91276e-008 0.0180404
2.91526e-008 0.000949493
2.91776e-008 -0.016573
2.92026e-008 -0.0132929
2.92276e-008 0.0103581
2.92526e-008 0.0181267
2.92776e-008 -0.0083728
2.93026e-008 -0.0283985
2.93276e-008 -0.00405693
2.93526e-008 0.0294343
2.93776e-008 0.0190762
2.94026e-008 -0.0142424
2.94276e-008 -0.0137245
2.94526e-008 0.0159688
2.94776e-008 0.0240826
2.95026e-008 -0.000517905
2.95276e-008 -0.0237373
2.95526e-008 -0.0227015
2.95776e-008 -0.00233057
2.96026e-008 0.0213204
2.96276e-008 0.0279669
2.96526e-008 0.0119118
2.96776e-008 -0.0014674
2.97026e-008 0.0104444
2.97276e-008 0.0310743
2.97526e-008 0.0362534
2.97776e-008 0.031247
2.98026e-008 0.0232194
2.98276e-008 0.000776858
2.98526e-008 -0.0300385
2.98776e-008 -0.038325
2.99026e-008 -0.0202846
2.99276e-008 -0.00543801
2.99526e-008 -0.0029348
2.99776e-008 0.00509274
3.00026e-008 0.0181267
3.00276e-008 0.014415
3.00526e-008 -0.00958125
3.00776e-008 -0.032628
3.01026e-008 -0.0346997
3.01276e-008 -0.0166593
3.01526e-008 0
3.01776e-008 0.00224426
3.02026e-008 0.0083728
3.02276e-008 0.0309017
3.02526e-008 0.0357355
3.02776e-008 0.00250321
3.03026e-008 -0.0168319
3.03276e-008 0.0145877
3.03526e-008 0.0350449
3.03776e-008 -0.00431588
3.04026e-008 -0.0365987
3.04276e-008 -0.00388429
3.04526e-008 0.0273627
3.04776e-008 -0.0044022
3.05026e-008 -0.0431588
3.05276e-008 -0.0356492
3.05526e-008 -0.0199394
3.05776e-008 -0.0188172
3.06026e-008 0.00103581
3.06276e-008 0.0264132
3.06526e-008 0.010876
3.06776e-008 -0.0132066
3.07026e-008 0.0107897
3.07276e-008 0.0425546
3.07526e-008 0.0214931
3.07776e-008 -0.0147603
3.08026e-008 -0.0115666
3.08276e-008 0.00500642
3.08526e-008 0.00371166
3.08776e-008 0.0107897
3.09026e-008 0.0359081
3.09276e-008 0.0432451
3.09526e-008 0.0220973
3.09776e-008 -0.00362534
3.10026e-008 -0.0208025
3.10276e-008 -0.023651
3.10526e-008 -0.0093223
3.10776e-008 -0.00414324
3.11026e-008 -0.0253774
3.11276e-008 -0.034527
3.11526e-008 -0.00681909
3.11776e-008 0.0113939
3.12026e-008 -0.00647382
3.12276e-008 -0.0147603
3.12526e-008 0.00034527
3.12776e-008 -0.00906335
3.13026e-008 -0.0355628
3.13276e-008 -0.0200257
3.13526e-008 0.0174361
3.13776e-008 0.00940862
3.14026e-008 -0.0164867
3.14276e-008 0.0078549
3.14526e-008 0.045662
3.14776e-008 0.0229605
3.15026e-008 -0.0307291
3.15276e-008 -0.0441083
3.15526e-008 -0.0224426
3.15776e-008 -0.00552432
3.16026e-008 0.00431588
3.16276e-008 0.00914966
3.16526e-008 -0.000258953
3.16776e-008 -0.00699172
3.17026e-008 0.00578328
3.17276e-008 0.0102718
3.17526e-008 -0.0129476
3.17776e-008 -0.0286574
3.18026e-008 -0.0151919
3.18276e-008 -0.00699172
3.18526e-008 -0.0216657
3.18776e-008 -0.021752
3.19026e-008 0.0133792
3.19276e-008 0.0495463
3.19526e-008 0.0552432
3.19776e-008 0.0413461
3.20026e-008 0.0295206
3.20276e-008 0.0193351
3.20526e-008 -0.00569696
3.20776e-008 -0.0478199
3.21026e-008 -0.0737152
3.21276e-008 -0.0497189
3.21526e-008 0.000258953
3.21776e-008 0.0171772
3.22026e-008 -0.00776858
3.22276e-008 -0.0302975
3.22526e-008 -0.0319375
3.22776e-008 -0.0335775
3.23026e-008 -0.0377208
3.23276e-008 -0.0285711
3.23526e-008 -0.0133792
3.23776e-008 -0.00431588
3.24026e-008 0.00992652
3.24276e-008 0.0272764
3.24526e-008 0.0152782
3.24776e-008 -0.0285711
3.25026e-008 -0.054639
3.25276e-008 -0.0316785
3.25526e-008 0.00975389
3.25776e-008 0.0296069
3.26026e-008 0.029089
3.26276e-008 0.0295206
3.26526e-008 0.0341818
3.26776e-008 0.0307291
3.27026e-008 0.0190762
3.27276e-008 0.014674
3.27526e-008 0.0170909
3.27776e-008 0.00241689
3.28026e-008 -0.030988
3.28276e-008 -0.0470431
3.28526e-008 -0.0304701
3.28776e-008 -0.00949493
3.29026e-008 0.00750963
3.29276e-008 0.0406556
3.29526e-008 0.0651698
3.29776e-008 0.0338365
3.30026e-008 -0.019853
3.30276e-008 -0.0260679
3.30526e-008 -0.00914966
3.30776e-008 -0.0332323
3.31026e-008 -0.0633571
3.31276e-008 -0.0360807
3.31526e-008 0.00621487
3.31776e-008 0.00500642
3.32026e-008 0.00328007
3.32276e-008 0.034786
3.32526e-008 0.0357355
3.32776e-008 -0.016314
3.33026e-008 -0.0396198
3.33276e-008 -0.00742331
3.33526e-008 0.00958125
3.33776e-008 -0.00207162
3.34026e-008 0.0115666
3.34276e-008 0.0338365
3.34526e-008 0.012775
3.34776e-008 -0.0145877
3.35026e-008 -0.0014674
3.35276e-008 0.000949493
3.35526e-008 -0.0441083
3.35776e-008 -0.0691404
3.36026e-008 -0.0370302
3.36276e-008 -0.0116529
3.36526e-008 -0.0192488
3.36776e-008 -0.00776858
3.37026e-008 0.0216657
3.37276e-008 0.011135
3.37526e-008 -0.02391
3.37776e-008 -0.0183856
3.38026e-008 0.0150193
3.38276e-008 0.0197667
3.38526e-008 0.00535169
3.38776e-008 0.0102718
3.39026e-008 0.019853
3.39276e-008 0.00794122
3.39526e-008 -0.00707804
3.39776e-008 -0.00552432
3.40026e-008 -0.00034527
3.40276e-008 0.00233057
3.40526e-008 0.0136382
3.40776e-008 0.0210615
3.41026e-008 -0.000517905
3.41276e-008 -0.0336639
3.41526e-008 -0.030988
3.41776e-008 0.00880439
3.42026e-008 0.032628
3.42276e-008 0.0147603
3.42526e-008 -0.00474747
3.42776e-008 0.00353902
3.43026e-008 0.00483378
3.43276e-008 -0.0277943
3.43526e-008 -0.0469568
3.43776e-008 -0.00958125
3.44026e-008 0.039965
3.44276e-008 0.0429862
3.44526e-008 0.0179541
3.44776e-008 0.00604223
3.45026e-008 0.00103581
3.45276e-008 -0.00422956
3.45526e-008 0.0133792
3.45776e-008 0.0423819
3.46026e-008 0.0336639
3.46276e-008 -0.011135
3.46526e-008 -0.0435041
3.46776e-008 -0.0558475
3.47026e-008 -0.0684498
3.47276e-008 -0.062235
3.47526e-008 -0.0192488
3.47776e-008 0.0218383
3.48026e-008 0.0320238
3.48276e-008 0.0374618
3.48526e-008 0.0431588
3.48776e-008 0.0153645
3.49026e-008 -0.02719
3.49276e-008 -0.0270174
3.49526e-008 -0.00103581
3.49776e-008 -0.00966757
3.50026e-008 -0.0316785
3.50276e-008 -0.0078549
3.50526e-008 0.0334912
3.50776e-008 0.0308154
3.51026e-008 0.00802753
3.51276e-008 0.0154508
3.51526e-008 0.0300385
3.51776e-008 0.0176951
3.52026e-008 0.00673277
3.52276e-008 0.0186446
3.52526e-008 0.0224426
3.52776e-008 0.00820017
3.53026e-008 0.00776858
3.53276e-008 0.0211478
3.53526e-008 0.0201983
3.53776e-008 0.0169182
3.54026e-008 0.0315922
3.54276e-008 0.0309017
3.54526e-008 -0.0100128
3.54776e-008 -0.0414324
3.55026e-008 -0.0202846
3.55276e-008 0.0123434
3.55526e-008 0.00828649
3.55776e-008 -0.00949493
3.56026e-008 -0.00820017
3.56276e-008 -0.00681909
3.56526e-008 -0.0245142
3.56776e-008 -0.0391019
3.57026e-008 -0.0307291
3.57276e-008 -0.0101855
3.57526e-008 0.0116529
3.57776e-008 0.0313333
3.58026e-008 0.0328007
3.58276e-008 0.00794122
3.58526e-008 -0.0145877
3.58776e-008 -0.00716436
3.59026e-008 0.00716436
3.59276e-008 -0.0093223
3.59526e-008 -0.0443672
3.59776e-008 -0.0572286
3.60026e-008 -0.0457483
3.60276e-008 -0.0372892
3.60526e-008 -0.0297796
3.60776e-008 -0.00414324
3.61026e-008 0.0208025
3.61276e-008 0.014674
3.61526e-008 0.000690541
3.61776e-008 0.0160551
3.62026e-008 0.0340091
3.62276e-008 0.0137245
3.62526e-008 -0.00742331
3.62776e-008 0.0216657
3.63026e-008 0.0548117
3.63276e-008 0.021752
3.63526e-008 -0.038325
3.63776e-008 -0.0428998
3.64026e-008 -0.0101855
3.64276e-008 -0.0078549
3.64526e-008 -0.0211478
3.64776e-008 -0.00172635
3.65026e-008 0.0185583
3.65276e-008 -0.0101855
3.65526e-008 -0.0451441
3.65776e-008 -0.0210615
3.66026e-008 0.029089
3.66276e-008 0.0306427
3.66526e-008 -0.00889071
3.66776e-008 -0.0287438
3.67026e-008 -0.0205436
3.67276e-008 -0.022011
3.67526e-008 -0.0334912
3.67776e-008 -0.0192488
3.68026e-008 0.020112
3.68276e-008 0.038584
3.68526e-008 0.0140698
3.68776e-008 -0.0180404
3.69026e-008 -0.0189035
3.69276e-008 0.00138108
3.69526e-008 0.00776858
3.69776e-008 -0.00621487
3.70026e-008 -0.0216657
3.70276e-008 -0.0311606
3.70526e-008 -0.040224
3.70776e-008 -0.041864
3.71026e-008 -0.0248595
3.71276e-008 0.00172635
3.71526e-008 0.0176088
3.71776e-008 0.0191625
3.72026e-008 0.0150193
3.72276e-008 0.00690541
3.72526e-008 -0.00474747
3.72776e-008 -0.010876
3.73026e-008 -0.00543801
3.73276e-008 0.0078549
3.73526e-008 0.0263269
3.73776e-008 0.0432451
3.74026e-008 0.0370302
3.74276e-008 0.00034527
3.74526e-008 -0.031247
3.74776e-008 -0.0228742
3.75026e-008 0.00371166
3.75276e-008 0.00750963
3.75526e-008 -0.00414324
3.75776e-008 -0.00388429
3.76026e-008 -0.00224426
3.76276e-008 -0.0174361
3.76526e-008 -0.02555
3.76776e-008 -0.0044022
3.77026e-008 0.0202846
3.77276e-008 0.0233921
3.77526e-008 0.0212341
3.77776e-008 0.0260679
3.78026e-008 0.022011
3.78276e-008 0.0098402
3.78526e-008 0.00854544
3.78776e-008 0.00889071
3.79026e-008 -0.00578328
3.79276e-008 -0.0104444
3.79526e-008 0.0140698
3.79776e-008 0.0272764
3.80026e-008 -0.00112213
3.80276e-008 -0.0277079
3.80526e-008 -0.0147603
3.80776e-008 -0.00103581
3.81026e-008 -0.0213204
3.81276e-008 -0.0371166
3.81526e-008 -0.0173498
3.81776e-008 0.000776858
3.82026e-008 -0.0113076
3.82276e-008 -0.022011
3.82526e-008 -0.012775
3.82776e-008 -0.0122571
3.83026e-008 -0.0204573
3.83276e-008 0.00647382
3.83526e-008 0.0605949
3.83776e-008 0.0696583
3.84026e-008 0.0148466
3.84276e-008 -0.0317649
3.84526e-008 -0.0243416
3.84776e-008 -0.00448851
3.85026e-008 -0.0100992
3.85276e-008 -0.0140698
3.85526e-008 0.00656014
3.85776e-008 0.0250321
3.86026e-008 0.0273627
3.86276e-008 0.0397924
3.86526e-008 0.0623213
3.86776e-008 0.0514453
3.87026e-008 -0.00336639
3.87276e-008 -0.0511863
3.87526e-008 -0.0486831
3.87776e-008 -0.00699172
3.88026e-008 0.0355628
3.88276e-008 0.0486831
3.88526e-008 0.0264132
3.88776e-008 -0.00379797
3.89026e-008 -0.0083728
3.89276e-008 0.00422956
3.89526e-008 -0.000863176
3.89776e-008 -0.0210615
3.90026e-008 -0.0200257
3.90276e-008 0.00759595
3.90526e-008 0.0271037
3.90776e-008 0.0164867
3.91026e-008 -0.0119981
3.91276e-008 -0.0349586
3.91526e-008 -0.0372029
3.91776e-008 -0.0218383
3.92026e-008 -0.0113076
3.92276e-008 -0.0161414
3.92526e-008 -0.013034
3.92776e-008 0.0116529
3.93026e-008 0.0259816
3.93276e-008 0.00302112
3.93526e-008 -0.0276216
3.93776e-008 -0.0299522
3.94026e-008 -0.0215794
3.94276e-008 -0.0331459
3.94526e-008 -0.0505821
3.94776e-008 -0.047302
3.95026e-008 -0.0321101
3.95276e-008 -0.0204573
3.95526e-008 -0.00336639
3.95776e-008 0.018472
3.96026e-008 0.0180404
3.96276e-008 -0.00880439
3.96526e-008 -0.032628
3.96776e-008 -0.0473883
3.97026e-008 -0.071212
3.97276e-008 -0.0799301
3.97526e-008 -0.0267584
3.97776e-008 0.0577465
3.98026e-008 0.087785
3.98276e-008 0.0561064
3.98526e-008 0.0340954
3.98776e-008 0.034786
3.99026e-008 0.00759595
3.99276e-008 -0.0323691
3.99526e-008 -0.0202846
3.99776e-008 0.0195078
4.00026e-008 0.00906335
