LECROYSDA18000 15238 Waveform
Segments 1 SegmentSize 202
Segment TrigTime TimeSinceSegment1
#1 02-Nov-2018 09:59:39 0                 
Time Ampl
-2.00106e-009 0.00189899
-1.97606e-009 0.00511
-1.95106e-009 0.0104617
-1.92606e-009 0.0155717
-1.90106e-009 0.0153645
-1.87606e-009 0.00870081
-1.85106e-009 0.000794122
-1.82606e-009 -0.00248595
-1.80106e-009 -0.00224426
-1.77606e-009 -0.00352176
-1.75106e-009 -0.00386703
-1.72606e-009 0.00182993
-1.70106e-009 0.0063875
-1.67606e-009 0.000448851
-1.65106e-009 -0.00656014
-1.62606e-009 -0.000828649
-1.60106e-009 0.00797574
-1.57606e-009 0.0034527
-1.55106e-009 -0.00649108
-1.52606e-009 -0.00545527
-1.50106e-009 0.0021752
-1.47606e-009 0.00445399
-1.45106e-009 0.00334912
-1.42606e-009 0.00248595
-1.40106e-009 -0.00131203
-1.37606e-009 -0.00365987
-1.35106e-009 0.00269311
-1.32606e-009 0.00890797
-1.30106e-009 0.00407419
-1.27606e-009 -0.00227878
-1.25106e-009 0.00134655
-1.22606e-009 0.00707804
-1.20106e-009 0.00783764
-1.17606e-009 0.011532
-1.15106e-009 0.0188172
-1.12606e-009 0.0177469
-1.10106e-009 0.00890797
-1.07606e-009 0.00435041
-1.05106e-009 0.00224426
-1.02606e-009 -0.00445399
-1.00106e-009 -0.00566243
-9.76059e-010 0.00797574
-9.51059e-010 0.0216484
-9.26059e-010 0.0200257
-9.01059e-010 0.0126024
-8.76059e-010 0.0119809
-8.51059e-010 0.0123607
-8.26059e-010 0.00711257
-8.01059e-010 0.00372892
-7.76059e-010 0.00866628
-7.51059e-010 0.0193351
-7.26059e-010 0.0348378
-7.01059e-010 0.0551051
-6.76059e-010 0.073439
-6.51059e-010 0.0883547
-6.26059e-010 0.113801
-6.01059e-010 0.160447
-5.76059e-010 0.216933
-5.51059e-010 0.265409
-5.26059e-010 0.306324
-5.01059e-010 0.352659
-4.76059e-010 0.405658
-4.51059e-010 0.451821
-4.26059e-010 0.484
-4.01059e-010 0.512692
-3.76059e-010 0.546805
-3.51059e-010 0.575531
-3.26059e-010 0.585475
-3.01059e-010 0.586165
-2.76059e-010 0.595488
-2.51059e-010 0.608539
-2.26059e-010 0.608712
-2.01059e-010 0.598906
-1.76059e-010 0.591931
-1.51059e-010 0.584474
-1.26059e-010 0.570835
-1.01059e-010 0.561962
-7.60587e-011 0.560615
-5.10587e-011 0.545562
-2.60587e-011 0.506684
-1.05872e-012 0.460901
2.39413e-011 0.413185
4.89413e-011 0.348792
7.39413e-011 0.277632
9.89413e-011 0.229536
1.23941e-010 0.195354
1.48941e-010 0.134034
1.73941e-010 0.0420194
1.98941e-010 -0.0475092
2.23941e-010 -0.126611
2.48941e-010 -0.210891
2.73941e-010 -0.292824
2.98941e-010 -0.357804
3.23941e-010 -0.419745
3.48941e-010 -0.486555
3.73941e-010 -0.530819
3.98941e-010 -0.540866
4.23941e-010 -0.550188
4.48941e-010 -0.575704
4.73941e-010 -0.588858
4.98941e-010 -0.580054
5.23941e-010 -0.582713
5.48941e-010 -0.604741
5.73941e-010 -0.608539
5.98941e-010 -0.582126
6.23941e-010 -0.559683
6.48941e-010 -0.556783
6.73941e-010 -0.550533
6.98941e-010 -0.530784
7.23941e-010 -0.511207
7.48941e-010 -0.49094
7.73941e-010 -0.456758
7.98941e-010 -0.412736
8.23941e-010 -0.368231
8.48941e-010 -0.317511
8.73941e-010 -0.261818
8.98941e-010 -0.218901
9.23941e-010 -0.18762
9.48941e-010 -0.144081
9.73941e-010 -0.0873189
9.98941e-010 -0.0423301
1.02394e-009 -0.0126369
1.04894e-009 0.0182303
1.07394e-009 0.042848
1.09894e-009 0.0437457
1.12394e-009 0.0368403
1.14894e-009 0.0456793
1.17394e-009 0.054311
1.19894e-009 0.0391882
1.22394e-009 0.0173326
1.24894e-009 0.013362
1.27394e-009 0.0157098
1.29894e-009 0.00659466
1.32394e-009 -0.00573149
1.34894e-009 -0.0149157
1.37394e-009 -0.0302802
1.39894e-009 -0.0452304
1.42394e-009 -0.0393608
1.44894e-009 -0.0188172
1.47394e-009 -0.00801027
1.49894e-009 -0.00742331
1.52394e-009 -0.00369439
1.54894e-009 -0.00296932
1.57394e-009 -0.0148121
1.59894e-009 -0.0281395
1.62394e-009 -0.0340091
1.64894e-009 -0.0420194
1.67394e-009 -0.0533097
1.69894e-009 -0.0546563
1.72394e-009 -0.0484069
1.74894e-009 -0.0516524
1.77394e-009 -0.0641857
1.79894e-009 -0.07154
1.82394e-009 -0.070297
1.84894e-009 -0.0641512
1.87394e-009 -0.0525501
1.89894e-009 -0.0419158
1.92394e-009 -0.0416051
1.94894e-009 -0.0409145
1.97394e-009 -0.0244106
1.99894e-009 -0.0071471
2.02394e-009 -0.0129476
2.04894e-009 -0.0299349
2.07394e-009 -0.0314196
2.09894e-009 -0.0220973
2.12394e-009 -0.0185755
2.14894e-009 -0.0115666
2.17394e-009 0.00859723
2.19894e-009 0.021096
2.22394e-009 0.00956399
2.24894e-009 -0.00618034
2.27394e-009 -0.00756142
2.29894e-009 -0.00832101
2.32394e-009 -0.0198185
2.34894e-009 -0.0244106
2.37394e-009 -0.00942588
2.39894e-009 0.00780311
2.42394e-009 0.00880439
2.44894e-009 -0.00141561
2.47394e-009 -0.00939135
2.49894e-009 -0.0102891
2.52394e-009 -0.0058696
2.54894e-009 -0.00058696
2.57394e-009 0.00103581
2.59894e-009 -0.00058696
2.62394e-009 -0.00317649
2.64894e-009 -0.00749237
2.67394e-009 -0.0110832
2.69894e-009 -0.0084246
2.72394e-009 -0.00583507
2.74894e-009 -0.0155026
2.77394e-009 -0.0283122
2.79894e-009 -0.022339
2.82394e-009 -0.00317649
2.84894e-009 0.00179541
2.87394e-009 -0.0098402
2.89894e-009 -0.0151228
2.92394e-009 -0.0111177
2.94894e-009 -0.0151574
2.97394e-009 -0.0241689
2.99894e-009 -0.0187827
3.02394e-009 -0.00296932
