LECROYSDA18000 15238 Waveform
Segments 1 SegmentSize 3002
Segment TrigTime TimeSinceSegment1
#1 02-Nov-2018 14:15:03 0                 
Time Ampl
-1.000901e-008 -0.0121708
-9.992341e-009 -0.0403966
-9.975674e-009 -0.0177814
-9.959007e-009 0.0034527
-9.942341e-009 -0.000172635
-9.925674e-009 -0.00112213
-9.909007e-009 0.00362534
-9.892341e-009 0.010876
-9.875674e-009 0.0224426
-9.859007e-009 0.0150193
-9.842341e-009 -0.00172635
-9.825674e-009 0.0179541
-9.809007e-009 0.0283985
-9.792341e-009 -0.0473883
-9.775674e-009 -0.118514
-9.759007e-009 -0.0624076
-9.742341e-009 0.0167456
-9.725674e-009 -0.0227015
-9.709007e-009 -0.0854544
-9.692341e-009 -0.0436767
-9.675674e-009 0.0291753
-9.659007e-009 0.0427272
-9.642341e-009 0.0264132
-9.625674e-009 -0.0034527
-9.609007e-009 -0.0459209
-9.592341e-009 -0.0361671
-9.575674e-009 0.0304701
-9.559007e-009 0.0579191
-9.542341e-009 0.0321965
-9.525674e-009 0.025809
-9.509007e-009 0.0358218
-9.492341e-009 0.0246868
-9.475674e-009 0.00811385
-9.459007e-009 -0.019853
-9.442341e-009 -0.0719889
-9.425674e-009 -0.0810522
-9.409007e-009 -0.0138971
-9.392341e-009 0.0365123
-9.375674e-009 0.012775
-9.359007e-009 -0.0225289
-9.342341e-009 -0.0179541
-9.325674e-009 0.0141561
-9.309007e-009 0.0403103
-9.292341e-009 0.0229605
-9.275674e-009 -0.0194215
-9.259007e-009 -0.0136382
-9.242341e-009 0.0227015
-9.225674e-009 0.00500642
-9.209007e-009 -0.0325417
-9.192341e-009 -0.0138971
-9.175674e-009 0.00733699
-9.159007e-009 -0.016573
-9.142341e-009 -0.0233921
-9.125674e-009 -0.0105307
-9.109007e-009 -0.036685
-9.092341e-009 -0.0618034
-9.075674e-009 -0.0409145
-9.059007e-009 -0.023651
-9.042341e-009 -0.0170909
-9.025674e-009 0.00794122
-9.009007e-009 0.00733699
-8.992341e-009 -0.0014674
-8.975674e-009 0.0625802
-8.959007e-009 0.0989199
-8.942341e-009 -0.0145877
-8.925674e-009 -0.106171
-8.909007e-009 -0.0283122
-8.892341e-009 0.0338365
-8.875674e-009 -0.018472
-8.859007e-009 -0.00768226
-8.842341e-009 0.0642203
-8.825674e-009 0.0222699
-8.809007e-009 -0.0428998
-8.792341e-009 0.0187309
-8.775674e-009 0.0575738
-8.759007e-009 -0.0244279
-8.742341e-009 -0.0434177
-8.725674e-009 0.0497189
-8.709007e-009 0.0767363
-8.692341e-009 0.0158824
-8.675674e-009 -0.0132929
-8.659007e-009 -0.00889071
-8.642341e-009 -0.00379797
-8.625674e-009 0.0185583
-8.609007e-009 0.0142424
-8.592341e-009 -0.0420367
-8.575674e-009 -0.0570559
-8.559007e-009 -8.63176e-005
-8.542341e-009 0.0322828
-8.525674e-009 0.0139834
-8.509007e-009 0.00120845
-8.492341e-009 -0.00414324
-8.475674e-009 -0.00725068
-8.459007e-009 0.0173498
-8.442341e-009 0.0315059
-8.425674e-009 -0.00897703
-8.409007e-009 -0.0400514
-8.392341e-009 -0.00725068
-8.375674e-009 0.0286574
-8.359007e-009 0.0239963
-8.342341e-009 0.0203709
-8.325674e-009 0.0330596
-8.309007e-009 0.0349586
-8.292341e-009 0.038066
-8.275674e-009 0.062235
-8.259007e-009 0.0757868
-8.242341e-009 0.0484242
-8.225674e-009 0.00207162
-8.209007e-009 -0.0220973
-8.192341e-009 -0.00880439
-8.175674e-009 0.0159688
-8.159007e-009 0.00284848
-8.142341e-009 -0.0453167
-8.125674e-009 -0.0486831
-8.109007e-009 0.0202846
-8.092341e-009 0.0550706
-8.075674e-009 -0.0126024
-8.059007e-009 -0.0756142
-8.042341e-009 -0.0368576
-8.025674e-009 0.0269311
-8.009007e-009 0.0392745
-7.992341e-009 0.0429862
-7.975674e-009 0.0365987
-7.959007e-009 -0.0323691
-7.942341e-009 -0.0841596
-7.925674e-009 -0.0258953
-7.909007e-009 0.0314196
-7.892341e-009 -0.0225289
-7.875674e-009 -0.0826059
-7.859007e-009 -0.0620623
-7.842341e-009 -0.0389292
-7.825674e-009 -0.0306427
-7.809007e-009 0.0256363
-7.792341e-009 0.0659466
-7.775674e-009 0.0113076
-7.759007e-009 -0.0355628
-7.742341e-009 0.0192488
-7.725674e-009 0.0806206
-7.709007e-009 0.0542074
-7.692341e-009 -0.00474747
-7.675674e-009 -0.0205436
-7.659007e-009 -0.00189899
-7.642341e-009 0.0014674
-7.625674e-009 -0.0306427
-7.609007e-009 -0.0606813
-7.592341e-009 -0.0501505
-7.575674e-009 -0.0260679
-7.559007e-009 -0.0221836
-7.542341e-009 -0.0204573
-7.525674e-009 -0.0149329
-7.509007e-009 -0.0214068
-7.492341e-009 -0.0162277
-7.475674e-009 0.00871807
-7.459007e-009 0.00414324
-7.442341e-009 -0.0308154
-7.425674e-009 -0.0403966
-7.409007e-009 -0.0245142
-7.392341e-009 -0.00707804
-7.375674e-009 0.0195078
-7.359007e-009 0.0224426
-7.342341e-009 -0.0226152
-7.325674e-009 -0.034786
-7.309007e-009 0.0122571
-7.292341e-009 0.0014674
-7.275674e-009 -0.0762184
-7.259007e-009 -0.0787216
-7.242341e-009 -0.00966757
-7.225674e-009 0.00371166
-7.209007e-009 -0.0211478
-7.192341e-009 -0.0117392
-7.175674e-009 -0.0098402
-7.159007e-009 -0.0203709
-7.142341e-009 0.0180404
-7.125674e-009 0.0511863
-7.109007e-009 0.0133792
-7.092341e-009 -0.0129476
-7.075674e-009 -8.63176e-005
-7.059007e-009 -0.0425546
-7.042341e-009 -0.0908061
-7.025674e-009 -0.0172635
-7.009007e-009 0.0755279
-6.992341e-009 0.0384976
-6.975674e-009 -0.0177814
-6.959007e-009 0.0271037
-6.942341e-009 0.0555022
-6.925674e-009 -0.0105307
-6.909007e-009 -0.04946
-6.892341e-009 -0.0093223
-6.875674e-009 0.0147603
-6.859007e-009 -0.0063875
-6.842341e-009 -0.0230468
-6.825674e-009 -0.0246868
-6.809007e-009 -0.00776858
-6.792341e-009 0.0332323
-6.775674e-009 0.0485105
-6.759007e-009 0.0191625
-6.742341e-009 0.0120845
-6.725674e-009 0.0352176
-6.709007e-009 0.0182993
-6.692341e-009 -0.0193351
-6.675674e-009 -0.0110486
-6.659007e-009 0.00310743
-6.642341e-009 -0.0161414
-6.625674e-009 -0.00621487
-6.609007e-009 0.0296932
-6.592341e-009 0.00155372
-6.575674e-009 -0.0518769
-6.559007e-009 -0.0174361
-6.542341e-009 0.0577465
-6.525674e-009 0.0642203
-6.509007e-009 0.0290027
-6.492341e-009 0.0142424
-6.475674e-009 0.00863176
-6.459007e-009 0.0119118
-6.442341e-009 0.030988
-6.425674e-009 0.0266721
-6.409007e-009 -0.00103581
-6.392341e-009 -0.00768226
-6.375674e-009 -0.0109623
-6.359007e-009 -0.0319375
-6.342341e-009 -0.0296932
-6.325674e-009 -0.0213204
-6.309007e-009 -0.0556748
-6.292341e-009 -0.0572286
-6.275674e-009 0.0237373
-6.259007e-009 0.051359
-6.242341e-009 -0.0285711
-6.225674e-009 -0.0534306
-6.209007e-009 0.0219247
-6.192341e-009 0.0429862
-6.175674e-009 -0.0158824
-6.159007e-009 -0.0372892
-6.142341e-009 -0.0164867
-6.125674e-009 -0.0132929
-6.109007e-009 -0.0167456
-6.092341e-009 -0.0242552
-6.075674e-009 -0.0463525
-6.059007e-009 -0.0379797
-6.042341e-009 -0.00448851
-6.025674e-009 -0.014674
-6.009007e-009 -0.02719
-5.992341e-009 0.0372892
-5.975674e-009 0.0868355
-5.959007e-009 0.0132929
-5.942341e-009 -0.0792395
-5.925674e-009 -0.0530853
-5.909007e-009 0.0338365
-5.892341e-009 0.0553296
-5.875674e-009 0.0121708
-5.859007e-009 -0.00500642
-5.842341e-009 0.0355628
-5.825674e-009 0.062235
-5.809007e-009 0.0204573
-5.792341e-009 -0.0277943
-5.775674e-009 -0.0185583
-5.759007e-009 0.00431588
-5.742341e-009 0.00207162
-5.725674e-009 0.000949493
-5.709007e-009 -0.0158824
-5.692341e-009 -0.0650835
-5.675674e-009 -0.0643066
-5.659007e-009 0.00681909
-5.642341e-009 0.0289164
-5.625674e-009 -0.0118255
-5.609007e-009 -0.000690541
-5.592341e-009 0.0324554
-5.575674e-009 -0.0142424
-5.559007e-009 -0.0545527
-5.542341e-009 0.00733699
-5.525674e-009 0.0536895
-5.509007e-009 0.00630118
-5.492341e-009 -0.0189899
-5.475674e-009 0.0148466
-5.459007e-009 0.0100992
-5.442341e-009 -0.0215794
-5.425674e-009 -0.00923598
-5.409007e-009 -0.0049201
-5.392341e-009 -0.0371166
-5.375674e-009 -0.0164003
-5.359007e-009 0.042123
-5.342341e-009 0.0180404
-5.325674e-009 -0.0478199
-5.309007e-009 -0.0323691
-5.292341e-009 0.00172635
-5.275674e-009 -0.0447125
-5.259007e-009 -0.0763047
-5.242341e-009 -0.0113939
-5.225674e-009 0.0370302
-5.209007e-009 -0.000172635
-5.192341e-009 -0.0282258
-5.175674e-009 -0.0100992
-5.159007e-009 -0.0140698
-5.142341e-009 -0.0400514
-5.125674e-009 -0.0413461
-5.109007e-009 -0.0280532
-5.092341e-009 -0.00923598
-5.075674e-009 0.0151056
-5.059007e-009 0.00181267
-5.042341e-009 -0.0321965
-5.025674e-009 0.000172635
-5.009007e-009 0.0501505
-4.992341e-009 -0.00578328
-4.975674e-009 -0.0843323
-4.959007e-009 -0.0354765
-4.942341e-009 0.0451441
-4.925674e-009 0.0179541
-4.909007e-009 -0.02391
-4.892341e-009 0.0083728
-4.875674e-009 0.0196804
-4.859007e-009 -0.0197667
-4.842341e-009 -0.0176088
-4.825674e-009 0.00612855
-4.809007e-009 -0.0221836
-4.792341e-009 -0.0349586
-4.775674e-009 0.0227878
-4.759007e-009 0.0476473
-4.742341e-009 -0.0152782
-4.725674e-009 -0.0562791
-4.709007e-009 -0.0133792
-4.692341e-009 0.0247731
-4.675674e-009 -0.0019853
-4.659007e-009 -0.0281395
-4.642341e-009 -0.0019853
-4.625674e-009 0.0211478
-4.609007e-009 -0.000172635
-4.592341e-009 -0.00759595
-4.575674e-009 0.02391
-4.559007e-009 0.0169182
-4.542341e-009 -0.0372029
-4.525674e-009 -0.0328007
-4.509007e-009 0.0346997
-4.492341e-009 0.0413461
-4.475674e-009 -0.0327144
-4.459007e-009 -0.0772542
-4.442341e-009 -0.0434177
-4.425674e-009 0.0183856
-4.409007e-009 0.0457483
-4.392341e-009 0.0116529
-4.375674e-009 -0.032628
-4.359007e-009 -0.0117392
-4.342341e-009 0.0334049
-4.325674e-009 0.0162277
-4.309007e-009 -0.0227878
-4.292341e-009 -0.0176088
-4.275674e-009 -0.0104444
-4.259007e-009 -0.016573
-4.242341e-009 0.012775
-4.225674e-009 0.0325417
-4.209007e-009 -0.016573
-4.192341e-009 -0.0522221
-4.175674e-009 -0.0134655
-4.159007e-009 0.0224426
-4.142341e-009 0.0179541
-4.125674e-009 0.00768226
-4.109007e-009 -0.0180404
-4.092341e-009 -0.0401377
-4.075674e-009 -0.00500642
-4.059007e-009 0.0167456
-4.042341e-009 -0.0416914
-4.025674e-009 -0.0569696
-4.009007e-009 0.0311606
-3.992341e-009 0.0640476
-3.975674e-009 -0.00656014
-3.959007e-009 -0.0382387
-3.942341e-009 -0.0132929
-3.925674e-009 -0.0098402
-3.909007e-009 0.00949493
-3.892341e-009 0.0450578
-3.875674e-009 0
-3.859007e-009 -0.0690541
-3.842341e-009 -0.0332323
-3.825674e-009 0.0278806
-3.809007e-009 0.00414324
-3.792341e-009 -0.0228742
-3.775674e-009 -0.00241689
-3.759007e-009 -0.0182993
-3.742341e-009 -0.060336
-3.725674e-009 -0.0390155
-3.709007e-009 0.0206299
-3.692341e-009 0.0455757
-3.675674e-009 0.0269311
-3.659007e-009 -0.0234784
-3.642341e-009 -0.0605086
-3.625674e-009 -0.0242552
-3.609007e-009 0.0321965
-3.592341e-009 0.0181267
-3.575674e-009 -0.0174361
-3.559007e-009 -0.00241689
-3.542341e-009 0.0137245
-3.525674e-009 -0.00233057
-3.509007e-009 -0.00457483
-3.492341e-009 0.00517905
-3.475674e-009 -0.00224426
-3.459007e-009 -0.00949493
-3.442341e-009 -0.0195941
-3.425674e-009 -0.0356492
-3.409007e-009 -0.0019853
-3.392341e-009 0.0611992
-3.375674e-009 0.0451441
-3.359007e-009 -0.0250321
-3.342341e-009 -0.0377208
-3.325674e-009 -0.0214068
-3.309007e-009 -0.0275353
-3.292341e-009 0.00474747
-3.275674e-009 0.047561
-3.259007e-009 -0.00820017
-3.242341e-009 -0.0810522
-3.225674e-009 -0.0353902
-3.209007e-009 0.0323691
-3.192341e-009 0.00863176
-3.175674e-009 -0.0208889
-3.159007e-009 -0.00612855
-3.142341e-009 -0.0131203
-3.125674e-009 -0.0167456
-3.109007e-009 0.0283985
-3.092341e-009 0.0416051
-3.075674e-009 -0.00258953
-3.059007e-009 -0.0100128
-3.042341e-009 0.0175225
-3.025674e-009 0.00975389
-3.009007e-009 -0.0014674
-2.992341e-009 0.0116529
-2.975674e-009 -0.00328007
-2.959007e-009 -0.0267584
-2.942341e-009 -0.00328007
-2.925674e-009 0.0103581
-2.909007e-009 -0.0265858
-2.892341e-009 -0.0348723
-2.875674e-009 0.00992652
-2.859007e-009 0.0387566
-2.842341e-009 0.0446262
-2.825674e-009 0.0469568
-2.809007e-009 0.0138108
-2.792341e-009 -0.0318512
-2.775674e-009 -0.0245142
-2.759007e-009 -0.00172635
-2.742341e-009 -0.0232194
-2.725674e-009 -0.0428135
-2.709007e-009 -0.0265858
-2.692341e-009 -0.0212341
-2.675674e-009 -0.0296069
-2.659007e-009 -0.0205436
-2.642341e-009 -0.0285711
-2.625674e-009 -0.070953
-2.609007e-009 -0.0807069
-2.592341e-009 -0.0349586
-2.575674e-009 -0.00725068
-2.559007e-009 -0.0441083
-2.542341e-009 -0.0983157
-2.525674e-009 -0.0920145
-2.509007e-009 -0.0160551
-2.492341e-009 0.0377208
-2.475674e-009 0.000604223
-2.459007e-009 -0.0547253
-2.442341e-009 -0.0406556
-2.425674e-009 -0.00284848
-2.409007e-009 -0.00466115
-2.392341e-009 -0.014674
-2.375674e-009 -0.00509274
-2.359007e-009 0.00379797
-2.342341e-009 0.00889071
-2.325674e-009 0.0029348
-2.309007e-009 -0.0266721
-2.292341e-009 -0.0276216
-2.275674e-009 0.0289164
-2.259007e-009 0.0499779
-2.242341e-009 -0.00500642
-2.225674e-009 -0.0240826
-2.209007e-009 0.0330596
-2.192341e-009 0.0621487
-2.175674e-009 0.0367713
-2.159007e-009 0.029089
-2.142341e-009 0.0306427
-2.125674e-009 -0.0119118
-2.109007e-009 -0.0656014
-2.092341e-009 -0.065774
-2.075674e-009 -0.00914966
-2.059007e-009 0.0448851
-2.042341e-009 0.02719
-2.025674e-009 -0.0403966
-2.009007e-009 -0.052999
-1.992341e-009 -0.0049201
-1.975674e-009 0.00422956
-1.959007e-009 -0.0189035
-1.942341e-009 0.00103581
-1.925674e-009 0.0192488
-1.909007e-009 -0.00776858
-1.892341e-009 0.00276216
-1.875674e-009 0.0557612
-1.859007e-009 0.0445399
-1.842341e-009 0.0029348
-1.825674e-009 0.036426
-1.809007e-009 0.0770816
-1.792341e-009 0.0411735
-1.775674e-009 0.0162277
-1.759007e-009 0.0572286
-1.742341e-009 0.0865765
-1.725674e-009 0.0813975
-1.709007e-009 0.0757005
-1.692341e-009 0.0404829
-1.675674e-009 -0.0300385
-1.659007e-009 -0.0698309
-1.642341e-009 -0.058178
-1.625674e-009 -0.0203709
-1.609007e-009 0.0216657
-1.592341e-009 0.0156235
-1.575674e-009 -0.0428135
-1.559007e-009 -0.0528264
-1.542341e-009 -0.00405693
-1.525674e-009 -0.00621487
-1.509007e-009 -0.025809
-1.492341e-009 0.0501505
-1.475674e-009 0.120845
-1.459007e-009 0.0555022
-1.442341e-009 -0.0209752
-1.425674e-009 0.00500642
-1.409007e-009 0.0157961
-1.392341e-009 -0.0405693
-1.375674e-009 -0.0428135
-1.359007e-009 0.0200257
-1.342341e-009 0.0472157
-1.325674e-009 0.0468704
-1.309007e-009 0.0621487
-1.292341e-009 0.0526537
-1.275674e-009 0.0103581
-1.259007e-009 -0.0169182
-1.242341e-009 -0.034786
-1.225674e-009 -0.058437
-1.209007e-009 -0.054639
-1.192341e-009 -0.0267584
-1.175674e-009 -0.020112
-1.159007e-009 -0.0292617
-1.142341e-009 -0.0200257
-1.125674e-009 0.00845912
-1.109007e-009 0.0403966
-1.092341e-009 0.0498916
-1.075674e-009 0.0187309
-1.059007e-009 -0.0093223
-1.042341e-009 0.014674
-1.025674e-009 0.0450578
-1.009007e-009 0.0257226
-9.923407e-010 -0.00250321
-9.75674e-010 0.00621487
-9.590074e-010 0.0214068
-9.423407e-010 0.0187309
-9.25674e-010 0.0155372
-9.090074e-010 0.00647382
-8.923407e-010 -0.0237373
-8.75674e-010 -0.0512726
-8.590074e-010 -0.0490284
-8.423407e-010 -0.0251184
-8.25674e-010 0.00561064
-8.090074e-010 0.0382387
-7.923407e-010 0.0618034
-7.75674e-010 0.0613718
-7.590074e-010 0.0361671
-7.423407e-010 0.00880439
-7.25674e-010 0.00362534
-7.090074e-010 0.0116529
-6.923407e-010 0.00535169
-6.75674e-010 -0.00992652
-6.590074e-010 -0.00794122
-6.423407e-010 0.00181267
-6.25674e-010 -0.00820017
-6.090074e-010 -0.021752
-5.923407e-010 -0.00371166
-5.75674e-010 0.0174361
-5.590074e-010 -0.0266721
-5.423407e-010 -0.113076
-5.25674e-010 -0.124643
-5.090074e-010 -0.0386703
-4.923407e-010 0.0176951
-4.75674e-010 -0.00940862
-4.590074e-010 -0.00802753
-4.423407e-010 0.0687951
-4.25674e-010 0.110659
-4.090074e-010 0.0725068
-3.923407e-010 0.0403966
-3.75674e-010 0.0398787
-3.590074e-010 0.0157961
-3.423407e-010 -0.0257226
-3.25674e-010 -0.0398787
-3.090074e-010 -0.0276216
-2.923407e-010 -0.00379797
-2.75674e-010 0.0207162
-2.590074e-010 0.0311606
-2.423407e-010 0.0515316
-2.25674e-010 0.0959851
-2.090074e-010 0.0937409
-1.923407e-010 0.0209752
-1.75674e-010 -0.0078549
-1.590074e-010 0.0495463
-1.423407e-010 0.07665
-1.25674e-010 0.043763
-1.090074e-010 0.0561927
-9.23407e-011 0.113249
-7.567403e-011 0.133361
-5.900737e-011 0.164608
-4.23407e-011 0.279324
-2.567403e-011 0.392572
-9.007367e-012 0.428221
7.6593e-012 0.475178
2.432597e-011 0.595073
4.099263e-011 0.689073
5.76593e-011 0.700899
7.432597e-011 0.736807
9.099263e-011 0.858774
1.076593e-010 0.957607
1.24326e-010 0.954931
1.409926e-010 0.945264
1.576593e-010 1.01475
1.74326e-010 1.10616
1.909926e-010 1.16486
2.076593e-010 1.22321
2.24326e-010 1.2832
2.409926e-010 1.30823
2.576593e-010 1.32549
2.74326e-010 1.37107
2.909926e-010 1.40793
3.076593e-010 1.4043
3.24326e-010 1.37884
3.409926e-010 1.34336
3.576593e-010 1.30901
3.74326e-010 1.28794
3.909926e-010 1.24548
4.076593e-010 1.18031
4.24326e-010 1.18264
4.409926e-010 1.25868
4.576593e-010 1.28104
4.74326e-010 1.23451
4.909926e-010 1.23866
5.076593e-010 1.28933
5.24326e-010 1.28242
5.409926e-010 1.22329
5.576593e-010 1.15596
5.74326e-010 1.05342
5.909926e-010 0.936114
6.076593e-010 0.875001
6.24326e-010 0.841769
6.409926e-010 0.76814
6.576593e-010 0.675435
6.74326e-010 0.60172
6.909926e-010 0.535255
7.076593e-010 0.467841
7.24326e-010 0.389206
7.409926e-010 0.273195
7.576593e-010 0.131116
7.74326e-010 -0.012516
7.909926e-010 -0.162018
8.076593e-010 -0.291581
8.24326e-010 -0.372288
8.409926e-010 -0.468618
8.576593e-010 -0.624853
8.74326e-010 -0.743022
8.909926e-010 -0.769349
9.076593e-010 -0.823297
9.24326e-010 -0.973576
9.409926e-010 -1.10599
9.576593e-010 -1.12886
9.74326e-010 -1.10625
9.909926e-010 -1.12429
1.007659e-009 -1.17547
1.024326e-009 -1.20603
1.040993e-009 -1.20413
1.057659e-009 -1.20663
1.074326e-009 -1.23141
1.090993e-009 -1.25592
1.107659e-009 -1.27336
1.124326e-009 -1.29079
1.140993e-009 -1.28285
1.157659e-009 -1.2428
1.174326e-009 -1.22001
1.190993e-009 -1.22476
1.207659e-009 -1.2037
1.224326e-009 -1.15312
1.240993e-009 -1.11945
1.257659e-009 -1.10089
1.274326e-009 -1.08139
1.290993e-009 -1.0908
1.307659e-009 -1.12584
1.324326e-009 -1.12291
1.340993e-009 -1.07275
1.357659e-009 -1.03952
1.374326e-009 -1.02977
1.390993e-009 -0.970727
1.407659e-009 -0.845912
1.424326e-009 -0.732405
1.440993e-009 -0.668357
1.457659e-009 -0.605259
1.474326e-009 -0.525847
1.490993e-009 -0.469654
1.507659e-009 -0.428998
1.524326e-009 -0.375309
1.540993e-009 -0.339832
1.557659e-009 -0.313937
1.574326e-009 -0.214499
1.590993e-009 -0.0704351
1.607659e-009 -0.0049201
1.624326e-009 -0.0014674
1.640993e-009 0.0275353
1.657659e-009 0.0455757
1.674326e-009 0.0339228
1.690993e-009 0.0745784
1.707659e-009 0.124729
1.724326e-009 0.0750963
1.740993e-009 0.0219247
1.757659e-009 0.07829
1.774326e-009 0.125678
1.790993e-009 0.0834691
1.807659e-009 0.0586096
1.824326e-009 0.0613718
1.840993e-009 0.0116529
1.857659e-009 -0.0267584
1.874326e-009 -0.00742331
1.890993e-009 -0.0342681
1.907659e-009 -0.102804
1.924326e-009 -0.0963304
1.940993e-009 -0.0573149
1.957659e-009 -0.0688814
1.974326e-009 -0.0596454
1.990993e-009 -0.00509274
2.007659e-009 0.00172635
2.024326e-009 -0.0289164
2.040993e-009 -0.0319375
2.057659e-009 -0.0462662
2.074326e-009 -0.0819154
2.090993e-009 -0.0732836
2.107659e-009 -0.0392745
2.124326e-009 -0.0291753
2.140993e-009 -0.0230468
2.157659e-009 -0.0438493
2.174326e-009 -0.118169
2.190993e-009 -0.141906
2.207659e-009 -0.0726794
2.224326e-009 -0.0551569
2.240993e-009 -0.128527
2.257659e-009 -0.147258
2.274326e-009 -0.0851954
2.290993e-009 -0.0515316
2.307659e-009 -0.0532579
2.324326e-009 -0.043763
2.340993e-009 -0.0541211
2.357659e-009 -0.0997831
2.374326e-009 -0.132497
2.390993e-009 -0.133879
2.407659e-009 -0.136382
2.424326e-009 -0.170477
2.440993e-009 -0.214413
2.457659e-009 -0.196114
2.474326e-009 -0.113939
2.490993e-009 -0.0716436
2.507659e-009 -0.0901155
2.524326e-009 -0.0797574
2.540993e-009 -0.0514453
2.557659e-009 -0.0744057
2.574326e-009 -0.0914966
2.590993e-009 -0.058178
2.607659e-009 -0.0592139
2.624326e-009 -0.0971073
2.640993e-009 -0.0774269
2.657659e-009 -0.034527
2.674326e-009 -0.0435041
2.690993e-009 -0.0498052
2.707659e-009 -0.0252047
2.724326e-009 -0.0309017
2.740993e-009 -0.0497189
2.757659e-009 -0.0378071
2.774326e-009 -0.0292617
2.790993e-009 -0.00448851
2.807659e-009 0.082347
2.824326e-009 0.132584
2.840993e-009 0.0711257
2.857659e-009 0.00871807
2.874326e-009 0.00120845
2.890993e-009 -0.0338365
2.907659e-009 -0.0857134
2.924326e-009 -0.0915829
2.940993e-009 -0.0949493
2.957659e-009 -0.0973662
2.974326e-009 -0.0272764
2.990993e-009 0.0501505
3.007659e-009 0.0331459
3.024326e-009 -0.00181267
3.040993e-009 0.023651
3.057659e-009 0.0467841
3.074326e-009 0.0460073
3.090993e-009 0.0580054
3.107659e-009 0.038584
3.124326e-009 -0.0272764
3.140993e-009 -0.0481652
3.157659e-009 -0.00914966
3.174326e-009 0.00604223
3.190993e-009 -0.014415
3.207659e-009 -0.0225289
3.224326e-009 -0.00690541
3.240993e-009 0.0245142
3.257659e-009 0.0467841
3.274326e-009 0.0322828
3.290993e-009 0.0149329
3.307659e-009 0.0243416
3.324326e-009 0.012775
3.340993e-009 -0.0226152
3.357659e-009 -0.0176951
3.374326e-009 0.00181267
3.390993e-009 -0.0246868
3.407659e-009 -0.0445399
3.424326e-009 -0.0251184
3.440993e-009 -0.0441083
3.457659e-009 -0.10643
3.474326e-009 -0.123952
3.490993e-009 -0.0885618
3.507659e-009 -0.0388429
3.524326e-009 0.0204573
3.540993e-009 0.0461799
3.557659e-009 0.00578328
3.574326e-009 -0.0271037
3.590993e-009 -0.0134655
3.607659e-009 -0.016573
3.624326e-009 -0.032628
3.640993e-009 -0.00949493
3.657659e-009 0.0034527
3.674326e-009 -0.0307291
3.690993e-009 -0.0435904
3.707659e-009 -0.0268448
3.724326e-009 -0.0336639
3.740993e-009 -0.0210615
3.757659e-009 0.0394471
3.774326e-009 0.0468704
3.790993e-009 -0.0273627
3.807659e-009 -0.0726794
3.824326e-009 -0.0574875
3.840993e-009 -0.0422093
3.857659e-009 -0.027449
3.874326e-009 -0.0117392
3.890993e-009 -0.0434177
3.907659e-009 -0.0880439
3.924326e-009 -0.0561927
3.940993e-009 0.0166593
3.957659e-009 0.0279669
3.974326e-009 -0.0110486
3.990993e-009 -0.0249458
4.007659e-009 -0.0132066
4.024326e-009 -0.00966757
4.040993e-009 0.00561064
4.057659e-009 0.0481652
4.074326e-009 0.0586096
4.090993e-009 -0.00189899
4.107659e-009 -0.0540348
4.124326e-009 -0.0286574
4.140993e-009 0.00552432
4.157659e-009 -0.0112213
4.174326e-009 -0.0131203
4.190993e-009 0.0263269
4.207659e-009 0.0330596
4.224326e-009 0.0100128
4.240993e-009 0.0167456
4.257659e-009 0.0124297
4.274326e-009 -0.0327144
4.290993e-009 -0.0414324
4.307659e-009 -0.0154508
4.324326e-009 -0.0363397
4.340993e-009 -0.04946
4.357659e-009 0.0199394
4.374326e-009 0.0683635
4.390993e-009 0.0306427
4.407659e-009 0.0133792
4.424326e-009 0.0354765
4.440993e-009 0.00552432
4.457659e-009 -0.0382387
4.474326e-009 -0.031247
4.490993e-009 -0.0455757
4.507659e-009 -0.0879576
4.524326e-009 -0.0575738
4.540993e-009 0.0106171
4.557659e-009 0.0286574
4.574326e-009 0.0574875
4.590993e-009 0.109019
4.607659e-009 0.0646519
4.624326e-009 -0.025809
4.640993e-009 -0.00405693
4.657659e-009 0.0455757
4.674326e-009 -0.0260679
4.690993e-009 -0.104272
4.707659e-009 -0.062235
4.724326e-009 -0.00422956
4.740993e-009 -0.00604223
4.757659e-009 -0.00535169
4.774326e-009 -0.00940862
4.790993e-009 -0.0446262
4.807659e-009 -0.0273627
4.824326e-009 0.0453167
4.840993e-009 0.0445399
4.857659e-009 -0.0212341
4.874326e-009 -0.0220973
4.890993e-009 0.0269311
4.907659e-009 0.0335775
4.924326e-009 0.0212341
4.940993e-009 0.0212341
4.957659e-009 -0.00509274
4.974326e-009 -0.0313333
4.990993e-009 0.000776858
5.007659e-009 0.0339228
5.024326e-009 0.00673277
5.040993e-009 -0.0169182
5.057659e-009 0.0120845
5.074326e-009 0.0454894
5.090993e-009 0.0612855
5.107659e-009 0.0698309
5.124326e-009 0.0369439
5.140993e-009 -0.0256363
5.157659e-009 -0.0270174
5.174326e-009 0.0231331
5.190993e-009 0.00716436
5.207659e-009 -0.0705215
5.224326e-009 -0.0902882
5.240993e-009 -0.049201
5.257659e-009 -0.0359081
5.274326e-009 -0.0386703
5.290993e-009 -0.00517905
5.307659e-009 0.0175225
5.324326e-009 -0.00992652
5.340993e-009 -0.0231331
5.357659e-009 0.00578328
5.374326e-009 0.0106171
5.390993e-009 -0.0138971
5.407659e-009 0.00207162
5.424326e-009 0.0460073
5.440993e-009 0.0486831
5.457659e-009 0.0241689
5.474326e-009 0.011135
5.490993e-009 -0.0157098
5.507659e-009 -0.0413461
5.524326e-009 0.000863176
5.540993e-009 0.0551569
5.557659e-009 0.000172635
5.574326e-009 -0.101855
5.590993e-009 -0.085627
5.607659e-009 0.0265858
5.624326e-009 0.0821743
5.640993e-009 0.0523084
5.657659e-009 0.0162277
5.674326e-009 0.0114802
5.690993e-009 0.0230468
5.707659e-009 0.0136382
5.724326e-009 -0.0355628
5.740993e-009 -0.0561927
5.757659e-009 0.00871807
5.774326e-009 0.060336
5.790993e-009 0.0133792
5.807659e-009 -0.0243416
5.824326e-009 0.019853
5.840993e-009 0.025809
5.857659e-009 -0.0397061
5.874326e-009 -0.0368576
5.890993e-009 0.0331459
5.907659e-009 0.0285711
5.924326e-009 -0.0206299
5.940993e-009 0.0049201
5.957659e-009 0.0461799
5.974326e-009 0.0113076
5.990993e-009 -0.0334049
6.007659e-009 -0.0350449
6.024326e-009 -0.0464389
6.040993e-009 -0.0624076
6.057659e-009 -0.0321101
6.074326e-009 0.00155372
6.090993e-009 -0.0093223
6.107659e-009 -0.00699172
6.124326e-009 0.0445399
6.140993e-009 0.0758731
6.157659e-009 0.0401377
6.174326e-009 -0.0142424
6.190993e-009 -0.0301248
6.207659e-009 -0.00673277
6.224326e-009 0.0191625
6.240993e-009 0.0121708
6.257659e-009 -0.0237373
6.274326e-009 -0.0406556
6.290993e-009 -0.00552432
6.307659e-009 0.0461799
6.324326e-009 0.0614581
6.340993e-009 0.0554159
6.357659e-009 0.0694856
6.374326e-009 0.070953
6.390993e-009 0.0159688
6.407659e-009 -0.0350449
6.424326e-009 -0.0207162
6.440993e-009 -0.0063875
6.457659e-009 -0.0438493
6.474326e-009 -0.058696
6.490993e-009 -0.0208889
6.507659e-009 -0.0126024
6.524326e-009 -0.0453167
6.540993e-009 -0.0447125
6.557659e-009 -0.00906335
6.574326e-009 0.0218383
6.590993e-009 0.0445399
6.607659e-009 0.0340954
6.624326e-009 -0.00276216
6.640993e-009 0.0319375
6.657659e-009 0.118514
6.674326e-009 0.0828649
6.690993e-009 -0.0514453
6.707659e-009 -0.0666372
6.724326e-009 0.0203709
6.740993e-009 0.0172635
6.757659e-009 -0.0296932
6.774326e-009 0.0246005
6.790993e-009 0.0923598
6.807659e-009 0.0669824
6.824326e-009 0.0327144
6.840993e-009 0.0340954
6.857659e-009 0.0145014
6.874326e-009 0.0029348
6.890993e-009 0.0232194
6.907659e-009 -0.00267584
6.924326e-009 -0.0530853
6.940993e-009 -0.0277943
6.957659e-009 0.00975389
6.974326e-009 -0.0229605
6.990993e-009 -0.0227878
7.007659e-009 0.0425546
7.024326e-009 0.0281395
7.040993e-009 -0.0553296
7.057659e-009 -0.0574875
7.074326e-009 -0.0297796
7.090993e-009 -0.0794122
7.107659e-009 -0.0902019
7.124326e-009 0.00189899
7.140993e-009 0.0283122
7.157659e-009 -0.038325
7.174326e-009 -0.0131203
7.190993e-009 0.0788943
7.207659e-009 0.036685
7.224326e-009 -0.0841596
7.240993e-009 -0.0736289
7.257659e-009 0.0232194
7.274326e-009 0.0261542
7.290993e-009 -0.0341818
7.307659e-009 -0.0253774
7.324326e-009 0.0214931
7.340993e-009 0.0120845
7.357659e-009 -0.0133792
7.374326e-009 0.0174361
7.390993e-009 0.0423819
7.407659e-009 -0.0168319
7.424326e-009 -0.0825196
7.440993e-009 -0.0495463
7.457659e-009 0.0181267
7.474326e-009 0.0058696
7.490993e-009 -0.0499779
7.507659e-009 -0.0535169
7.524326e-009 -0.0133792
7.540993e-009 0.0143287
7.557659e-009 0.0143287
7.574326e-009 -0.0105307
7.590993e-009 -0.0375481
7.607659e-009 -0.02719
7.624326e-009 0.00552432
7.640993e-009 0.0192488
7.657659e-009 0.0294343
7.674326e-009 0.0414324
7.690993e-009 0.00612855
7.707659e-009 -0.0512726
7.724326e-009 -0.0457483
7.740993e-009 -0.00517905
7.757659e-009 -0.00681909
7.774326e-009 -0.0137245
7.790993e-009 0.00906335
7.807659e-009 -0.00112213
7.824326e-009 -0.0330596
7.840993e-009 0.00742331
7.857659e-009 0.0828649
7.874326e-009 0.0794122
7.890993e-009 0.021752
7.907659e-009 -0.00612855
7.924326e-009 -0.0181267
7.940993e-009 -0.0393608
7.957659e-009 -0.0367713
7.974326e-009 -0.0162277
7.990993e-009 -0.0281395
8.007659e-009 -0.0634434
8.024326e-009 -0.054898
8.040993e-009 0.0158824
8.057659e-009 0.0686225
8.074326e-009 0.0328007
8.090993e-009 -0.018213
8.107659e-009 0.0233057
8.124326e-009 0.0863176
8.140993e-009 0.0398787
8.157659e-009 -0.0567106
8.174326e-009 -0.0788943
8.190993e-009 -0.0561927
8.207659e-009 -0.0498916
8.224326e-009 -0.0395334
8.240993e-009 -0.0304701
8.257659e-009 -0.0328007
8.274326e-009 0.00189899
8.290993e-009 0.0416914
8.307659e-009 0.00466115
8.324326e-009 -0.0295206
8.340993e-009 0.0256363
8.357659e-009 0.0510137
8.374326e-009 -0.00820017
8.390993e-009 -0.00828649
8.407659e-009 0.0458346
8.424326e-009 0.00535169
8.440993e-009 -0.0629255
8.457659e-009 -0.0280532
8.474326e-009 0.011135
8.490993e-009 -0.0174361
8.507659e-009 -0.0103581
8.524326e-009 0.0227015
8.540993e-009 -0.00172635
8.557659e-009 0.000949493
8.574326e-009 0.0731973
8.590993e-009 0.0813112
8.607659e-009 0.0201983
8.624326e-009 0.00673277
8.640993e-009 -0.0029348
8.657659e-009 -0.0574012
8.674326e-009 -0.0457483
8.690993e-009 0.0200257
8.707659e-009 -0.00794122
8.724326e-009 -0.080189
8.740993e-009 -0.0593002
8.757659e-009 0.000604223
8.774326e-009 0.0195078
8.790993e-009 0.0283122
8.807659e-009 0.0208889
8.824326e-009 -0.00820017
8.840993e-009 0.0044022
8.857659e-009 0.0228742
8.874326e-009 -0.0265858
8.890993e-009 -0.0453167
8.907659e-009 0.027449
8.924326e-009 0.0499779
8.940993e-009 -0.00448851
8.957659e-009 0.00595591
8.974326e-009 0.0484242
8.990993e-009 0.00845912
9.007659e-009 -0.02555
9.024326e-009 0.0190762
9.040993e-009 0.0313333
9.057659e-009 -0.00992652
9.074326e-009 -0.00526537
9.090993e-009 0.0213204
9.107659e-009 0.00172635
9.124326e-009 -0.0280532
9.140993e-009 -0.0425546
9.157659e-009 -0.0439356
9.174326e-009 -0.00319375
9.190993e-009 0.0300385
9.207659e-009 -0.0128613
9.224326e-009 -0.0333186
9.240993e-009 0.0416051
9.257659e-009 0.0743194
9.274326e-009 0.00578328
9.290993e-009 -0.0362534
9.307659e-009 -0.0372892
9.324326e-009 -0.0704351
9.340993e-009 -0.0702625
9.357659e-009 -0.0078549
9.374326e-009 0.00103581
9.390993e-009 -0.0372892
9.407659e-009 -0.0176951
9.424326e-009 0.0131203
9.440993e-009 0
9.457659e-009 0.016573
9.474326e-009 0.0419503
9.490993e-009 -0.0157961
9.507659e-009 -0.0763911
9.524326e-009 -0.0498916
9.540993e-009 -0.0229605
9.557659e-009 -0.0340954
9.574326e-009 -0.0155372
9.590993e-009 0.00388429
9.607659e-009 -0.00241689
9.624326e-009 0.0447125
9.640993e-009 0.103581
9.657659e-009 0.0530853
9.674326e-009 -0.0149329
9.690993e-009 0.0224426
9.707659e-009 0.0460073
9.724326e-009 -0.0262405
9.740993e-009 -0.0596454
9.757659e-009 -0.00958125
9.774326e-009 0.0192488
9.790993e-009 0.0174361
9.807659e-009 0.0173498
9.824326e-009 -0.0135519
9.840993e-009 -0.0359944
9.857659e-009 0.0121708
9.874326e-009 0.0495463
9.890993e-009 0.016573
9.907659e-009 -0.00319375
9.924326e-009 0.00414324
9.940993e-009 -0.0208025
9.957659e-009 -0.0191625
9.974326e-009 0.0381524
9.990993e-009 0.016573
1.000766e-008 -0.0958125
1.002433e-008 -0.122571
1.004099e-008 -0.0479926
1.005766e-008 -0.0171772
1.007433e-008 -0.0233921
1.009099e-008 0.0138108
1.010766e-008 0.0324554
1.012433e-008 -0.011135
1.014099e-008 -0.0211478
1.015766e-008 0.0277943
1.017433e-008 0.0353902
1.019099e-008 -0.0126024
1.020766e-008 -0.0250321
1.022433e-008 0.0157098
1.024099e-008 0.0358218
1.025766e-008 0.0034527
1.027433e-008 -0.0292617
1.029099e-008 -0.0126887
1.030766e-008 0.0247731
1.032433e-008 0.0261542
1.034099e-008 0.00474747
1.035766e-008 0.0121708
1.037433e-008 0.032887
1.039099e-008 0.0182993
1.040766e-008 -0.0118255
1.042433e-008 -0.00647382
1.044099e-008 0.0244279
1.045766e-008 0.0344407
1.047433e-008 0.0155372
1.049099e-008 -0.000517905
1.050766e-008 0.00250321
1.052433e-008 -0.0034527
1.054099e-008 -0.0336639
1.055766e-008 -0.0365987
1.057433e-008 0.0185583
1.059099e-008 0.0509274
1.060766e-008 0.000776858
1.062433e-008 -0.0416051
1.064099e-008 -0.00431588
1.065766e-008 0.0235647
1.067433e-008 -0.0195941
1.069099e-008 -0.0462662
1.070766e-008 -0.0202846
1.072433e-008 -0.0218383
1.074099e-008 -0.0393608
1.075766e-008 0.0170046
1.077433e-008 0.0922735
1.079099e-008 0.064134
1.080766e-008 -0.0233921
1.082433e-008 -0.0483378
1.084099e-008 -0.0137245
1.085766e-008 0.0103581
1.087433e-008 -0.000690541
1.089099e-008 -0.0451441
1.090766e-008 -0.0838144
1.092433e-008 -0.0496326
1.094099e-008 0.0254637
1.095766e-008 0.0327144
1.097433e-008 -0.0158824
1.099099e-008 -0.00914966
1.100766e-008 0.0521358
1.102433e-008 0.0701762
1.104099e-008 0.0178677
1.105766e-008 -0.0522221
1.107433e-008 -0.0845049
1.109099e-008 -0.0604223
1.110766e-008 -0.0281395
1.112433e-008 -0.0342681
1.114099e-008 -0.0311606
1.115766e-008 0.0100992
1.117433e-008 0.0136382
1.119099e-008 -0.0152782
1.120766e-008 0.0333186
1.122433e-008 0.104272
1.124099e-008 0.0493737
1.125766e-008 -0.045403
1.127433e-008 -0.0263269
1.129099e-008 0.0107897
1.130766e-008 -0.0348723
1.132433e-008 -0.0481652
1.134099e-008 -0.00431588
1.135766e-008 -0.0334912
1.137433e-008 -0.0835554
1.139099e-008 -0.0210615
1.140766e-008 0.0489421
1.142433e-008 0.0164867
1.144099e-008 0.00750963
1.145766e-008 0.0706941
1.147433e-008 0.0611992
1.149099e-008 -0.0196804
1.150766e-008 -0.0275353
1.152433e-008 0.0191625
1.154099e-008 0.0171772
1.155766e-008 -0.0128613
1.157433e-008 -0.0300385
1.159099e-008 -0.0485968
1.160766e-008 -0.0446262
1.162433e-008 -0.00889071
1.164099e-008 -0.00517905
1.165766e-008 -0.0358218
1.167433e-008 -0.0320238
1.169099e-008 -0.00604223
1.170766e-008 -0.00448851
1.172433e-008 0.00802753
1.174099e-008 0.0424682
1.175766e-008 0.0273627
1.177433e-008 -0.0310743
1.179099e-008 -0.0354765
1.180766e-008 0.00906335
1.182433e-008 -0.00215794
1.184099e-008 -0.0672414
1.185766e-008 -0.0757005
1.187433e-008 -0.012516
1.189099e-008 0.0212341
1.190766e-008 -0.00310743
1.192433e-008 -0.0121708
1.194099e-008 0.00854544
1.195766e-008 0.00949493
1.197433e-008 0.0034527
1.199099e-008 0.013034
1.200766e-008 -0.0128613
1.202433e-008 -0.0706078
1.204099e-008 -0.0661193
1.205766e-008 -0.0133792
1.207433e-008 -0.018472
1.209099e-008 -0.0567106
1.210766e-008 -0.042123
1.212433e-008 -0.0119118
1.214099e-008 -0.0049201
1.215766e-008 0.0249458
1.217433e-008 0.0486831
1.219099e-008 0.0078549
1.220766e-008 -0.0173498
1.222433e-008 0.0212341
1.224099e-008 0.0138108
1.225766e-008 -0.0459209
1.227433e-008 -0.0261542
1.229099e-008 0.0386703
1.230766e-008 0.0267584
1.232433e-008 0.00543801
1.234099e-008 0.0397061
1.235766e-008 0.0128613
1.237433e-008 -0.0722478
1.239099e-008 -0.0439356
1.240766e-008 0.0530853
1.242433e-008 0.0186446
1.244099e-008 -0.0923598
1.245766e-008 -0.0950356
1.247433e-008 -0.0314196
1.249099e-008 -0.0175225
1.250766e-008 -0.0103581
1.252433e-008 0.018472
1.254099e-008 -0.00267584
1.255766e-008 -0.0480789
1.257433e-008 -0.0260679
1.259099e-008 0.014415
1.260766e-008 -0.0132066
1.262433e-008 -0.0457483
1.264099e-008 -0.00776858
1.265766e-008 0.0419503
1.267433e-008 0.0498916
1.269099e-008 0.0485968
1.270766e-008 0.0338365
1.272433e-008 -0.0227015
1.274099e-008 -0.0582644
1.275766e-008 -0.0204573
1.277433e-008 0.0120845
1.279099e-008 -0.0212341
1.280766e-008 -0.0500642
1.282433e-008 -0.022011
1.284099e-008 0.0204573
1.285766e-008 0.0442809
1.287433e-008 0.0394471
1.289099e-008 -0.00699172
1.290766e-008 -0.0431588
1.292433e-008 -0.00863176
1.294099e-008 0.0277079
1.295766e-008 -0.00897703
1.297433e-008 -0.0386703
1.299099e-008 0.0034527
1.300766e-008 0.0294343
1.302433e-008 -0.0119118
1.304099e-008 -0.0472157
1.305766e-008 -0.0412598
1.307433e-008 -0.0243416
1.309099e-008 -0.0049201
1.310766e-008 -0.00379797
1.312433e-008 -0.0442809
1.314099e-008 -0.0745784
1.315766e-008 -0.0575738
1.317433e-008 -0.0469568
1.319099e-008 -0.052999
1.320766e-008 -0.0200257
1.322433e-008 0.0262405
1.324099e-008 0.0258953
1.325766e-008 0.014674
1.327433e-008 0.0291753
1.329099e-008 0.0318512
1.330766e-008 0.0174361
1.332433e-008 0.0138971
1.334099e-008 0.00284848
1.335766e-008 -0.0162277
1.337433e-008 -0.00466115
1.339099e-008 0.0135519
1.340766e-008 -0.00811385
1.342433e-008 -0.0335775
1.344099e-008 -0.0220973
1.345766e-008 -0.00319375
1.347433e-008 -0.00664645
1.349099e-008 -0.034786
1.350766e-008 -0.0759595
1.352433e-008 -0.0815701
1.354099e-008 -0.0324554
1.355766e-008 -0.000776858
1.357433e-008 -0.0247731
1.359099e-008 -0.0512726
1.360766e-008 -0.0669824
1.362433e-008 -0.0935682
1.364099e-008 -0.0889934
1.365766e-008 -0.0499779
1.367433e-008 -0.0528264
1.369099e-008 -0.0783764
1.370766e-008 -0.0416914
1.372433e-008 0.0100128
1.374099e-008 0.00120845
1.375766e-008 -0.0126024
1.377433e-008 0.00725068
1.379099e-008 0.00940862
1.380766e-008 0.00328007
1.382433e-008 0.0238237
1.384099e-008 0.0234784
1.385766e-008 -0.00189899
1.387433e-008 0.0153645
1.389099e-008 0.0410872
1.390766e-008 -0.000690541
1.392433e-008 -0.0529127
1.394099e-008 -0.0427272
1.395766e-008 -0.00310743
1.397433e-008 0.0406556
1.399099e-008 0.0850228
1.400766e-008 0.0756142
1.402433e-008 0.019853
1.404099e-008 0.0164003
1.405766e-008 0.0647382
1.407433e-008 0.0715573
1.409099e-008 0.0362534
1.410766e-008 0.0106171
1.412433e-008 -0.0120845
1.414099e-008 -0.0238237
1.415766e-008 0.00880439
1.417433e-008 0.0479926
1.419099e-008 0.0422093
1.420766e-008 0.0195078
1.422433e-008 0.0240826
1.424099e-008 0.0604223
1.425766e-008 0.106602
1.427433e-008 0.109278
1.429099e-008 0.0501505
1.430766e-008 0.0118255
1.432433e-008 0.0460073
1.434099e-008 0.0811385
1.435766e-008 0.0707804
1.437433e-008 0.0550706
1.439099e-008 0.0461799
1.440766e-008 0.0455757
1.442433e-008 0.0808796
1.444099e-008 0.102804
1.445766e-008 0.0538622
1.447433e-008 0.0296069
1.449099e-008 0.0922735
1.450766e-008 0.106861
1.452433e-008 0.0314196
1.454099e-008 0.0235647
1.455766e-008 0.0851091
1.457433e-008 0.0575738
1.459099e-008 -0.014674
1.460766e-008 -0.00319375
1.462433e-008 0.00120845
1.464099e-008 -0.0763047
1.465766e-008 -0.100387
1.467433e-008 -0.0352176
1.469099e-008 -0.0137245
1.470766e-008 -0.0315059
1.472433e-008 -0.00707804
1.474099e-008 0.00431588
1.475766e-008 -0.013034
1.477433e-008 0.0257226
1.479099e-008 0.0487694
1.480766e-008 -0.0508411
1.482433e-008 -0.12283
1.484099e-008 -0.045662
1.485766e-008 0.00181267
1.487433e-008 -0.0757868
1.489099e-008 -0.101855
1.490766e-008 -0.0321965
1.492433e-008 -0.0154508
1.494099e-008 -0.0434177
1.495766e-008 -0.0258953
1.497433e-008 -0.018213
1.499099e-008 -0.038066
1.500766e-008 -0.00172635
1.502433e-008 0.0350449
1.504099e-008 -0.0195941
1.505766e-008 -0.058437
1.507433e-008 -0.0109623
1.509099e-008 8.63176e-005
1.510766e-008 -0.0369439
1.512433e-008 -0.00750963
1.514099e-008 0.0173498
1.515766e-008 -0.0703488
1.517433e-008 -0.135173
1.519099e-008 -0.0718162
1.520766e-008 -0.0210615
1.522433e-008 -0.0535169
1.524099e-008 -0.0564517
1.525766e-008 -0.0155372
1.527433e-008 -0.0139834
1.529099e-008 -0.0267584
1.530766e-008 -0.00431588
1.532433e-008 0.0148466
1.534099e-008 0.0129476
1.535766e-008 0.0170909
1.537433e-008 0.0176951
1.539099e-008 0.00474747
1.540766e-008 -0.00707804
1.542433e-008 -0.0238237
1.544099e-008 -0.0396198
1.545766e-008 -0.0324554
1.547433e-008 -0.0346997
1.549099e-008 -0.0646519
1.550766e-008 -0.0507547
1.552433e-008 0.0246868
1.554099e-008 0.0683635
1.555766e-008 0.0554159
1.557433e-008 0.0495463
1.559099e-008 0.0548117
1.560766e-008 0.047561
1.562433e-008 0.0489421
1.564099e-008 0.0498916
1.565766e-008 0.0250321
1.567433e-008 0.00543801
1.569099e-008 -0.00172635
1.570766e-008 -0.0282258
1.572433e-008 -0.0317649
1.574099e-008 0.0170909
1.575766e-008 0.0259816
1.577433e-008 -0.0267584
1.579099e-008 -0.0172635
1.580766e-008 0.0685362
1.582433e-008 0.107552
1.584099e-008 0.0802753
1.585766e-008 0.0512726
1.587433e-008 0.02555
1.589099e-008 0.011135
1.590766e-008 0.023651
1.592433e-008 0.00500642
1.594099e-008 -0.0604223
1.595766e-008 -0.0931367
1.597433e-008 -0.0946041
1.599099e-008 -0.114802
1.600766e-008 -0.0890797
1.602433e-008 0.000949493
1.604099e-008 0.02391
1.605766e-008 -0.0235647
1.607433e-008 0.00647382
1.609099e-008 0.0786353
1.610766e-008 0.0439356
1.612433e-008 -0.040224
1.614099e-008 -0.0522221
1.615766e-008 -0.0481652
1.617433e-008 -0.0852818
1.619099e-008 -0.0955536
1.620766e-008 -0.0605086
1.622433e-008 -0.034786
1.624099e-008 -0.00940862
1.625766e-008 0.038584
1.627433e-008 0.0610265
1.629099e-008 0.0256363
1.630766e-008 -0.014415
1.632433e-008 0.00414324
1.634099e-008 0.0588686
1.635766e-008 0.0614581
1.637433e-008 0.000517905
1.639099e-008 -0.0281395
1.640766e-008 -0.0049201
1.642433e-008 -0.0118255
1.644099e-008 -0.0238237
1.645766e-008 0.0372892
1.647433e-008 0.0761321
1.649099e-008 0.00189899
1.650766e-008 -0.0454894
1.652433e-008 0.0224426
1.654099e-008 0.0522221
1.655766e-008 -0.0149329
1.657433e-008 -0.0340091
1.659099e-008 0.0196804
1.660766e-008 0.0302112
1.662433e-008 -0.0112213
1.664099e-008 -0.0501505
1.665766e-008 -0.0763047
1.667433e-008 -0.0550706
1.669099e-008 0.0154508
1.670766e-008 0.0388429
1.672433e-008 0.000517905
1.674099e-008 -0.00112213
1.675766e-008 0.0301248
1.677433e-008 0.0307291
1.679099e-008 0.0426409
1.680766e-008 0.0757868
1.682433e-008 0.0420367
1.684099e-008 -0.0283985
1.685766e-008 -0.0231331
1.687433e-008 0.0145014
1.689099e-008 -0.00483378
1.690766e-008 -0.0315922
1.692433e-008 -0.0251184
1.694099e-008 -0.030988
1.695766e-008 -0.0297796
1.697433e-008 0.0207162
1.699099e-008 0.0577465
1.700766e-008 0.031247
1.702433e-008 -0.0112213
1.704099e-008 -0.0419503
1.705766e-008 -0.061976
1.707433e-008 -0.0410872
1.709099e-008 0.000604223
1.710766e-008 0.000863176
1.712433e-008 -0.00750963
1.714099e-008 0.0283985
1.715766e-008 0.0460936
1.717433e-008 0.00742331
1.719099e-008 -0.00129476
1.720766e-008 0.040224
1.722433e-008 0.0301248
1.724099e-008 -0.0431588
1.725766e-008 -0.0743194
1.727433e-008 -0.0408282
1.729099e-008 -0.0178677
1.730766e-008 -0.0277079
1.732433e-008 -0.0320238
1.734099e-008 -0.0209752
1.735766e-008 -0.0044022
1.737433e-008 0.0285711
1.739099e-008 0.0686225
1.740766e-008 0.0633571
1.742433e-008 0.00233057
1.744099e-008 -0.0391882
1.745766e-008 -0.0117392
1.747433e-008 0.0281395
1.749099e-008 0.0204573
1.750766e-008 -0.011135
1.752433e-008 -0.0301248
1.754099e-008 -0.0360807
1.755766e-008 -0.0222699
1.757433e-008 0.00431588
1.759099e-008 -0.00215794
1.760766e-008 -0.0354765
1.762433e-008 -0.0174361
1.764099e-008 0.0553296
1.765766e-008 0.0819154
1.767433e-008 0.0206299
1.769099e-008 -0.0555885
1.770766e-008 -0.0806206
1.772433e-008 -0.0589549
1.774099e-008 -0.02555
1.775766e-008 -0.0159688
1.777433e-008 -0.0430725
1.779099e-008 -0.0684498
1.780766e-008 -0.0419503
1.782433e-008 0.0201983
1.784099e-008 0.0490284
1.785766e-008 0.0228742
1.787433e-008 -0.00578328
1.789099e-008 -0.00233057
1.790766e-008 0.0049201
1.792433e-008 -0.00405693
1.794099e-008 -0.0156235
1.795766e-008 -0.0359081
1.797433e-008 -0.0620623
1.799099e-008 -0.0424682
1.800766e-008 0.0164003
1.802433e-008 0.0225289
1.804099e-008 -0.0192488
1.805766e-008 0.0058696
1.807433e-008 0.085627
1.809099e-008 0.0934819
1.810766e-008 0.0353039
1.812433e-008 0.00483378
1.814099e-008 -0.0129476
1.815766e-008 -0.0489421
1.817433e-008 -0.0422956
1.819099e-008 0.00457483
1.820766e-008 -0.000863176
1.822433e-008 -0.0511863
1.824099e-008 -0.0612855
1.825766e-008 -0.0344407
1.827433e-008 -0.0175225
1.829099e-008 -0.0093223
1.830766e-008 -0.00802753
1.832433e-008 -0.0157098
1.834099e-008 -0.0112213
1.835766e-008 -0.0105307
1.837433e-008 -0.0360807
1.839099e-008 -0.032887
1.840766e-008 0.0199394
1.842433e-008 0.0350449
1.844099e-008 -0.00207162
1.845766e-008 -0.00768226
1.847433e-008 -0.00362534
1.849099e-008 -0.0478199
1.850766e-008 -0.0501505
1.852433e-008 0.034527
1.854099e-008 0.064134
1.855766e-008 -0.00405693
1.857433e-008 -0.0297796
1.859099e-008 0.00138108
1.860766e-008 -0.0174361
1.862433e-008 -0.0467841
1.864099e-008 -0.00923598
1.865766e-008 0.0201983
1.867433e-008 -0.00328007
1.869099e-008 0.0029348
1.870766e-008 0.0443672
1.872433e-008 0.0428135
1.874099e-008 0.00569696
1.875766e-008 -0.0203709
1.877433e-008 -0.0285711
1.879099e-008 0.000517905
1.880766e-008 0.0458346
1.882433e-008 0.0208025
1.884099e-008 -0.0506684
1.885766e-008 -0.0531716
1.887433e-008 -0.0150193
1.889099e-008 -0.0270174
1.890766e-008 -0.0396198
1.892433e-008 -0.0143287
1.894099e-008 -0.0175225
1.895766e-008 -0.016314
1.897433e-008 0.0489421
1.899099e-008 0.0489421
1.900766e-008 -0.0688814
1.902433e-008 -0.0876987
1.904099e-008 0.0480789
1.905766e-008 0.0892524
1.907433e-008 -0.0124297
1.909099e-008 -0.0408282
1.910766e-008 0.0173498
1.912433e-008 0.0176088
1.914099e-008 -0.0044022
1.915766e-008 0.0110486
1.917433e-008 -0.0103581
1.919099e-008 -0.0412598
1.920766e-008 0.0216657
1.922433e-008 0.0901155
1.924099e-008 0.0464389
1.925766e-008 -0.0153645
1.927433e-008 -0.00811385
1.929099e-008 -0.000776858
1.930766e-008 -0.0206299
1.932433e-008 -0.0280532
1.934099e-008 -0.0449715
1.935766e-008 -0.0634434
1.937433e-008 -0.0138971
1.939099e-008 0.0672414
1.940766e-008 0.0872671
1.942433e-008 0.0675003
1.944099e-008 0.0507547
1.945766e-008 0.0143287
1.947433e-008 -0.00699172
1.949099e-008 0.0333186
1.950766e-008 0.0408282
1.952433e-008 -0.0535169
1.954099e-008 -0.117737
1.955766e-008 -0.0504958
1.957433e-008 0.0342681
1.959099e-008 0.0296932
1.960766e-008 -0.00302112
1.962433e-008 -0.00405693
1.964099e-008 -0.0133792
1.965766e-008 -0.0395334
1.967433e-008 -0.0244279
1.969099e-008 0.0267584
1.970766e-008 0.0416914
1.972433e-008 0.0228742
1.974099e-008 0.0381524
1.975766e-008 0.0639613
1.977433e-008 0.0249458
1.979099e-008 -0.0320238
1.980766e-008 -0.0207162
1.982433e-008 0.00164003
1.984099e-008 -0.0373755
1.985766e-008 -0.063875
1.987433e-008 -0.0219247
1.989099e-008 0.021752
1.990766e-008 0.0458346
1.992433e-008 0.0827786
1.994099e-008 0.0815701
1.995766e-008 0.0214931
1.997433e-008 -0.00138108
1.999099e-008 0.0180404
2.000766e-008 -0.0186446
2.002433e-008 -0.0756142
2.004099e-008 -0.0665508
2.005766e-008 -0.0531716
2.007433e-008 -0.0701762
2.009099e-008 -0.0321965
2.010766e-008 0.021752
2.012433e-008 -0.0181267
2.014099e-008 -0.0551569
2.015766e-008 0.0201983
2.017433e-008 0.0743194
2.019099e-008 0.0140698
2.020766e-008 -0.032887
2.022433e-008 -0.0224426
2.024099e-008 -0.0466978
2.025766e-008 -0.0675867
2.027433e-008 -0.0093223
2.029099e-008 0.0302975
2.030766e-008 -0.02719
2.032433e-008 -0.0844186
2.034099e-008 -0.0653424
2.035766e-008 -0.0112213
2.037433e-008 0.0320238
2.039099e-008 0.040224
2.040766e-008 0.0169182
2.042433e-008 0.0176088
2.044099e-008 0.0495463
2.045766e-008 0.0457483
2.047433e-008 0.00923598
2.049099e-008 -0.00768226
2.050766e-008 -0.0298659
2.052433e-008 -0.0620623
2.054099e-008 -0.039965
2.055766e-008 -0.00604223
2.057433e-008 -0.0446262
2.059099e-008 -0.062235
2.060766e-008 0.023651
2.062433e-008 0.0700036
2.064099e-008 0
2.065766e-008 -0.0257226
2.067433e-008 0.0517905
2.069099e-008 0.0844186
2.070766e-008 0.0279669
2.072433e-008 -0.0254637
2.074099e-008 -0.0595591
2.075766e-008 -0.0982294
2.077433e-008 -0.108674
2.079099e-008 -0.073111
2.080766e-008 -0.0109623
2.082433e-008 0.0455757
2.084099e-008 0.0373755
2.085766e-008 -0.0219247
2.087433e-008 -0.0116529
2.089099e-008 0.0706078
2.090766e-008 0.0799301
2.092433e-008 0.0133792
2.094099e-008 -0.0102718
2.095766e-008 -0.0140698
2.097433e-008 -0.0504095
2.099099e-008 -0.0382387
2.100766e-008 0.0162277
2.102433e-008 -0.00500642
2.104099e-008 -0.0392745
2.105766e-008 0.0325417
2.107433e-008 0.0893387
2.109099e-008 0.0239963
2.110766e-008 -0.0176951
2.112433e-008 0.0316785
2.114099e-008 0.030988
2.115766e-008 -0.0278806
2.117433e-008 -0.0188172
2.119099e-008 0.0248595
2.120766e-008 0.0140698
2.122433e-008 0.00405693
2.124099e-008 0.0332323
2.125766e-008 0.0321965
2.127433e-008 -0.0107034
2.129099e-008 -0.0417777
2.130766e-008 -0.0523948
2.132433e-008 -0.0425546
2.134099e-008 -0.00759595
2.135766e-008 0.00241689
2.137433e-008 -0.0372029
2.139099e-008 -0.0606813
2.140766e-008 -0.0309017
2.142433e-008 0.00276216
2.144099e-008 0.00371166
2.145766e-008 -0.00992652
2.147433e-008 -0.00526537
2.149099e-008 0.0267584
2.150766e-008 0.038584
2.152433e-008 -0.00914966
2.154099e-008 -0.0496326
2.155766e-008 -0.0138971
2.157433e-008 0.0296932
2.159099e-008 0.00707804
2.160766e-008 -0.0261542
2.162433e-008 -0.0129476
2.164099e-008 0.0242552
2.165766e-008 0.0704351
2.167433e-008 0.106257
2.169099e-008 0.0798438
2.170766e-008 0.012516
2.172433e-008 -0.0157961
2.174099e-008 -0.00949493
2.175766e-008 -0.0136382
2.177433e-008 -0.0164867
2.179099e-008 -0.0246005
2.180766e-008 -0.0631845
2.182433e-008 -0.0777721
2.184099e-008 -0.0282258
2.185766e-008 0.0123434
2.187433e-008 0.00258953
2.189099e-008 -0.00595591
2.190766e-008 -0.00120845
2.192433e-008 0.000172635
2.194099e-008 0.0166593
2.195766e-008 0.0202846
2.197433e-008 -0.0208889
2.199099e-008 -0.0220973
2.200766e-008 0.0472157
2.202433e-008 0.0434177
2.204099e-008 -0.0673277
2.205766e-008 -0.117306
2.207433e-008 -0.0688814
2.209099e-008 -0.0490284
2.210766e-008 -0.0593002
2.212433e-008 -0.0319375
2.214099e-008 -0.0151919
2.215766e-008 -0.0220973
2.217433e-008 0.0285711
2.219099e-008 0.0942588
2.220766e-008 0.0643929
2.222433e-008 -0.00233057
2.224099e-008 -0.000517905
2.225766e-008 0.0233057
2.227433e-008 0.0058696
2.229099e-008 -0.0196804
2.230766e-008 -0.0313333
2.232433e-008 -0.0393608
2.234099e-008 -0.029348
2.235766e-008 -0.00241689
2.237433e-008 0.0224426
2.239099e-008 0.0506684
2.240766e-008 0.0611128
2.242433e-008 0.0199394
2.244099e-008 -0.0176088
2.245766e-008 0.00431588
2.247433e-008 0.016314
2.249099e-008 -0.0254637
2.250766e-008 -0.029089
2.252433e-008 0.0321965
2.254099e-008 0.0522221
2.255766e-008 0.0117392
2.257433e-008 0.00535169
2.259099e-008 0.042123
2.260766e-008 0.0479063
2.262433e-008 0.0115666
2.264099e-008 -0.0200257
2.265766e-008 -0.0141561
2.267433e-008 0.0264995
2.269099e-008 0.0536895
2.270766e-008 0.0314196
2.272433e-008 0.0114802
2.274099e-008 0.0409145
2.275766e-008 0.0567106
2.277433e-008 0.00630118
2.279099e-008 -0.0470431
2.280766e-008 -0.0525674
2.282433e-008 -0.0522221
2.284099e-008 -0.0682772
2.285766e-008 -0.0628392
2.287433e-008 -0.0174361
2.289099e-008 0.0476473
2.290766e-008 0.0934819
2.292433e-008 0.0810522
2.294099e-008 0.0393608
2.295766e-008 0.0436767
2.297433e-008 0.0648245
2.299099e-008 0.00543801
2.300766e-008 -0.0876123
2.302433e-008 -0.0835554
2.304099e-008 -0.0160551
2.305766e-008 -0.00647382
2.307433e-008 -0.0319375
2.309099e-008 -0.016573
2.310766e-008 -0.00267584
2.312433e-008 -0.0302975
2.314099e-008 -0.0334049
2.315766e-008 0.016573
2.317433e-008 0.0473883
2.319099e-008 0.012516
2.320766e-008 -0.0535169
2.322433e-008 -0.0848502
2.324099e-008 -0.0378071
2.325766e-008 0.0359944
2.327433e-008 0.0250321
2.329099e-008 -0.0542074
2.330766e-008 -0.0652561
2.332433e-008 0.000172635
2.334099e-008 0.0197667
2.335766e-008 -0.0169182
2.337433e-008 -0.0294343
2.339099e-008 -0.0280532
2.340766e-008 -0.0429862
2.342433e-008 -0.0308154
2.344099e-008 0.00414324
2.345766e-008 0.00897703
2.347433e-008 0.0173498
2.349099e-008 0.054898
2.350766e-008 0.0369439
2.352433e-008 -0.0388429
2.354099e-008 -0.0434177
2.355766e-008 0.0176951
2.357433e-008 0.00811385
2.359099e-008 -0.054639
2.360766e-008 -0.0491147
2.362433e-008 0.00215794
2.364099e-008 0.0138971
2.365766e-008 0.00250321
2.367433e-008 0.000431588
2.369099e-008 0
2.370766e-008 0.0112213
2.372433e-008 0.0119981
2.374099e-008 -0.0472157
2.375766e-008 -0.101596
2.377433e-008 -0.0540348
2.379099e-008 0.0136382
2.380766e-008 -0.0153645
2.382433e-008 -0.0599907
2.384099e-008 -0.018213
2.385766e-008 0.0290027
2.387433e-008 0.00431588
2.389099e-008 -0.0231331
2.390766e-008 -0.0098402
2.392433e-008 -0.0101855
2.394099e-008 -0.0330596
2.395766e-008 -0.034527
2.397433e-008 -0.0237373
2.399099e-008 -0.0235647
2.400766e-008 -0.0029348
2.402433e-008 0.0447988
2.404099e-008 0.0543801
2.405766e-008 0.0044022
2.407433e-008 -0.0267584
2.409099e-008 -0.00250321
2.410766e-008 0.000604223
2.412433e-008 -0.0470431
2.414099e-008 -0.0589549
2.415766e-008 -0.0170046
2.417433e-008 -0.0105307
2.419099e-008 -0.0275353
2.420766e-008 0.0227878
2.422433e-008 0.0806206
2.424099e-008 0.0401377
2.425766e-008 -0.0131203
2.427433e-008 0.0229605
2.429099e-008 0.0566243
2.430766e-008 0.013034
2.432433e-008 -0.0250321
2.434099e-008 -0.0156235
2.435766e-008 0.000604223
2.437433e-008 0.0253774
2.439099e-008 0.0343544
2.440766e-008 -0.0259816
2.442433e-008 -0.0717299
2.444099e-008 -0.0058696
2.445766e-008 0.0630981
2.447433e-008 0.0379797
2.449099e-008 0.0158824
2.450766e-008 0.0323691
2.452433e-008 0.00379797
2.454099e-008 -0.0215794
2.455766e-008 0.0268448
2.457433e-008 0.0368576
2.459099e-008 -0.0391882
2.460766e-008 -0.0651698
2.462433e-008 -0.0244279
2.464099e-008 -0.0132929
2.465766e-008 0.0129476
2.467433e-008 0.0816564
2.469099e-008 0.0708667
2.470766e-008 0.00328007
2.472433e-008 0.0334912
2.474099e-008 0.0921009
2.475766e-008 0.0311606
2.477433e-008 -0.0523948
2.479099e-008 -0.0460073
2.480766e-008 -0.0304701
2.482433e-008 -0.0377208
2.484099e-008 -0.0120845
2.485766e-008 0.000863176
2.487433e-008 -0.0227878
2.489099e-008 0.00138108
2.490766e-008 0.0490284
2.492433e-008 0.0350449
2.494099e-008 0.0315922
2.495766e-008 0.0832965
2.497433e-008 0.0721615
2.499099e-008 0.00422956
2.500766e-008 0.0137245
2.502433e-008 0.0408282
2.504099e-008 -0.0266721
2.505766e-008 -0.0706941
2.507433e-008 -0.00561064
2.509099e-008 0.0250321
2.510766e-008 -0.0313333
2.512433e-008 -0.0441946
2.514099e-008 0.00302112
2.515766e-008 0.021752
2.517433e-008 0.0252047
2.519099e-008 0.0441946
2.520766e-008 0.038584
2.522433e-008 0.0187309
2.524099e-008 0.0277079
2.525766e-008 0.0291753
2.527433e-008 -0.0058696
2.529099e-008 -0.0250321
2.530766e-008 -0.00630118
2.532433e-008 0.00681909
2.534099e-008 -0.000172635
2.535766e-008 -0.00241689
2.537433e-008 0.0116529
2.539099e-008 0.0332323
2.540766e-008 0.0430725
2.542433e-008 0.0288301
2.544099e-008 -0.00371166
2.545766e-008 -0.0481652
2.547433e-008 -0.0813112
2.549099e-008 -0.0541211
2.550766e-008 0.0170046
2.552433e-008 0.0382387
2.554099e-008 0.000690541
2.555766e-008 -0.000258953
2.557433e-008 0.0442809
2.559099e-008 0.0519632
2.560766e-008 0.0186446
2.562433e-008 -0.00405693
2.564099e-008 -0.0241689
2.565766e-008 -0.0550706
2.567433e-008 -0.0634434
2.569099e-008 -0.0411735
2.570766e-008 -0.0174361
2.572433e-008 -0.00543801
2.574099e-008 -0.00431588
2.575766e-008 -0.00820017
2.577433e-008 -0.00595591
2.579099e-008 -0.00526537
2.580766e-008 -0.00854544
2.582433e-008 0.0113076
2.584099e-008 0.0424682
2.585766e-008 0.0335775
2.587433e-008 0.000517905
2.589099e-008 -0.00699172
2.590766e-008 -0.0119118
2.592433e-008 -0.0365123
2.594099e-008 -0.0408282
2.595766e-008 -0.0296069
2.597433e-008 -0.0422093
2.599099e-008 -0.0391882
2.600766e-008 0.0100992
2.602433e-008 0.0359944
2.604099e-008 0.0107034
2.605766e-008 -0.0014674
2.607433e-008 0.0119981
2.609099e-008 0.012775
2.610766e-008 0.00414324
2.612433e-008 -0.0132929
2.614099e-008 -0.0511
2.615766e-008 -0.0706078
2.617433e-008 -0.0491147
2.619099e-008 -0.0232194
2.620766e-008 0.00267584
2.622433e-008 0.0325417
2.624099e-008 0.0157098
2.625766e-008 -0.029348
2.627433e-008 -0.0106171
2.629099e-008 0.0369439
2.630766e-008 0.0138108
2.632433e-008 -0.0360807
2.634099e-008 -0.0444536
2.635766e-008 -0.0457483
2.637433e-008 -0.0279669
2.639099e-008 0.0416914
2.640766e-008 0.0630981
2.642433e-008 -0.00552432
2.644099e-008 -0.0228742
2.645766e-008 0.0392745
2.647433e-008 0.0465252
2.649099e-008 0.00975389
2.650766e-008 0.0173498
2.652433e-008 0.0029348
2.654099e-008 -0.0611992
2.655766e-008 -0.05274
2.657433e-008 0.0229605
2.659099e-008 0.0422956
2.660766e-008 0.0252047
2.662433e-008 0.0231331
2.664099e-008 -0.0250321
2.665766e-008 -0.0931367
2.667433e-008 -0.0775132
2.669099e-008 -0.0407419
2.670766e-008 -0.0736289
2.672433e-008 -0.0874397
2.674099e-008 -0.0394471
2.675766e-008 -0.0435904
2.677433e-008 -0.0968483
2.679099e-008 -0.0705215
2.680766e-008 0.0139834
2.682433e-008 0.0377208
2.684099e-008 0.0107897
2.685766e-008 0.0078549
2.687433e-008 0.0214931
2.689099e-008 0.00889071
2.690766e-008 -0.0267584
2.692433e-008 -0.0466978
2.694099e-008 -0.0316785
2.695766e-008 -0.0109623
2.697433e-008 -0.00604223
2.699099e-008 0.00362534
2.700766e-008 0.00233057
2.702433e-008 -0.0468704
2.704099e-008 -0.0784627
2.705766e-008 -0.012775
2.707433e-008 0.0694856
2.709099e-008 0.0631845
2.710766e-008 0.0207162
2.712433e-008 0.0105307
2.714099e-008 0.000690541
2.715766e-008 -0.0135519
2.717433e-008 -0.00164003
2.719099e-008 -0.00543801
2.720766e-008 -0.0508411
2.722433e-008 -0.0663782
2.724099e-008 -0.0267584
2.725766e-008 8.63176e-005
2.727433e-008 -0.00405693
2.729099e-008 0.00811385
2.730766e-008 0.0416914
2.732433e-008 0.0615444
2.734099e-008 0.0504095
2.735766e-008 0.0166593
2.737433e-008 -0.0119981
2.739099e-008 -0.0192488
2.740766e-008 -0.0246005
2.742433e-008 -0.0374618
2.744099e-008 -0.0360807
2.745766e-008 -0.0215794
2.747433e-008 -0.0151056
2.749099e-008 -0.0141561
2.750766e-008 -0.0118255
2.752433e-008 -0.00707804
2.754099e-008 0.0132929
2.755766e-008 0.0336639
2.757433e-008 0.0136382
2.759099e-008 -0.0195078
2.760766e-008 -0.0102718
2.762433e-008 0.00923598
2.764099e-008 -0.00604223
2.765766e-008 -0.0147603
2.767433e-008 0.0106171
2.769099e-008 0.0284848
2.770766e-008 0.0237373
2.772433e-008 0.00820017
2.774099e-008 -0.025291
2.775766e-008 -0.0388429
2.777433e-008 0.0135519
2.779099e-008 0.060336
2.780766e-008 0.022011
2.782433e-008 -0.0317649
2.784099e-008 -0.0273627
2.785766e-008 -0.0214931
2.787433e-008 -0.0480789
2.789099e-008 -0.0441083
2.790766e-008 0.00034527
2.792433e-008 0.0175225
2.794099e-008 -0.00871807
2.795766e-008 -0.0275353
2.797433e-008 -0.0058696
2.799099e-008 0.0313333
2.800766e-008 0.0303838
2.802433e-008 -0.0115666
2.804099e-008 -0.0296932
2.805766e-008 -0.00621487
2.807433e-008 -0.00233057
2.809099e-008 -0.0260679
2.810766e-008 -0.0145014
2.812433e-008 0.031247
2.814099e-008 0.0435904
2.815766e-008 0.00310743
2.817433e-008 -0.0468704
2.819099e-008 -0.0578328
2.820766e-008 -0.0231331
2.822433e-008 -0.000258953
2.824099e-008 -0.0279669
2.825766e-008 -0.0346133
2.827433e-008 0.0411735
2.829099e-008 0.112558
2.830766e-008 0.0829512
2.832433e-008 0.00535169
2.834099e-008 -0.0281395
2.835766e-008 -0.0176951
2.837433e-008 -0.00483378
2.839099e-008 -0.012775
2.840766e-008 -0.0411735
2.842433e-008 -0.0575738
2.844099e-008 -0.0404829
2.845766e-008 -0.0237373
2.847433e-008 -0.0273627
2.849099e-008 -0.0185583
2.850766e-008 0.0019853
2.852433e-008 -0.0138971
2.854099e-008 -0.056797
2.855766e-008 -0.0544664
2.857433e-008 0.00906335
2.859099e-008 0.0573149
2.860766e-008 0.0336639
2.862433e-008 -0.00595591
2.864099e-008 0.00992652
2.865766e-008 0.0240826
2.867433e-008 -0.0425546
2.869099e-008 -0.106516
2.870766e-008 -0.0653424
2.872433e-008 -0.0049201
2.874099e-008 -0.0208889
2.875766e-008 -0.0374618
2.877433e-008 -0.00794122
2.879099e-008 -0.00699172
2.880766e-008 -0.0170909
2.882433e-008 0.036685
2.884099e-008 0.080448
2.885766e-008 0.0458346
2.887433e-008 0.0318512
2.889099e-008 0.0645655
2.890766e-008 0.0246005
2.892433e-008 -0.0668098
2.894099e-008 -0.0733699
2.895766e-008 -0.0248595
2.897433e-008 -0.0145014
2.899099e-008 0.00371166
2.900766e-008 0.0524811
2.902433e-008 0.0430725
2.904099e-008 -0.016314
2.905766e-008 -0.0199394
2.907433e-008 0.0280532
2.909099e-008 0.0486831
2.910766e-008 0.0241689
2.912433e-008 -0.0303838
2.914099e-008 -0.0776858
2.915766e-008 -0.0526537
2.917433e-008 0.0120845
2.919099e-008 0.000604223
2.920766e-008 -0.0643066
2.922433e-008 -0.0574012
2.924099e-008 -0.00759595
2.925766e-008 -0.0240826
2.927433e-008 -0.0582644
2.929099e-008 -0.0246868
2.930766e-008 0.00604223
2.932433e-008 -0.0269311
2.934099e-008 -0.0362534
2.935766e-008 0.0145014
2.937433e-008 0.0264132
2.939099e-008 -0.0189899
2.940766e-008 -0.0196804
2.942433e-008 0.0266721
2.944099e-008 0.0183856
2.945766e-008 -0.036426
2.947433e-008 -0.0405693
2.949099e-008 -0.00379797
2.950766e-008 -0.00483378
2.952433e-008 -0.0260679
2.954099e-008 -0.0160551
2.955766e-008 -0.0148466
2.957433e-008 -0.0518769
2.959099e-008 -0.0465252
2.960766e-008 0.0377208
2.962433e-008 0.085886
2.964099e-008 0.0180404
2.965766e-008 -0.0605086
2.967433e-008 -0.0306427
2.969099e-008 0.0432451
2.970766e-008 0.0260679
2.972433e-008 -0.0650835
2.974099e-008 -0.093223
2.975766e-008 -0.0215794
2.977433e-008 0.0400514
2.979099e-008 0.0193351
2.980766e-008 -0.0194215
2.982433e-008 -0.00742331
2.984099e-008 0.0216657
2.985766e-008 0.0194215
2.987433e-008 0.0105307
2.989099e-008 0.0240826
2.990766e-008 0.0320238
2.992433e-008 0.0151056
2.994099e-008 0.00578328
2.995766e-008 0.0213204
2.997433e-008 0.0283122
2.999099e-008 0.00241689
3.000766e-008 -0.0354765
3.002433e-008 -0.0526537
3.004099e-008 -0.0349586
3.005766e-008 -0.00397061
3.007433e-008 -0.0113076
3.009099e-008 -0.0611992
3.010766e-008 -0.0710394
3.012433e-008 -0.00310743
3.014099e-008 0.0469568
3.015766e-008 0.014674
3.017433e-008 -0.0153645
3.019099e-008 0.018213
3.020766e-008 0.0471294
3.022433e-008 0.0379797
3.024099e-008 0.0359944
3.025766e-008 0.020112
3.027433e-008 -0.0430725
3.029099e-008 -0.0696583
3.030766e-008 -0.0153645
3.032433e-008 0.00880439
3.034099e-008 -0.0390155
3.035766e-008 -0.0476473
3.037433e-008 0.00543801
3.039099e-008 0.0261542
3.040766e-008 0.0124297
3.042433e-008 0.0100992
3.044099e-008 -0.0170909
3.045766e-008 -0.0613718
3.047433e-008 -0.0384113
3.049099e-008 0.0136382
3.050766e-008 -0.0149329
3.052433e-008 -0.0721615
3.054099e-008 -0.0465252
3.055766e-008 0.0189035
3.057433e-008 0.0389292
3.059099e-008 0.0225289
3.060766e-008 -0.0122571
3.062433e-008 -0.045403
3.064099e-008 -0.00975389
3.065766e-008 0.0687951
3.067433e-008 0.0578328
3.069099e-008 -0.0296069
3.070766e-008 -0.0426409
3.072433e-008 0.0135519
3.074099e-008 0.0133792
3.075766e-008 -0.02555
3.077433e-008 -0.0222699
3.079099e-008 -0.0178677
3.080766e-008 -0.041864
3.082433e-008 -0.0231331
3.084099e-008 0.0327144
3.085766e-008 0.0370302
3.087433e-008 0.00923598
3.089099e-008 0.0186446
3.090766e-008 0.0315059
3.092433e-008 0.018472
3.094099e-008 0.0296932
3.095766e-008 0.0425546
3.097433e-008 -0.0188172
3.099099e-008 -0.0906335
3.100766e-008 -0.0687951
3.102433e-008 -0.0204573
3.104099e-008 -0.0409145
3.105766e-008 -0.0629255
3.107433e-008 -0.018213
3.109099e-008 0.025291
3.110766e-008 0.0203709
3.112433e-008 0.00621487
3.114099e-008 -0.0118255
3.115766e-008 -0.0384976
3.117433e-008 -0.0176951
3.119099e-008 0.0455757
3.120766e-008 0.0449715
3.122433e-008 -0.0281395
3.124099e-008 -0.0562791
3.125766e-008 -0.0190762
3.127433e-008 -0.00949493
3.129099e-008 -0.0330596
3.130766e-008 -0.0224426
3.132433e-008 0.000172635
3.134099e-008 -0.0173498
3.135766e-008 -0.0279669
3.137433e-008 0.0152782
3.139099e-008 0.0483378
3.140766e-008 0.0228742
3.142433e-008 0.00509274
3.144099e-008 0.0420367
3.145766e-008 0.069313
3.147433e-008 0.0327144
3.149099e-008 -0.0243416
3.150766e-008 -0.0416914
3.152433e-008 -0.016314
3.154099e-008 0.00474747
3.155766e-008 -0.0334912
3.157433e-008 -0.106084
3.159099e-008 -0.0957262
3.160766e-008 0.0234784
3.162433e-008 0.105998
3.164099e-008 0.0721615
3.165766e-008 0.0311606
3.167433e-008 0.0459209
3.169099e-008 0.0376345
3.170766e-008 -0.00189899
3.172433e-008 0.00103581
3.174099e-008 0.0174361
3.175766e-008 -0.00535169
3.177433e-008 -0.00889071
3.179099e-008 0.0204573
3.180766e-008 -0.00414324
3.182433e-008 -0.056538
3.184099e-008 -0.0225289
3.185766e-008 0.0599907
3.187433e-008 0.0758731
3.189099e-008 0.0408282
3.190766e-008 0.0119981
3.192433e-008 -0.0237373
3.194099e-008 -0.0517905
3.195766e-008 -0.0318512
3.197433e-008 -0.00466115
3.199099e-008 -0.0221836
3.200766e-008 -0.0529127
3.202433e-008 -0.0548117
3.204099e-008 -0.0263269
3.205766e-008 0.0214931
3.207433e-008 0.0474747
3.209099e-008 0.0174361
3.210766e-008 -0.0139834
3.212433e-008 0.00802753
3.214099e-008 0.0249458
3.215766e-008 -0.0128613
3.217433e-008 -0.041864
3.219099e-008 -0.0187309
3.220766e-008 -0.00155372
3.222433e-008 -0.0271037
3.224099e-008 -0.0522221
3.225766e-008 -0.042123
3.227433e-008 -0.0229605
3.229099e-008 -0.0283122
3.230766e-008 -0.0367713
3.232433e-008 -0.00474747
3.234099e-008 0.0356492
3.235766e-008 0.0134655
3.237433e-008 -0.0403966
3.239099e-008 -0.0426409
3.240766e-008 -0.0142424
3.242433e-008 -0.00863176
3.244099e-008 0.0049201
3.245766e-008 0.0294343
3.247433e-008 0.00595591
3.249099e-008 -0.0302975
3.250766e-008 -0.0117392
3.252433e-008 -0.00742331
3.254099e-008 -0.062235
3.255766e-008 -0.0572286
3.257433e-008 0.0367713
3.259099e-008 0.0682772
3.260766e-008 0.0147603
3.262433e-008 0.0156235
3.264099e-008 0.0663782
3.265766e-008 0.0497189
3.267433e-008 -0.00431588
3.269099e-008 -0.00155372
3.270766e-008 0.0244279
3.272433e-008 0.0155372
3.274099e-008 0.00310743
3.275766e-008 0.0113939
3.277433e-008 0.0110486
3.279099e-008 -0.0101855
3.280766e-008 -0.0348723
3.282433e-008 -0.0429862
3.284099e-008 -0.0171772
3.285766e-008 0.0248595
3.287433e-008 0.0342681
3.289099e-008 0.00828649
3.290766e-008 -0.00509274
3.292433e-008 0.00466115
3.294099e-008 0.00155372
3.295766e-008 -0.0222699
3.297433e-008 -0.0387566
3.299099e-008 -0.0338365
3.300766e-008 -0.0169182
3.302433e-008 -0.00276216
3.304099e-008 -0.00388429
3.305766e-008 -0.0187309
3.307433e-008 -0.0242552
3.309099e-008 -0.00164003
3.310766e-008 0.0323691
3.312433e-008 0.0371166
3.314099e-008 0.00129476
3.315766e-008 -0.029089
3.317433e-008 -0.00405693
3.319099e-008 0.0485968
3.320766e-008 0.0508411
3.322433e-008 -0.00207162
3.324099e-008 -0.0289164
3.325766e-008 -0.00466115
3.327433e-008 0.00552432
3.329099e-008 -0.012516
3.330766e-008 0.00034527
3.332433e-008 0.0342681
3.334099e-008 0.0272764
3.335766e-008 0.0106171
3.337433e-008 0.0359944
3.339099e-008 0.0341818
3.340766e-008 -0.047302
3.342433e-008 -0.101423
3.344099e-008 -0.0518769
3.345766e-008 -0.00276216
3.347433e-008 -0.0403103
3.349099e-008 -0.0844186
3.350766e-008 -0.0514453
3.352433e-008 0.013034
3.354099e-008 0.0291753
3.355766e-008 -0.00742331
3.357433e-008 -0.0397924
3.359099e-008 -0.0297796
3.360766e-008 -0.00612855
3.362433e-008 -0.0116529
3.364099e-008 -0.0252047
3.365766e-008 -0.00267584
3.367433e-008 0.0423819
3.369099e-008 0.0660329
3.370766e-008 0.0568833
3.372433e-008 0.0337502
3.374099e-008 0.0194215
3.375766e-008 0.0170046
3.377433e-008 0.00759595
3.379099e-008 -0.00889071
3.380766e-008 -0.0123434
3.382433e-008 -0.016573
3.384099e-008 -0.038325
3.385766e-008 -0.041864
3.387433e-008 -0.0116529
3.389099e-008 0.00776858
3.390766e-008 0.00725068
3.392433e-008 0.0103581
3.394099e-008 -0.00241689
3.395766e-008 -0.022011
3.397433e-008 0.00362534
3.399099e-008 0.025809
3.400766e-008 -0.0269311
3.402433e-008 -0.065515
3.404099e-008 -0.020112
3.405766e-008 -0.0110486
3.407433e-008 -0.0775995
3.409099e-008 -0.0816564
3.410766e-008 -0.0264995
3.412433e-008 -0.0372892
3.414099e-008 -0.0592139
3.415766e-008 -0.011135
3.417433e-008 0.00120845
3.419099e-008 -0.0404829
3.420766e-008 0.00794122
3.422433e-008 0.098661
3.424099e-008 0.063875
3.425766e-008 -0.0150193
3.427433e-008 0.0078549
3.429099e-008 0.0384976
3.430766e-008 -0.00871807
3.432433e-008 -0.0321101
3.434099e-008 -0.00820017
3.435766e-008 -0.0344407
3.437433e-008 -0.0783764
3.439099e-008 -0.0333186
3.440766e-008 0.0615444
3.442433e-008 0.091324
3.444099e-008 0.0384976
3.445766e-008 -0.0201983
3.447433e-008 -0.0186446
3.449099e-008 0.0145877
3.450766e-008 0.00431588
3.452433e-008 -0.0297796
3.454099e-008 -0.0147603
3.455766e-008 0.0157098
3.457433e-008 0.00276216
3.459099e-008 0.00034527
3.460766e-008 0.0363397
3.462433e-008 0.0318512
3.464099e-008 -0.0119981
3.465766e-008 -0.012775
3.467433e-008 -0.0058696
3.469099e-008 -0.0587823
3.470766e-008 -0.0902882
3.472433e-008 -0.0305564
3.474099e-008 0.0261542
3.475766e-008 0.0113076
3.477433e-008 -0.0044022
3.479099e-008 0.0174361
3.480766e-008 0.0147603
3.482433e-008 -0.0295206
3.484099e-008 -0.0467841
3.485766e-008 -0.00612855
3.487433e-008 0.0317649
3.489099e-008 0.0168319
3.490766e-008 -0.00811385
3.492433e-008 0.00673277
3.494099e-008 0.0257226
3.495766e-008 0.0132066
3.497433e-008 0.00802753
3.499099e-008 0.0199394
3.500766e-008 0.0019853
3.502433e-008 -0.0281395
3.504099e-008 -0.0223563
3.505766e-008 -0.0182993
3.507433e-008 -0.0377208
3.509099e-008 -0.0121708
3.510766e-008 0.051359
3.512433e-008 0.0561927
3.514099e-008 0.0120845
3.515766e-008 -0.00725068
3.517433e-008 -0.02391
3.519099e-008 -0.0532579
3.520766e-008 -0.0386703
3.522433e-008 -0.0116529
3.524099e-008 -0.0431588
3.525766e-008 -0.0536895
3.527433e-008 0.0285711
3.529099e-008 0.0832965
3.530766e-008 0.0259816
3.532433e-008 -0.0416914
3.534099e-008 -0.0504095
3.535766e-008 -0.0335775
3.537433e-008 0.00561064
3.539099e-008 0.0443672
3.540766e-008 0.0122571
3.542433e-008 -0.0404829
3.544099e-008 -0.0058696
3.545766e-008 0.0550706
3.547433e-008 0.0368576
3.549099e-008 -0.00543801
3.550766e-008 -0.0106171
3.552433e-008 -0.0215794
3.554099e-008 -0.0282258
3.555766e-008 0.0124297
3.557433e-008 0.0358218
3.559099e-008 -0.00233057
3.560766e-008 -0.0224426
3.562433e-008 -0.000690541
3.564099e-008 -0.0102718
3.565766e-008 -0.0491147
3.567433e-008 -0.0553296
3.569099e-008 -0.0246868
3.570766e-008 0.0213204
3.572433e-008 0.0551569
3.574099e-008 0.0294343
3.575766e-008 -0.0262405
3.577433e-008 -0.0171772
3.579099e-008 0.0428135
3.580766e-008 0.0629255
3.582433e-008 0.0344407
3.584099e-008 -0.0153645
3.585766e-008 -0.0750963
3.587433e-008 -0.0773405
3.589099e-008 0.00034527
3.590766e-008 0.0368576
3.592433e-008 -0.0187309
3.594099e-008 -0.0536895
3.595766e-008 -0.029348
3.597433e-008 -0.00379797
3.599099e-008 0.0363397
3.600766e-008 0.0733699
3.602433e-008 0.0137245
3.604099e-008 -0.0722478
3.605766e-008 -0.0340954
3.607433e-008 0.0436767
3.609099e-008 0.0282258
3.610766e-008 0.0121708
3.612433e-008 0.0463525
3.614099e-008 0.00897703
3.615766e-008 -0.0660329
3.617433e-008 -0.0302975
3.619099e-008 0.0340954
3.620766e-008 -0.00664645
3.622433e-008 -0.049201
3.624099e-008 -0.00621487
3.625766e-008 0.0162277
3.627433e-008 -0.0164003
3.629099e-008 -0.0152782
3.630766e-008 0.0169182
3.632433e-008 0.025809
3.634099e-008 0.0271037
3.635766e-008 0.0243416
3.637433e-008 -0.00578328
3.639099e-008 -0.0324554
3.640766e-008 -0.0311606
3.642433e-008 -0.030988
3.644099e-008 -0.034527
3.645766e-008 -0.0164003
3.647433e-008 0.0157961
3.649099e-008 0.039965
3.650766e-008 0.0357355
3.652433e-008 -0.0029348
3.654099e-008 -0.0260679
3.655766e-008 -0.000517905
3.657433e-008 0.0109623
3.659099e-008 -0.0253774
3.660766e-008 -0.047561
3.662433e-008 -0.0416914
3.664099e-008 -0.0377208
3.665766e-008 0.00526537
3.667433e-008 0.0809659
3.669099e-008 0.0802753
3.670766e-008 0.0145877
3.672433e-008 0.00138108
3.674099e-008 0.0170909
3.675766e-008 -0.00233057
3.677433e-008 0.0123434
3.679099e-008 0.0593002
3.680766e-008 0.0178677
3.682433e-008 -0.0586096
3.684099e-008 -0.0245142
3.685766e-008 0.0387566
3.687433e-008 -0.00215794
3.689099e-008 -0.0569696
3.690766e-008 -0.030988
3.692433e-008 -0.00474747
3.694099e-008 -0.02391
3.695766e-008 -0.0241689
3.697433e-008 0.00742331
3.699099e-008 0.0269311
3.700766e-008 0.0207162
3.702433e-008 0.00258953
3.704099e-008 0.0019853
3.705766e-008 0.022011
3.707433e-008 -0.00353902
3.709099e-008 -0.0897703
3.710766e-008 -0.127836
3.712433e-008 -0.0711257
3.714099e-008 -0.0178677
3.715766e-008 -0.0216657
3.717433e-008 -0.0310743
3.719099e-008 -0.0140698
3.720766e-008 0.0246868
3.722433e-008 0.0682772
3.724099e-008 0.064134
3.725766e-008 0.00854544
3.727433e-008 -0.0126024
3.729099e-008 0.0128613
3.730766e-008 -0.0058696
3.732433e-008 -0.0624076
3.734099e-008 -0.0575738
3.735766e-008 0.00552432
3.737433e-008 0.0434177
3.739099e-008 0.039965
3.740766e-008 0.0261542
3.742433e-008 0.011135
3.744099e-008 0.0019853
3.745766e-008 0.0117392
3.747433e-008 0.0322828
3.749099e-008 0.0282258
3.750766e-008 -0.0265858
3.752433e-008 -0.0862313
3.754099e-008 -0.0717299
3.755766e-008 -0.00750963
3.757433e-008 0.012775
3.759099e-008 -0.00250321
3.760766e-008 0.00561064
3.762433e-008 0.00474747
3.764099e-008 -0.0270174
3.765766e-008 -0.0291753
3.767433e-008 -0.00828649
3.769099e-008 -0.0239963
3.770766e-008 -0.0377208
3.772433e-008 -0.0155372
3.774099e-008 -0.0203709
3.775766e-008 -0.0429862
3.777433e-008 -0.0167456
3.779099e-008 -0.00233057
3.780766e-008 -0.0464389
3.782433e-008 -0.0435041
3.784099e-008 0.0106171
3.785766e-008 -0.0151919
3.787433e-008 -0.070953
3.789099e-008 -0.0266721
3.790766e-008 0.0168319
3.792433e-008 -0.0444536
3.794099e-008 -0.0756142
3.795766e-008 -0.010876
3.797433e-008 0.0186446
3.799099e-008 -0.00552432
3.800766e-008 0.00647382
3.802433e-008 0.0193351
3.804099e-008 -0.00388429
3.805766e-008 0.00750963
3.807433e-008 0.0306427
3.809099e-008 -0.0197667
3.810766e-008 -0.0707804
3.812433e-008 -0.0340954
3.814099e-008 0.00397061
3.815766e-008 -0.0169182
3.817433e-008 -0.0202846
3.819099e-008 0.00138108
3.820766e-008 -0.025809
3.822433e-008 -0.0688814
3.824099e-008 -0.0479063
3.825766e-008 -0.00172635
3.827433e-008 -0.00854544
3.829099e-008 -0.0447125
3.830766e-008 -0.032628
3.832433e-008 0.0356492
3.834099e-008 0.0854544
3.835766e-008 0.0652561
3.837433e-008 0.011135
3.839099e-008 -0.0286574
3.840766e-008 -0.0481652
3.842433e-008 -0.0298659
3.844099e-008 0.0302112
3.845766e-008 0.0507547
3.847433e-008 -0.014415
3.849099e-008 -0.0580917
3.850766e-008 0.00405693
3.852433e-008 0.0782037
3.854099e-008 0.0618897
3.855766e-008 0.00353902
3.857433e-008 -0.00509274
3.859099e-008 0.0378071
3.860766e-008 0.0601633
3.862433e-008 0.0143287
3.864099e-008 -0.0459209
3.865766e-008 -0.0416051
3.867433e-008 -0.0107034
3.869099e-008 -0.0267584
3.870766e-008 -0.043763
3.872433e-008 -0.0186446
3.874099e-008 -0.0221836
3.875766e-008 -0.0543801
3.877433e-008 -0.0164003
3.879099e-008 0.0457483
3.880766e-008 0.0109623
3.882433e-008 -0.0485105
3.884099e-008 -0.0221836
3.885766e-008 0.00267584
3.887433e-008 -0.043763
3.889099e-008 -0.060336
3.890766e-008 -0.0173498
3.892433e-008 -0.00457483
3.894099e-008 -0.0113076
3.895766e-008 0.0227015
3.897433e-008 0.0542074
3.899099e-008 0.058696
3.900766e-008 0.0820017
3.902433e-008 0.0900292
3.904099e-008 0.0322828
3.905766e-008 -0.0105307
3.907433e-008 0.0164003
3.909099e-008 0.0264132
3.910766e-008 -0.00621487
3.912433e-008 0.00233057
3.914099e-008 0.0351313
3.915766e-008 0.00353902
3.917433e-008 -0.0450578
3.919099e-008 -0.0109623
3.920766e-008 0.0599044
3.922433e-008 0.0626666
3.924099e-008 0.0083728
3.925766e-008 -0.0155372
3.927433e-008 0.0231331
3.929099e-008 0.0689677
3.930766e-008 0.0498916
3.932433e-008 -0.0244279
3.934099e-008 -0.0637887
3.935766e-008 -0.0332323
3.937433e-008 -0.00742331
3.939099e-008 -0.032887
3.940766e-008 -0.0479063
3.942433e-008 -0.010876
3.944099e-008 0.0145877
3.945766e-008 -0.0148466
3.947433e-008 -0.0354765
3.949099e-008 -0.00448851
3.950766e-008 0.0126024
3.952433e-008 -0.0244279
3.954099e-008 -0.0448851
3.955766e-008 -0.00664645
3.957433e-008 0.0195078
3.959099e-008 -0.0107897
3.960766e-008 -0.038584
3.962433e-008 -0.0229605
3.964099e-008 -0.000863176
3.965766e-008 0.000949493
3.967433e-008 -0.00664645
3.969099e-008 -0.019853
3.970766e-008 -0.0237373
3.972433e-008 0.0103581
3.974099e-008 0.056797
3.975766e-008 0.0566243
3.977433e-008 0.0239963
3.979099e-008 0.0226152
3.980766e-008 0.0439356
3.982433e-008 0.0264995
3.984099e-008 -0.0254637
3.985766e-008 -0.0485968
3.987433e-008 -0.0238237
3.989099e-008 0.00284848
3.990766e-008 -0.00880439
3.992433e-008 -0.0462662
3.994099e-008 -0.0611992
3.995766e-008 -0.0265858
3.997433e-008 0.0321101
3.999099e-008 0.0710394
4.000766e-008 0.0731973
