LECROYSDA18000 15238 Waveform
Segments 1 SegmentSize 3002
Segment TrigTime TimeSinceSegment1
#1 02-Nov-2018 14:13:20 0                 
Time Ampl
-1.001506e-008 0.0352176
-9.998398e-009 0.0151056
-9.981731e-009 0.000604223
-9.965065e-009 -0.0254637
-9.948398e-009 -0.0338365
-9.931731e-009 0.000172635
-9.915065e-009 0.0478199
-9.898398e-009 0.0665508
-9.881731e-009 0.0407419
-9.865065e-009 -0.00794122
-9.848398e-009 -0.034786
-9.831731e-009 -0.0162277
-9.815065e-009 0.0214931
-9.798398e-009 0.0319375
-9.781731e-009 -0.00172635
-9.765065e-009 -0.0442809
-9.748398e-009 -0.0442809
-9.731731e-009 -0.00258953
-9.715065e-009 0.0277079
-9.698398e-009 0.0201983
-9.681731e-009 -0.0034527
-9.665065e-009 -0.0201983
-9.648398e-009 -0.0215794
-9.631731e-009 -0.0131203
-9.615065e-009 -0.0168319
-9.598398e-009 -0.0282258
-9.581731e-009 -0.00802753
-9.565065e-009 0.0386703
-9.548398e-009 0.0633571
-9.531731e-009 0.0591275
-9.515065e-009 0.0365123
-9.498398e-009 -0.0145014
-9.481731e-009 -0.0419503
-9.465065e-009 0.0247731
-9.448398e-009 0.0974525
-9.431731e-009 0.0442809
-9.415065e-009 -0.0482515
-9.398398e-009 -0.0258953
-9.381731e-009 0.0392745
-9.365065e-009 0.00742331
-9.348398e-009 -0.058178
-9.331731e-009 -0.0432451
-9.315065e-009 0.00353902
-9.298398e-009 0.00267584
-9.281731e-009 -0.0093223
-9.265065e-009 0.0139834
-9.248398e-009 0.0329733
-9.231731e-009 0.0112213
-9.215065e-009 -0.00707804
-9.198398e-009 0.019853
-9.181731e-009 0.0371166
-9.165065e-009 -0.014674
-9.148398e-009 -0.0687951
-9.131731e-009 -0.0352176
-9.115065e-009 0.0301248
-9.098398e-009 0.029089
-9.081731e-009 -0.00863176
-9.065065e-009 -0.0135519
-9.048398e-009 0.00034527
-9.031731e-009 0.00164003
-9.015065e-009 -0.00914966
-8.998398e-009 -0.0346997
-8.981731e-009 -0.0517905
-8.965065e-009 -0.0167456
-8.948398e-009 0.0377208
-8.931731e-009 0.0384113
-8.915065e-009 0.000258953
-8.898398e-009 -0.00923598
-8.881731e-009 0.0206299
-8.865065e-009 0.0531716
-8.848398e-009 0.0499779
-8.831731e-009 0.00215794
-8.815065e-009 -0.0394471
-8.798398e-009 -0.0316785
-8.781731e-009 -0.0135519
-8.765065e-009 -0.0164003
-8.748398e-009 -0.00561064
-8.731731e-009 0.0161414
-8.715065e-009 0.00992652
-8.698398e-009 -0.000776858
-8.681731e-009 0.00621487
-8.665065e-009 -0.00794122
-8.648398e-009 -0.0384113
-8.631731e-009 -0.0373755
-8.615065e-009 -0.012775
-8.598398e-009 0.0284848
-8.581731e-009 0.0924461
-8.565065e-009 0.0959851
-8.548398e-009 0.00759595
-8.531731e-009 -0.0209752
-8.515065e-009 0.0503231
-8.498398e-009 0.0319375
-8.481731e-009 -0.0885618
-8.465065e-009 -0.0960715
-8.448398e-009 -0.00034527
-8.431731e-009 0.00561064
-8.415065e-009 -0.0434177
-8.398398e-009 -0.0143287
-8.381731e-009 0.0363397
-8.365065e-009 0.0466115
-8.348398e-009 0.0686225
-8.331731e-009 0.0779448
-8.315065e-009 0.0173498
-8.298398e-009 -0.0473883
-8.281731e-009 -0.0605949
-8.265065e-009 -0.0535169
-8.248398e-009 -0.0230468
-8.231731e-009 0.0207162
-8.215065e-009 0.00379797
-8.198398e-009 -0.0496326
-8.181731e-009 -0.0408282
-8.165065e-009 0.00448851
-8.148398e-009 0.0185583
-8.131731e-009 0.0257226
-8.115065e-009 0.0252047
-8.098398e-009 -0.0100128
-8.081731e-009 -0.0164867
-8.065065e-009 0.0227015
-8.048398e-009 0.00966757
-8.031731e-009 -0.0359944
-8.015065e-009 -0.00431588
-7.998398e-009 0.0476473
-7.981731e-009 0.0195078
-7.965065e-009 -0.0219247
-7.948398e-009 -0.0238237
-7.931731e-009 -0.036426
-7.915065e-009 -0.0352176
-7.898398e-009 0.013034
-7.881731e-009 0.02391
-7.865065e-009 -0.0128613
-7.848398e-009 -0.00353902
-7.831731e-009 0.0112213
-7.815065e-009 -0.0428135
-7.798398e-009 -0.0627529
-7.781731e-009 0.0034527
-7.765065e-009 0.021752
-7.748398e-009 -0.0300385
-7.731731e-009 -0.02555
-7.715065e-009 0.0225289
-7.698398e-009 0.0250321
-7.681731e-009 0.0211478
-7.665065e-009 0.0431588
-7.648398e-009 0.0278806
-7.631731e-009 -0.0141561
-7.615065e-009 -0.0151919
-7.598398e-009 0.00483378
-7.581731e-009 0.0119118
-7.565065e-009 0.0282258
-7.548398e-009 0.0372892
-7.531731e-009 0.00388429
-7.515065e-009 -0.032628
-7.498398e-009 -0.0318512
-7.481731e-009 -0.0180404
-7.465065e-009 -0.0132066
-7.448398e-009 -0.0151919
-7.431731e-009 -0.0205436
-7.415065e-009 -0.00707804
-7.398398e-009 0.0301248
-7.381731e-009 0.0460073
-7.365065e-009 0.0275353
-7.348398e-009 0.0151919
-7.331731e-009 0.0115666
-7.315065e-009 -0.00448851
-7.298398e-009 -0.0148466
-7.281731e-009 -0.0156235
-7.265065e-009 -0.0277079
-7.248398e-009 -0.0233921
-7.231731e-009 0.0202846
-7.215065e-009 0.0493737
-7.198398e-009 0.0305564
-7.181731e-009 0.00258953
-7.165065e-009 -0.0154508
-7.148398e-009 -0.0313333
-7.131731e-009 -0.0305564
-7.115065e-009 -0.0157961
-7.098398e-009 -0.00845912
-7.081731e-009 -0.00267584
-7.065065e-009 -0.00595591
-7.048398e-009 -0.0317649
-7.031731e-009 -0.025291
-7.015065e-009 0.0325417
-6.998398e-009 0.0377208
-6.981731e-009 -0.0291753
-6.965065e-009 -0.0333186
-6.948398e-009 0.0379797
-6.931731e-009 0.0496326
-6.915065e-009 0.00258953
-6.898398e-009 -0.00561064
-6.881731e-009 0.00284848
-6.865065e-009 -0.00750963
-6.848398e-009 0.0112213
-6.831731e-009 0.032887
-6.815065e-009 -0.00975389
-6.798398e-009 -0.056797
-6.781731e-009 -0.0460936
-6.765065e-009 -0.0306427
-6.748398e-009 -0.0216657
-6.731731e-009 0.0124297
-6.715065e-009 0.0119118
-6.698398e-009 -0.0370302
-6.681731e-009 -0.0258953
-6.665065e-009 0.0286574
-6.648398e-009 -0.00828649
-6.631731e-009 -0.0900292
-6.615065e-009 -0.0756142
-6.598398e-009 -0.00975389
-6.581731e-009 0.0105307
-6.565065e-009 0.0152782
-6.548398e-009 0.0213204
-6.531731e-009 -0.00319375
-6.515065e-009 -0.0103581
-6.498398e-009 0.0323691
-6.481731e-009 0.0519632
-6.465065e-009 0.0288301
-6.448398e-009 0.0222699
-6.431731e-009 0.0199394
-6.415065e-009 -0.00725068
-6.398398e-009 -0.0120845
-6.381731e-009 0.00854544
-6.365065e-009 -0.00112213
-6.348398e-009 -0.011135
-6.331731e-009 0.0262405
-6.315065e-009 0.0488557
-6.298398e-009 0.00975389
-6.281731e-009 -0.0295206
-6.265065e-009 -0.0254637
-6.248398e-009 -0.00129476
-6.231731e-009 0.0235647
-6.215065e-009 0.0247731
-6.198398e-009 -0.0140698
-6.181731e-009 -0.0376345
-6.165065e-009 0.00155372
-6.148398e-009 0.0504958
-6.131731e-009 0.0536032
-6.115065e-009 0.0294343
-6.098398e-009 -0.000172635
-6.081731e-009 -0.0212341
-6.065065e-009 -0.00138108
-6.048398e-009 0.0369439
-6.031731e-009 0.022011
-6.015065e-009 -0.0252047
-5.998398e-009 -0.0169182
-5.981731e-009 0.031247
-5.965065e-009 0.0333186
-5.948398e-009 0.00138108
-5.931731e-009 0.0102718
-5.915065e-009 0.0427272
-5.898398e-009 0.0242552
-5.881731e-009 -0.0240826
-5.865065e-009 -0.0157098
-5.848398e-009 0.0359944
-5.831731e-009 0.0362534
-5.815065e-009 -0.00992652
-5.798398e-009 -0.0101855
-5.781731e-009 0.0294343
-5.765065e-009 0.0283985
-5.748398e-009 0.0044022
-5.731731e-009 0.0243416
-5.715065e-009 0.0594728
-5.698398e-009 0.0537758
-5.681731e-009 0.0248595
-5.665065e-009 -0.000949493
-5.648398e-009 -0.0195078
-5.631731e-009 -0.0105307
-5.615065e-009 0.0100992
-5.598398e-009 -0.012516
-5.581731e-009 -0.0481652
-5.565065e-009 -0.0161414
-5.548398e-009 0.045403
-5.531731e-009 0.041864
-5.515065e-009 0.00189899
-5.498398e-009 0.00405693
-5.481731e-009 0.0241689
-5.465065e-009 0.0093223
-5.448398e-009 -0.0140698
-5.431731e-009 -0.0129476
-5.415065e-009 -0.0135519
-5.398398e-009 -0.029348
-5.381731e-009 -0.0259816
-5.365065e-009 -0.0044022
-5.348398e-009 -0.0164867
-5.331731e-009 -0.04946
-5.315065e-009 -0.0227878
-5.298398e-009 0.0480789
-5.281731e-009 0.0534306
-5.265065e-009 -0.00500642
-5.248398e-009 -0.022011
-5.231731e-009 0.00612855
-5.215065e-009 0.0182993
-5.198398e-009 0.0296932
-5.181731e-009 0.0372029
-5.165065e-009 -0.0103581
-5.148398e-009 -0.0480789
-5.131731e-009 0.00474747
-5.115065e-009 0.0425546
-5.098398e-009 -0.00863176
-5.081731e-009 -0.0216657
-5.065065e-009 0.0300385
-5.048398e-009 0.0158824
-5.031731e-009 -0.0178677
-5.015065e-009 0.0400514
-4.998398e-009 0.0618034
-4.981731e-009 -0.0352176
-4.965065e-009 -0.0752689
-4.948398e-009 -0.0161414
-4.931731e-009 -0.0114802
-4.915065e-009 -0.0213204
-4.898398e-009 0.0492873
-4.881731e-009 0.0563654
-4.865065e-009 -0.0441083
-4.848398e-009 -0.0537758
-4.831731e-009 0.0185583
-4.815065e-009 -0.00897703
-4.798398e-009 -0.0575738
-4.781731e-009 0.00172635
-4.765065e-009 0.0415188
-4.748398e-009 0.00474747
-4.731731e-009 0.0152782
-4.715065e-009 0.0394471
-4.698398e-009 -0.00664645
-4.681731e-009 -0.0116529
-4.665065e-009 0.0426409
-4.648398e-009 0.00388429
-4.631731e-009 -0.0718162
-4.615065e-009 -0.0306427
-4.598398e-009 0.0234784
-4.581731e-009 -0.0119118
-4.565065e-009 -0.0179541
-4.548398e-009 0.0224426
-4.531731e-009 0.00681909
-4.515065e-009 0.00388429
-4.498398e-009 0.0669824
-4.481731e-009 0.0637024
-4.465065e-009 0.00258953
-4.448398e-009 0.0282258
-4.431731e-009 0.0595591
-4.415065e-009 -0.019853
-4.398398e-009 -0.0645655
-4.381731e-009 0.000776858
-4.365065e-009 0.0180404
-4.348398e-009 -0.0239963
-4.331731e-009 0.00362534
-4.315065e-009 0.036426
-4.298398e-009 -0.0170046
-4.281731e-009 -0.0446262
-4.265065e-009 0.00466115
-4.248398e-009 0.0117392
-4.231731e-009 -0.0374618
-4.215065e-009 -0.0477336
-4.198398e-009 -0.0268448
-4.181731e-009 -0.0276216
-4.165065e-009 -0.0303838
-4.148398e-009 -0.0100992
-4.131731e-009 0.0168319
-4.115065e-009 0.0131203
-4.098398e-009 -0.0391882
-4.081731e-009 -0.0670688
-4.065065e-009 0
-4.048398e-009 0.056797
-4.031731e-009 -0.000949493
-4.015065e-009 -0.0438493
-3.998398e-009 0.0272764
-3.981731e-009 0.0640476
-3.965065e-009 0.00526537
-3.948398e-009 0.00310743
-3.931731e-009 0.0522221
-3.915065e-009 0.00768226
-3.898398e-009 -0.0467841
-3.881731e-009 0.0283122
-3.865065e-009 0.0926188
-3.848398e-009 0.0157098
-3.831731e-009 -0.0485105
-3.815065e-009 0.00250321
-3.798398e-009 0.0330596
-3.781731e-009 -0.014674
-3.765065e-009 -0.0376345
-3.748398e-009 -0.0234784
-3.731731e-009 -0.0283122
-3.715065e-009 -0.00949493
-3.698398e-009 0.0563654
-3.681731e-009 0.0763911
-3.665065e-009 0.0251184
-3.648398e-009 -0.00673277
-3.631731e-009 -0.00543801
-3.615065e-009 -0.0296069
-3.598398e-009 -0.0505821
-3.581731e-009 -0.0301248
-3.565065e-009 -0.0304701
-3.548398e-009 -0.0599044
-3.531731e-009 -0.0311606
-3.515065e-009 0.025809
-3.498398e-009 0.00776858
-3.481731e-009 -0.0193351
-3.465065e-009 0.0338365
-3.448398e-009 0.0564517
-3.431731e-009 -0.012516
-3.415065e-009 -0.0272764
-3.398398e-009 0.029348
-3.381731e-009 0.00233057
-3.365065e-009 -0.0611992
-3.348398e-009 -0.00906335
-3.331731e-009 0.0543801
-3.315065e-009 -0.000863176
-3.298398e-009 -0.0441083
-3.281731e-009 0.00189899
-3.265065e-009 0.00621487
-3.248398e-009 -0.0363397
-3.231731e-009 -0.014415
-3.215065e-009 0.014415
-3.198398e-009 -0.0172635
-3.181731e-009 -0.00759595
-3.165065e-009 0.0465252
-3.148398e-009 0.0133792
-3.131731e-009 -0.0532579
-3.115065e-009 -0.0121708
-3.098398e-009 0.0529127
-3.081731e-009 0.0208025
-3.065065e-009 -0.0176088
-3.048398e-009 0.0181267
-3.031731e-009 0.0419503
-3.015065e-009 0.00966757
-2.998398e-009 -0.0143287
-2.981731e-009 -0.0157961
-2.965065e-009 -0.02555
-2.948398e-009 -0.0221836
-2.931731e-009 0.0115666
-2.915065e-009 0.0275353
-2.898398e-009 -0.00595591
-2.881731e-009 -0.0412598
-2.865065e-009 -0.0321101
-2.848398e-009 -0.00768226
-2.831731e-009 -0.00578328
-2.815065e-009 -0.00526537
-2.798398e-009 0.00405693
-2.781731e-009 -0.013034
-2.765065e-009 -0.038066
-2.748398e-009 -0.0151056
-2.731731e-009 0.0149329
-2.715065e-009 -0.0141561
-2.698398e-009 -0.0508411
-2.681731e-009 -0.0403966
-2.665065e-009 -0.0360807
-2.648398e-009 -0.0585233
-2.631731e-009 -0.0544664
-2.615065e-009 -0.0360807
-2.598398e-009 -0.0479926
-2.581731e-009 -0.0625802
-2.565065e-009 -0.058178
-2.548398e-009 -0.0540348
-2.531731e-009 -0.0386703
-2.515065e-009 -0.0202846
-2.498398e-009 -0.0397924
-2.481731e-009 -0.0486831
-2.465065e-009 0.0029348
-2.448398e-009 0.0208889
-2.431731e-009 -0.0282258
-2.415065e-009 -0.0138971
-2.398398e-009 0.0516179
-2.381731e-009 0.00681909
-2.365065e-009 -0.0862313
-2.348398e-009 -0.0544664
-2.331731e-009 0.0157961
-2.315065e-009 -0.0116529
-2.298398e-009 -0.0343544
-2.281731e-009 0.014674
-2.265065e-009 0.0202846
-2.248398e-009 -0.0164003
-2.231731e-009 0.0176951
-2.215065e-009 0.061976
-2.198398e-009 0.00371166
-2.181731e-009 -0.0746647
-2.165065e-009 -0.0649108
-2.148398e-009 -0.0215794
-2.131731e-009 -0.0187309
-2.115065e-009 -0.034786
-2.098398e-009 -0.0374618
-2.081731e-009 -0.0294343
-2.065065e-009 -0.0156235
-2.048398e-009 0.00164003
-2.031731e-009 0.0176088
-2.015065e-009 0.0287438
-1.998398e-009 0.0319375
-1.981731e-009 0.025809
-1.965065e-009 0.0109623
-1.948398e-009 -0.00302112
-1.931731e-009 0.00414324
-1.915065e-009 0.0225289
-1.898398e-009 0.0119981
-1.881731e-009 -0.0157098
-1.865065e-009 -0.00923598
-1.848398e-009 0.0167456
-1.831731e-009 0.0208889
-1.815065e-009 0.0275353
-1.798398e-009 0.0520495
-1.781731e-009 0.0589549
-1.765065e-009 0.0553296
-1.748398e-009 0.0607676
-1.731731e-009 0.0431588
-1.715065e-009 0.0281395
-1.698398e-009 0.0750963
-1.681731e-009 0.095122
-1.665065e-009 0.00224426
-1.648398e-009 -0.0665508
-1.631731e-009 -0.0207162
-1.615065e-009 -0.00621487
-1.598398e-009 -0.0628392
-1.581731e-009 -0.0449715
-1.565065e-009 0.0134655
-1.548398e-009 -0.0191625
-1.531731e-009 -0.0398787
-1.515065e-009 0.0530853
-1.498398e-009 0.105912
-1.481731e-009 0.0354765
-1.465065e-009 -0.0234784
-1.448398e-009 -0.023651
-1.431731e-009 -0.027449
-1.415065e-009 -0.0216657
-1.398398e-009 -0.0129476
-1.381731e-009 -0.0443672
-1.365065e-009 -0.036426
-1.348398e-009 0.0538622
-1.331731e-009 0.0799301
-1.315065e-009 0.00302112
-1.298398e-009 -0.0112213
-1.281731e-009 0.0548117
-1.265065e-009 0.058696
-1.248398e-009 0.0044022
-1.231731e-009 -0.029089
-1.215065e-009 -0.0630118
-1.198398e-009 -0.0843323
-1.181731e-009 -0.0405693
-1.165065e-009 -0.00474747
-1.148398e-009 -0.0384113
-1.131731e-009 -0.0489421
-1.115065e-009 0.00483378
-1.098398e-009 0.0400514
-1.081731e-009 0.0481652
-1.065065e-009 0.0688814
-1.048398e-009 0.0611128
-1.031731e-009 0.0186446
-1.015065e-009 0.013034
-9.98398e-010 0.032887
-9.817314e-010 0.0169182
-9.650647e-010 -0.00863176
-9.48398e-010 -0.0102718
-9.317314e-010 -0.00776858
-9.150647e-010 0.0117392
-8.98398e-010 0.0504095
-8.817314e-010 0.0403966
-8.650647e-010 -0.0158824
-8.48398e-010 -0.0194215
-8.317314e-010 0.0344407
-8.150647e-010 0.0549843
-7.98398e-010 0.0297796
-7.817314e-010 0.0142424
-7.650647e-010 0.0263269
-7.48398e-010 0.0511863
-7.317314e-010 0.0587823
-7.150647e-010 0.0239963
-6.98398e-010 -0.0174361
-6.817314e-010 -0.0190762
-6.650647e-010 -0.0118255
-6.48398e-010 -0.0277943
-6.317314e-010 -0.0327144
-6.150647e-010 -0.0138108
-5.98398e-010 0.00155372
-5.817314e-010 0.0157961
-5.650647e-010 0.0205436
-5.48398e-010 -0.0152782
-5.317314e-010 -0.052999
-5.150647e-010 -0.0442809
-4.98398e-010 -0.0358218
-4.817314e-010 -0.0447988
-4.650647e-010 -0.00621487
-4.48398e-010 0.0457483
-4.317314e-010 0.0230468
-4.150647e-010 0.000172635
-3.98398e-010 0.0599044
-3.817314e-010 0.0835554
-3.650647e-010 -0.00336639
-3.48398e-010 -0.0677593
-3.317314e-010 -0.0541211
-3.150647e-010 -0.0573149
-2.98398e-010 -0.0635297
-2.817314e-010 -0.00535169
-2.650647e-010 0.0405693
-2.48398e-010 0.0279669
-2.317314e-010 0.0543801
-2.150647e-010 0.117823
-1.98398e-010 0.102977
-1.817314e-010 0.0384976
-1.650647e-010 0.02391
-1.48398e-010 0.0277943
-1.317314e-010 0.02719
-1.150647e-010 0.0895976
-9.839805e-011 0.17557
-8.173138e-011 0.176778
-6.506471e-011 0.153473
-4.839805e-011 0.219592
-3.173138e-011 0.325331
-1.506471e-011 0.394212
1.601952e-012 0.458174
1.826862e-011 0.526882
3.493529e-011 0.569178
5.160195e-011 0.623472
6.826862e-011 0.713501
8.493529e-011 0.775045
1.01602e-010 0.804221
1.182686e-010 0.873706
1.349353e-010 0.963908
1.51602e-010 1.01069
1.682686e-010 1.0554
1.849353e-010 1.14215
2.01602e-010 1.21199
2.182686e-010 1.23434
2.349353e-010 1.25592
2.51602e-010 1.28441
2.682686e-010 1.30728
2.849353e-010 1.35311
3.01602e-010 1.39662
3.182686e-010 1.36865
3.349353e-010 1.31324
3.51602e-010 1.31255
3.682686e-010 1.30857
3.849353e-010 1.24366
4.01602e-010 1.2119
4.182686e-010 1.25255
4.349353e-010 1.2485
4.51602e-010 1.19196
4.682686e-010 1.22485
4.849353e-010 1.33188
5.01602e-010 1.34457
5.182686e-010 1.25324
5.349353e-010 1.18557
5.51602e-010 1.15277
5.682686e-010 1.08786
5.849353e-010 1.00456
6.01602e-010 0.926792
6.182686e-010 0.818032
6.349353e-010 0.690541
6.51602e-010 0.62468
6.682686e-010 0.633485
6.849353e-010 0.631758
7.01602e-010 0.549929
7.182686e-010 0.404657
7.349353e-010 0.260593
7.51602e-010 0.146049
7.682686e-010 0.0276216
7.849353e-010 -0.114716
8.01602e-010 -0.247472
8.182686e-010 -0.359772
8.349353e-010 -0.482774
8.51602e-010 -0.604309
8.682686e-010 -0.688383
8.849353e-010 -0.770989
9.01602e-010 -0.890021
9.182686e-010 -0.974612
9.349353e-010 -0.970468
9.51602e-010 -0.973835
9.682686e-010 -1.07094
9.849353e-010 -1.16934
1.001602e-009 -1.15899
1.018269e-009 -1.10944
1.034935e-009 -1.13482
1.051602e-009 -1.19006
1.068269e-009 -1.18238
1.084935e-009 -1.16857
1.101602e-009 -1.24418
1.118269e-009 -1.33732
1.134935e-009 -1.32532
1.151602e-009 -1.2586
1.168269e-009 -1.25678
1.184935e-009 -1.28803
1.201602e-009 -1.25169
1.218269e-009 -1.16468
1.234935e-009 -1.10098
1.251602e-009 -1.0693
1.268269e-009 -1.05972
1.284935e-009 -1.08441
1.301602e-009 -1.11635
1.318269e-009 -1.10504
1.334935e-009 -1.06033
1.351602e-009 -1.02597
1.368269e-009 -0.99576
1.384935e-009 -0.93223
1.401602e-009 -0.843927
1.418269e-009 -0.772111
1.434935e-009 -0.710394
1.451602e-009 -0.622004
1.468269e-009 -0.538622
1.484935e-009 -0.515834
1.501602e-009 -0.490456
1.518269e-009 -0.37738
1.534935e-009 -0.274317
1.551602e-009 -0.29909
1.568269e-009 -0.317562
1.584935e-009 -0.166593
1.601602e-009 0.0176951
1.618269e-009 0.0412598
1.634935e-009 -0.0132066
1.651602e-009 0.00604223
1.668269e-009 0.0656014
1.684935e-009 0.101423
1.701602e-009 0.133361
1.718269e-009 0.15166
1.734935e-009 0.13267
1.751602e-009 0.110832
1.768269e-009 0.0912377
1.784935e-009 0.0464389
1.801602e-009 0.0199394
1.818269e-009 0.040224
1.834935e-009 0.0357355
1.851602e-009 -0.00759595
1.868269e-009 -0.00949493
1.884935e-009 0.0162277
1.901602e-009 -0.0112213
1.918269e-009 -0.0620623
1.934935e-009 -0.0750963
1.951602e-009 -0.0772542
1.968269e-009 -0.0793259
1.984935e-009 -0.0507547
2.001602e-009 -0.0269311
2.018269e-009 -0.0384113
2.034935e-009 -0.027449
2.051602e-009 0.00863176
2.068269e-009 -0.0143287
2.084935e-009 -0.0809659
2.101602e-009 -0.0947767
2.118269e-009 -0.0654287
2.134935e-009 -0.0566243
2.151602e-009 -0.047561
2.168269e-009 -0.0178677
2.184935e-009 -0.0196804
2.201602e-009 -0.0610265
2.218269e-009 -0.0754416
2.234935e-009 -0.049201
2.251602e-009 -0.0444536
2.268269e-009 -0.0878713
2.284935e-009 -0.130598
2.301602e-009 -0.127491
2.318269e-009 -0.10807
2.334935e-009 -0.126369
2.351602e-009 -0.160896
2.368269e-009 -0.148984
2.384935e-009 -0.112817
2.401602e-009 -0.127059
2.418269e-009 -0.176174
2.434935e-009 -0.182648
2.451602e-009 -0.144927
2.468269e-009 -0.115838
2.484935e-009 -0.102286
2.501602e-009 -0.091065
2.518269e-009 -0.0966757
2.534935e-009 -0.109969
2.551602e-009 -0.0862313
2.568269e-009 -0.031247
2.584935e-009 -0.00906335
2.601602e-009 -0.0351313
2.618269e-009 -0.0468704
2.634935e-009 -0.0117392
2.651602e-009 0.0183856
2.668269e-009 -0.00129476
2.684935e-009 -0.0410872
2.701602e-009 -0.0534306
2.718269e-009 -0.029089
2.734935e-009 0.0172635
2.751602e-009 0.0528264
2.768269e-009 0.0405693
2.784935e-009 0.00103581
2.801602e-009 -0.00656014
2.818269e-009 0.00966757
2.834935e-009 -0.00233057
2.851602e-009 -0.0276216
2.868269e-009 -0.0360807
2.884935e-009 -0.0671551
2.901602e-009 -0.116701
2.918269e-009 -0.0908061
2.934935e-009 -0.00172635
2.951602e-009 0.00949493
2.968269e-009 -0.0599044
2.984935e-009 -0.0594728
3.001602e-009 0.0204573
3.018269e-009 0.0419503
3.034935e-009 -0.00379797
3.051602e-009 -0.00552432
3.068269e-009 0.0403103
3.084935e-009 0.058437
3.101602e-009 0.0508411
3.118269e-009 0.0500642
3.134935e-009 0.0386703
3.151602e-009 0.00820017
3.168269e-009 -0.0201983
3.184935e-009 -0.0420367
3.201602e-009 -0.0493737
3.218269e-009 -0.0264995
3.234935e-009 0.00164003
3.251602e-009 0.0132066
3.268269e-009 0.036426
3.284935e-009 0.058178
3.301602e-009 0.0173498
3.318269e-009 -0.0468704
3.334935e-009 -0.0412598
3.351602e-009 -0.00405693
3.368269e-009 -0.0158824
3.384935e-009 -0.0321101
3.401602e-009 -0.018472
3.418269e-009 -0.0433314
3.434935e-009 -0.083728
3.451602e-009 -0.0381524
3.468269e-009 0.0267584
3.484935e-009 -0.0141561
3.501602e-009 -0.0729383
3.518269e-009 -0.0256363
3.534935e-009 0.0406556
3.551602e-009 0.027449
3.568269e-009 -0.00414324
3.584935e-009 -0.0131203
3.601602e-009 -0.0328007
3.618269e-009 -0.0414324
3.634935e-009 -0.0247731
3.651602e-009 -0.0352176
3.668269e-009 -0.0469568
3.684935e-009 0.00604223
3.701602e-009 0.0479926
3.718269e-009 0.0058696
3.734935e-009 -0.012516
3.751602e-009 0.0489421
3.768269e-009 0.0625802
3.784935e-009 0.0049201
3.801602e-009 0.0104444
3.818269e-009 0.0597318
3.834935e-009 0.0149329
3.851602e-009 -0.071212
3.868269e-009 -0.0614581
3.884935e-009 -0.0133792
3.901602e-009 -0.0378934
3.918269e-009 -0.0754416
3.934935e-009 -0.0414324
3.951602e-009 0.0131203
3.968269e-009 0.018213
3.984935e-009 -0.0113076
4.001602e-009 -0.0346133
4.018269e-009 -0.0289164
4.034935e-009 0.00414324
4.051602e-009 0.0263269
4.068269e-009 0.00854544
4.084935e-009 -0.0254637
4.101602e-009 -0.0501505
4.118269e-009 -0.0675003
4.134935e-009 -0.0633571
4.151602e-009 -0.0309017
4.168269e-009 -0.0142424
4.184935e-009 -0.0318512
4.201602e-009 -0.0359081
4.218269e-009 -0.0140698
4.234935e-009 -0.010876
4.251602e-009 -0.0248595
4.268269e-009 -0.0258953
4.284935e-009 -0.0340954
4.301602e-009 -0.0535169
4.318269e-009 -0.0321101
4.334935e-009 0.0183856
4.351602e-009 0.0235647
4.368269e-009 0.000604223
4.384935e-009 0.0208889
4.401602e-009 0.0511
4.418269e-009 0.0232194
4.434935e-009 -0.0226152
4.451602e-009 -0.0269311
4.468269e-009 -0.0193351
4.484935e-009 -0.0337502
4.501602e-009 -0.0485105
4.518269e-009 -0.0545527
4.534935e-009 -0.0593865
4.551602e-009 -0.0370302
4.568269e-009 0.0214931
4.584935e-009 0.0602497
4.601602e-009 0.0400514
4.618269e-009 -0.00138108
4.634935e-009 -0.0247731
4.651602e-009 -0.0413461
4.668269e-009 -0.0487694
4.684935e-009 -0.0192488
4.701602e-009 0.0138108
4.718269e-009 -0.0112213
4.734935e-009 -0.0439356
4.751602e-009 0.00535169
4.768269e-009 0.0680182
4.784935e-009 0.0215794
4.801602e-009 -0.0694856
4.818269e-009 -0.0736289
4.834935e-009 -0.0264132
4.851602e-009 -0.00664645
4.868269e-009 0.0151056
4.884935e-009 0.0353902
4.901602e-009 -0.00129476
4.918269e-009 -0.0297796
4.934935e-009 0.02391
4.951602e-009 0.0538622
4.968269e-009 -0.0122571
4.984935e-009 -0.0457483
5.001602e-009 0.00958125
5.018269e-009 0.0253774
5.034935e-009 -0.0284848
5.051602e-009 -0.0457483
5.068269e-009 -0.0244279
5.084935e-009 -0.0272764
5.101602e-009 -0.0211478
5.118269e-009 0.0160551
5.134935e-009 0.0197667
5.151602e-009 -0.016573
5.168269e-009 -0.0322828
5.184935e-009 -0.0290027
5.201602e-009 -0.0304701
5.218269e-009 -0.00949493
5.234935e-009 0.0230468
5.251602e-009 0.00802753
5.268269e-009 -0.0287438
5.284935e-009 -0.00569696
5.301602e-009 0.0530853
5.318269e-009 0.0574012
5.334935e-009 0.0167456
5.351602e-009 0.00517905
5.368269e-009 0.0140698
5.384935e-009 -0.00500642
5.401602e-009 -0.0247731
5.418269e-009 -0.0141561
5.434935e-009 -0.0171772
5.451602e-009 -0.0422093
5.468269e-009 -0.0282258
5.484935e-009 0.00975389
5.501602e-009 0.00509274
5.518269e-009 -0.00595591
5.534935e-009 0.0176951
5.551602e-009 0.000172635
5.568269e-009 -0.0675867
5.584935e-009 -0.0664645
5.601602e-009 0.00233057
5.618269e-009 0.0277943
5.634935e-009 0.0278806
5.651602e-009 0.0476473
5.668269e-009 0.0118255
5.684935e-009 -0.058437
5.701602e-009 -0.0227878
5.718269e-009 0.0701762
5.734935e-009 0.0611992
5.751602e-009 -0.00897703
5.768269e-009 -0.0340954
5.784935e-009 -0.0306427
5.801602e-009 0.0135519
5.818269e-009 0.103408
5.834935e-009 0.0902882
5.851602e-009 -0.0442809
5.868269e-009 -0.0686225
5.884935e-009 0.0449715
5.901602e-009 0.0671551
5.918269e-009 0.00733699
5.934935e-009 0.040224
5.951602e-009 0.0763911
5.968269e-009 -0.0109623
5.984935e-009 -0.0753552
6.001602e-009 -0.0290027
6.018269e-009 -0.00923598
6.034935e-009 -0.0384113
6.051602e-009 -0.0112213
6.068269e-009 0.0337502
6.084935e-009 0.0248595
6.101602e-009 0.0225289
6.118269e-009 0.0530853
6.134935e-009 0.0548117
6.151602e-009 0.0245142
6.168269e-009 -0.00647382
6.184935e-009 -0.0422093
6.201602e-009 -0.0649971
6.218269e-009 -0.0555022
6.234935e-009 -0.0410008
6.251602e-009 -0.0240826
6.268269e-009 0.00854544
6.284935e-009 0.0211478
6.301602e-009 0.0188172
6.318269e-009 0.0608539
6.334935e-009 0.10479
6.351602e-009 0.0663782
6.368269e-009 0.0044022
6.384935e-009 0.00362534
6.401602e-009 0.0171772
6.418269e-009 -0.00500642
6.434935e-009 -0.0336639
6.451602e-009 -0.0500642
6.468269e-009 -0.0391019
6.484935e-009 0.0110486
6.501602e-009 0.0321101
6.518269e-009 -0.0134655
6.534935e-009 -0.0271037
6.551602e-009 0.0201983
6.568269e-009 0.0173498
6.584935e-009 -0.0298659
6.601602e-009 -0.0132066
6.618269e-009 0.0265858
6.634935e-009 0.0112213
6.651602e-009 0.00414324
6.668269e-009 0.0264132
6.684935e-009 0.00189899
6.701602e-009 -0.0310743
6.718269e-009 -0.0107034
6.734935e-009 -0.0273627
6.751602e-009 -0.0965894
6.768269e-009 -0.0725931
6.784935e-009 0.02391
6.801602e-009 0.0254637
6.818269e-009 -0.020112
6.834935e-009 0.0246868
6.851602e-009 0.0665508
6.868269e-009 0.000776858
6.884935e-009 -0.0485968
6.901602e-009 -0.00371166
6.918269e-009 0.0216657
6.934935e-009 -0.0058696
6.951602e-009 0.00233057
6.968269e-009 0.0292617
6.984935e-009 0.00811385
7.001602e-009 -0.00949493
7.018269e-009 0.0220973
7.034935e-009 0.0350449
7.051602e-009 -0.00224426
7.068269e-009 -0.0351313
7.084935e-009 -0.0534306
7.101602e-009 -0.0701762
7.118269e-009 -0.038584
7.134935e-009 0.0391019
7.151602e-009 0.063875
7.168269e-009 0.0178677
7.184935e-009 -0.00656014
7.201602e-009 8.63176e-005
7.218269e-009 -0.023651
7.234935e-009 -0.0505821
7.251602e-009 -0.0400514
7.268269e-009 -0.0374618
7.284935e-009 -0.034527
7.301602e-009 0.0379797
7.318269e-009 0.113508
7.334935e-009 0.0827786
7.351602e-009 0.0262405
7.368269e-009 0.0420367
7.384935e-009 0.0370302
7.401602e-009 -0.0426409
7.418269e-009 -0.0738015
7.434935e-009 -0.0208025
7.451602e-009 0.0049201
7.468269e-009 -0.0140698
7.484935e-009 -0.0123434
7.501602e-009 0.00319375
7.518269e-009 0.0119981
7.534935e-009 0.0178677
7.551602e-009 -0.00940862
7.568269e-009 -0.0470431
7.584935e-009 -0.0175225
7.601602e-009 0.0195078
7.618269e-009 -0.0350449
7.634935e-009 -0.0689677
7.651602e-009 0.0231331
7.668269e-009 0.0788943
7.684935e-009 -0.0120845
7.701602e-009 -0.0758731
7.718269e-009 -0.0123434
7.734935e-009 0.0339228
7.751602e-009 -0.00776858
7.768269e-009 -0.0447988
7.784935e-009 -0.0396198
7.801602e-009 -0.0177814
7.818269e-009 0.0258953
7.834935e-009 0.0722478
7.851602e-009 0.0807932
7.868269e-009 0.0673277
7.884935e-009 0.0601633
7.901602e-009 0.0466115
7.918269e-009 0.00966757
7.934935e-009 -0.0450578
7.951602e-009 -0.0734563
7.968269e-009 -0.0216657
7.984935e-009 0.0568833
8.001602e-009 0.0477336
8.018269e-009 -0.0120845
8.034935e-009 -0.00681909
8.051602e-009 0.0221836
8.068269e-009 0.00164003
8.084935e-009 0.0019853
8.101602e-009 0.0374618
8.118269e-009 0.00224426
8.134935e-009 -0.0636161
8.151602e-009 -0.0275353
8.168269e-009 0.0504095
8.184935e-009 0.047302
8.201602e-009 0.0034527
8.218269e-009 -0.0145877
8.234935e-009 -0.00716436
8.251602e-009 0.0424682
8.268269e-009 0.0903745
8.284935e-009 0.0390155
8.301602e-009 -0.0398787
8.318269e-009 -0.0132066
8.334935e-009 0.0329733
8.351602e-009 -0.00733699
8.368269e-009 -0.0332323
8.384935e-009 -0.00466115
8.401602e-009 -0.0315922
8.418269e-009 -0.07665
8.434935e-009 -0.0289164
8.451602e-009 0.0240826
8.468269e-009 -0.00328007
8.484935e-009 -0.0135519
8.501602e-009 0.0229605
8.518269e-009 0.0231331
8.534935e-009 0.012775
8.551602e-009 0.0342681
8.568269e-009 0.0215794
8.584935e-009 -0.0101855
8.601602e-009 0.0209752
8.618269e-009 0.0419503
8.634935e-009 -0.0248595
8.651602e-009 -0.0667235
8.668269e-009 -0.018472
8.684935e-009 0.0168319
8.701602e-009 0.0106171
8.718269e-009 0.0226152
8.734935e-009 0.0264995
8.751602e-009 0.00353902
8.768269e-009 0.0124297
8.784935e-009 0.0285711
8.801602e-009 -0.013034
8.818269e-009 -0.0460936
8.834935e-009 -0.00923598
8.851602e-009 0.0132929
8.868269e-009 -0.0194215
8.884935e-009 -0.0174361
8.901602e-009 0.0396198
8.918269e-009 0.0618897
8.934935e-009 0.0249458
8.951602e-009 -0.00362534
8.968269e-009 0.00690541
8.984935e-009 0.0136382
9.001602e-009 -0.0156235
9.018269e-009 -0.0474747
9.034935e-009 -0.0427272
9.051602e-009 -0.0249458
9.068269e-009 -0.0220973
9.084935e-009 -0.00966757
9.101602e-009 0.0160551
9.118269e-009 0.0197667
9.134935e-009 0.0063875
9.151602e-009 -0.00362534
9.168269e-009 -0.0188172
9.184935e-009 -0.00776858
9.201602e-009 0.0536895
9.218269e-009 0.0729383
9.234935e-009 0.00328007
9.251602e-009 -0.0328007
9.268269e-009 0.00189899
9.284935e-009 -0.0147603
9.301602e-009 -0.0669824
9.318269e-009 -0.0460073
9.334935e-009 -0.0302975
9.351602e-009 -0.0849365
9.368269e-009 -0.060336
9.384935e-009 0.0574875
9.401602e-009 0.0688814
9.418269e-009 -0.00483378
9.434935e-009 0.00845912
9.451602e-009 0.0248595
9.468269e-009 -0.0559338
9.484935e-009 -0.0707804
9.501602e-009 0.0103581
9.518269e-009 -0.0185583
9.534935e-009 -0.108674
9.551602e-009 -0.0431588
9.568269e-009 0.0679319
9.584935e-009 0.0359944
9.601602e-009 -0.0110486
9.618269e-009 0.025291
9.634935e-009 0.00681909
9.651602e-009 -0.0523948
9.668269e-009 -0.0049201
9.684935e-009 0.0508411
9.701602e-009 -0.0157961
9.718269e-009 -0.0528264
9.734935e-009 0.0301248
9.751602e-009 0.0529127
9.768269e-009 -0.0333186
9.784935e-009 -0.0561064
9.801602e-009 -0.00466115
9.818269e-009 -0.0102718
9.834935e-009 -0.0363397
9.851602e-009 0.013034
9.868269e-009 0.0682772
9.884935e-009 0.0481652
9.901602e-009 0.00673277
9.918269e-009 -0.00647382
9.934935e-009 -0.0149329
9.951602e-009 -0.0187309
9.968269e-009 0.00103581
9.984935e-009 0.0137245
1.00016e-008 -0.00940862
1.001827e-008 -0.0332323
1.003494e-008 -0.0185583
1.00516e-008 0.0133792
1.006827e-008 0.0256363
1.008494e-008 0.0247731
1.01016e-008 0.0238237
1.011827e-008 -0.00164003
1.013494e-008 -0.0476473
1.01516e-008 -0.0499779
1.016827e-008 -0.00120845
1.018494e-008 0.0145014
1.02016e-008 -0.018213
1.021827e-008 -0.0185583
1.023494e-008 0.0176088
1.02516e-008 0.0221836
1.026827e-008 0.00854544
1.028494e-008 0.0162277
1.03016e-008 0.0107897
1.031827e-008 -0.00647382
1.033494e-008 0.0180404
1.03516e-008 0.0423819
1.036827e-008 0.00742331
1.038494e-008 -0.0123434
1.04016e-008 0.0200257
1.041827e-008 0.00466115
1.043494e-008 -0.0490284
1.04516e-008 -0.0151056
1.046827e-008 0.0590412
1.048494e-008 0.0403103
1.05016e-008 -0.0101855
1.051827e-008 0.00207162
1.053494e-008 0.0105307
1.05516e-008 -0.0154508
1.056827e-008 -0.00681909
1.058494e-008 0.0159688
1.06016e-008 0.00880439
1.061827e-008 0.0214931
1.063494e-008 0.0389292
1.06516e-008 -0.00561064
1.066827e-008 -0.0344407
1.068494e-008 0.0116529
1.07016e-008 0.0107034
1.071827e-008 -0.0498052
1.073494e-008 -0.0157961
1.07516e-008 0.0646519
1.076827e-008 0.0229605
1.078494e-008 -0.0598181
1.08016e-008 -0.0522221
1.081827e-008 -0.0433314
1.083494e-008 -0.0656877
1.08516e-008 -0.00871807
1.086827e-008 0.0614581
1.088494e-008 0.00759595
1.09016e-008 -0.0637024
1.091827e-008 -0.0227878
1.093494e-008 0.0487694
1.09516e-008 0.0860586
1.096827e-008 0.110573
1.098494e-008 0.0671551
1.10016e-008 -0.041864
1.101827e-008 -0.0682772
1.103494e-008 0.00388429
1.10516e-008 0.0260679
1.106827e-008 -0.0240826
1.108494e-008 -0.0624939
1.11016e-008 -0.07501
1.111827e-008 -0.0482515
1.113494e-008 0.0244279
1.11516e-008 0.0390155
1.116827e-008 -0.034786
1.118494e-008 -0.0441946
1.12016e-008 0.0477336
1.121827e-008 0.0813112
1.123494e-008 0.0197667
1.12516e-008 -0.0206299
1.126827e-008 -0.0208889
1.128494e-008 -0.0318512
1.13016e-008 -0.0384976
1.131827e-008 -0.0264132
1.133494e-008 -0.0140698
1.13516e-008 -0.00690541
1.136827e-008 -0.0260679
1.138494e-008 -0.069313
1.14016e-008 -0.0574012
1.141827e-008 0.0164003
1.143494e-008 0.0422956
1.14516e-008 0.0161414
1.146827e-008 0.0296932
1.148494e-008 0.0447988
1.15016e-008 -0.00172635
1.151827e-008 -0.025291
1.153494e-008 0.00647382
1.15516e-008 -0.00189899
1.156827e-008 -0.0307291
1.158494e-008 -0.0019853
1.16016e-008 0.00215794
1.161827e-008 -0.0542938
1.163494e-008 -0.025809
1.16516e-008 0.0772542
1.166827e-008 0.063875
1.168494e-008 -0.0278806
1.17016e-008 -0.0139834
1.171827e-008 0.0446262
1.173494e-008 0.0208889
1.17516e-008 0.00371166
1.176827e-008 0.0431588
1.178494e-008 0.0241689
1.18016e-008 -0.0398787
1.181827e-008 -0.0363397
1.183494e-008 -0.0205436
1.18516e-008 -0.062235
1.186827e-008 -0.0711257
1.188494e-008 -0.0298659
1.19016e-008 -0.0321101
1.191827e-008 -0.0355628
1.193494e-008 0.0216657
1.19516e-008 0.0233057
1.196827e-008 -0.0593865
1.198494e-008 -0.0530853
1.20016e-008 0.0504095
1.201827e-008 0.0681046
1.203494e-008 0.00353902
1.20516e-008 -0.0133792
1.206827e-008 -0.0126024
1.208494e-008 -0.0358218
1.21016e-008 -0.00310743
1.211827e-008 0.0572286
1.213494e-008 0.0283122
1.21516e-008 -0.0289164
1.216827e-008 -0.00621487
1.218494e-008 0.018213
1.22016e-008 -0.0257226
1.221827e-008 -0.0501505
1.223494e-008 -0.018213
1.22516e-008 -0.00164003
1.226827e-008 -0.0150193
1.228494e-008 -0.031247
1.23016e-008 -0.0499779
1.231827e-008 -0.0408282
1.233494e-008 0.0113939
1.23516e-008 0.0373755
1.236827e-008 0.0135519
1.238494e-008 0.00112213
1.24016e-008 -0.00233057
1.241827e-008 -0.0239963
1.243494e-008 8.63176e-005
1.24516e-008 0.0721615
1.246827e-008 0.0629255
1.248494e-008 -0.0337502
1.25016e-008 -0.0559338
1.251827e-008 0.0300385
1.253494e-008 0.0816564
1.25516e-008 0.0319375
1.256827e-008 -0.044022
1.258494e-008 -0.0650835
1.26016e-008 -0.0182993
1.261827e-008 0.0434177
1.263494e-008 0.0558475
1.26516e-008 0.0334049
1.266827e-008 0.0378934
1.268494e-008 0.0624076
1.27016e-008 0.0512726
1.271827e-008 0.00466115
1.273494e-008 -0.022011
1.27516e-008 -8.63176e-005
1.276827e-008 0.0330596
1.278494e-008 0.0230468
1.28016e-008 -0.0123434
1.281827e-008 -0.0101855
1.283494e-008 0.0181267
1.28516e-008 0.016573
1.286827e-008 0.0063875
1.288494e-008 0.0225289
1.29016e-008 0.0220973
1.291827e-008 -0.0103581
1.293494e-008 -0.0189035
1.29516e-008 -0.00172635
1.296827e-008 0.00543801
1.298494e-008 0.020112
1.30016e-008 0.0298659
1.301827e-008 -0.00949493
1.303494e-008 -0.0305564
1.30516e-008 0.0315059
1.306827e-008 0.0592139
1.308494e-008 -0.0191625
1.31016e-008 -0.0552432
1.311827e-008 0.0119118
1.313494e-008 0.0340091
1.31516e-008 -0.0155372
1.316827e-008 -0.0149329
1.318494e-008 0.00647382
1.32016e-008 -0.0378934
1.321827e-008 -0.0578328
1.323494e-008 0.00664645
1.32516e-008 0.0307291
1.326827e-008 -0.0180404
1.328494e-008 -0.0120845
1.33016e-008 0.0417777
1.331827e-008 0.019853
1.333494e-008 -0.0441083
1.33516e-008 -0.0462662
1.336827e-008 -0.0299522
1.338494e-008 -0.0531716
1.34016e-008 -0.0541211
1.341827e-008 -0.0192488
1.343494e-008 -0.0321965
1.34516e-008 -0.0779448
1.346827e-008 -0.0616307
1.348494e-008 -0.0110486
1.35016e-008 -0.0171772
1.351827e-008 -0.058178
1.353494e-008 -0.0712983
1.35516e-008 -0.0634434
1.356827e-008 -0.0461799
1.358494e-008 -0.0281395
1.36016e-008 -0.0574875
1.361827e-008 -0.109537
1.363494e-008 -0.0712983
1.36516e-008 0.0304701
1.366827e-008 0.0337502
1.368494e-008 -0.0557612
1.37016e-008 -0.0783764
1.371827e-008 -0.0244279
1.373494e-008 -0.00664645
1.37516e-008 -0.0238237
1.376827e-008 -0.0156235
1.378494e-008 -0.00673277
1.38016e-008 -0.0248595
1.381827e-008 -0.0307291
1.383494e-008 -0.00267584
1.38516e-008 0.0279669
1.386827e-008 0.0269311
1.388494e-008 -0.00276216
1.39016e-008 -0.0145014
1.391827e-008 0.0151919
1.393494e-008 0.0377208
1.39516e-008 0.0251184
1.396827e-008 0.0207162
1.398494e-008 0.0342681
1.40016e-008 0.038325
1.401827e-008 0.05274
1.403494e-008 0.0707804
1.40516e-008 0.0356492
1.406827e-008 -0.00431588
1.408494e-008 0.0340091
1.41016e-008 0.0652561
1.411827e-008 0.00906335
1.413494e-008 -0.0205436
1.41516e-008 0.0290027
1.416827e-008 0.036426
1.418494e-008 -0.00431588
1.42016e-008 0.00975389
1.421827e-008 0.0367713
1.423494e-008 0.0203709
1.42516e-008 0.0416051
1.426827e-008 0.0996968
1.428494e-008 0.0911514
1.43016e-008 0.047302
1.431827e-008 0.039965
1.433494e-008 0.02555
1.43516e-008 0.0156235
1.436827e-008 0.0703488
1.438494e-008 0.096762
1.44016e-008 0.0246005
1.441827e-008 -0.0143287
1.443494e-008 0.0284848
1.44516e-008 0.0295206
1.446827e-008 -0.00630118
1.448494e-008 0.0151056
1.45016e-008 0.0436767
1.451827e-008 0.0398787
1.453494e-008 0.0731973
1.45516e-008 0.10712
1.456827e-008 0.0566243
1.458494e-008 0.00284848
1.46016e-008 0.0162277
1.461827e-008 0.0121708
1.463494e-008 -0.0269311
1.46516e-008 -0.0238237
1.466827e-008 -0.00716436
1.468494e-008 -0.0271037
1.47016e-008 -0.0281395
1.471827e-008 0.00483378
1.473494e-008 0.0126887
1.47516e-008 0.00155372
1.476827e-008 -0.000690541
1.478494e-008 -0.0169182
1.48016e-008 -0.0433314
1.481827e-008 -0.0631845
1.483494e-008 -0.0982294
1.48516e-008 -0.118255
1.486827e-008 -0.0677593
1.488494e-008 -0.00647382
1.49016e-008 -0.0132929
1.491827e-008 -0.0461799
1.493494e-008 -0.0564517
1.49516e-008 -0.0580054
1.496827e-008 -0.0464389
1.498494e-008 -0.0317649
1.50016e-008 -0.0535169
1.501827e-008 -0.0691404
1.503494e-008 -0.0240826
1.50516e-008 0.0178677
1.506827e-008 0.0126887
1.508494e-008 0.0106171
1.51016e-008 -0.000517905
1.511827e-008 -0.0428998
1.513494e-008 -0.0221836
1.51516e-008 0.067414
1.516827e-008 0.0722478
1.518494e-008 -0.0179541
1.52016e-008 -0.0632708
1.521827e-008 -0.0563654
1.523494e-008 -0.0490284
1.52516e-008 -0.00776858
1.526827e-008 0.0220973
1.528494e-008 -0.0425546
1.53016e-008 -0.093223
1.531827e-008 -0.0254637
1.533494e-008 0.0372892
1.53516e-008 0.0197667
1.536827e-008 0.0252047
1.538494e-008 0.0588686
1.54016e-008 0.0387566
1.541827e-008 0.00681909
1.543494e-008 0.00820017
1.54516e-008 0.00215794
1.546827e-008 0.0171772
1.548494e-008 0.0712983
1.55016e-008 0.0571422
1.551827e-008 -0.0189899
1.553494e-008 -0.00794122
1.55516e-008 0.0510137
1.556827e-008 0.0142424
1.558494e-008 -0.0404829
1.56016e-008 -0.00448851
1.561827e-008 0.0302975
1.563494e-008 0.0266721
1.56516e-008 0.0738878
1.566827e-008 0.118859
1.568494e-008 0.0611128
1.57016e-008 -0.00863176
1.571827e-008 -0.00526537
1.573494e-008 0.00164003
1.57516e-008 -0.00483378
1.576827e-008 0.0180404
1.578494e-008 0.013034
1.58016e-008 -0.0353039
1.581827e-008 -0.0151919
1.583494e-008 0.0722478
1.58516e-008 0.101941
1.586827e-008 0.0694856
1.588494e-008 0.0355628
1.59016e-008 -0.0207162
1.591827e-008 -0.0681046
1.593494e-008 -0.0197667
1.59516e-008 0.047302
1.596827e-008 0.00336639
1.598494e-008 -0.0687951
1.60016e-008 -0.0386703
1.601827e-008 0.0221836
1.603494e-008 0.016314
1.60516e-008 0.00517905
1.606827e-008 0.0424682
1.608494e-008 0.0574012
1.61016e-008 0.00233057
1.611827e-008 -0.0599044
1.613494e-008 -0.0613718
1.61516e-008 -0.025809
1.616827e-008 -0.0277079
1.618494e-008 -0.074751
1.62016e-008 -0.0953809
1.621827e-008 -0.0672414
1.623494e-008 -0.0431588
1.62516e-008 -0.0205436
1.626827e-008 0.0441083
1.628494e-008 0.094863
1.63016e-008 0.0605086
1.631827e-008 0.00975389
1.633494e-008 0.0214068
1.63516e-008 0.0449715
1.636827e-008 0.0367713
1.638494e-008 0.029348
1.64016e-008 0.0100992
1.641827e-008 -0.0375481
1.643494e-008 -0.0368576
1.64516e-008 0.0251184
1.646827e-008 0.0283122
1.648494e-008 -0.0377208
1.65016e-008 -0.0346997
1.651827e-008 0.0441946
1.653494e-008 0.0634434
1.65516e-008 0.00664645
1.656827e-008 -0.0245142
1.658494e-008 -0.0029348
1.66016e-008 0.0197667
1.661827e-008 0.00854544
1.663494e-008 -0.0290027
1.66516e-008 -0.0496326
1.666827e-008 -0.0355628
1.668494e-008 -0.0358218
1.67016e-008 -0.0539485
1.671827e-008 -0.0138108
1.673494e-008 0.0608539
1.67516e-008 0.0498052
1.676827e-008 -0.0264132
1.678494e-008 -0.0424682
1.68016e-008 -0.0029348
1.681827e-008 0.0171772
1.683494e-008 0.0270174
1.68516e-008 0.0269311
1.686827e-008 -0.0177814
1.688494e-008 -0.0480789
1.69016e-008 -0.00466115
1.691827e-008 0.0292617
1.693494e-008 -0.000258953
1.69516e-008 -0.00794122
1.696827e-008 0.0301248
1.698494e-008 0.0300385
1.70016e-008 -0.00448851
1.701827e-008 -0.0029348
1.703494e-008 0.0176088
1.70516e-008 0.0119118
1.706827e-008 -0.00647382
1.708494e-008 -0.034527
1.71016e-008 -0.0847639
1.711827e-008 -0.114371
1.713494e-008 -0.0830375
1.71516e-008 -0.0289164
1.716827e-008 -0.00569696
1.718494e-008 -0.012775
1.72016e-008 -0.0158824
1.721827e-008 0.00630118
1.723494e-008 0.0373755
1.72516e-008 0.0403966
1.726827e-008 0.00561064
1.728494e-008 -0.0401377
1.73016e-008 -0.0554159
1.731827e-008 -0.014415
1.733494e-008 0.038325
1.73516e-008 0.0249458
1.736827e-008 -0.0194215
1.738494e-008 0.00647382
1.74016e-008 0.052999
1.741827e-008 0.00725068
1.743494e-008 -0.054898
1.74516e-008 -0.0250321
1.746827e-008 -0.00207162
1.748494e-008 -0.0554159
1.75016e-008 -0.047561
1.751827e-008 0.0493737
1.753494e-008 0.0637024
1.75516e-008 -0.0135519
1.756827e-008 -0.0221836
1.758494e-008 0.0273627
1.76016e-008 0.0219247
1.761827e-008 -0.000258953
1.763494e-008 0.0233921
1.76516e-008 0.0419503
1.766827e-008 0.0376345
1.768494e-008 0.0460073
1.77016e-008 0.0334912
1.771827e-008 -0.0193351
1.773494e-008 -0.0438493
1.77516e-008 -0.0233921
1.776827e-008 -0.0143287
1.778494e-008 -0.0189899
1.78016e-008 -0.0213204
1.781827e-008 -0.0459209
1.783494e-008 -0.0618034
1.78516e-008 -0.0106171
1.786827e-008 0.045403
1.788494e-008 0.0210615
1.79016e-008 -0.0208025
1.791827e-008 0.000949493
1.793494e-008 0.0286574
1.79516e-008 0.000949493
1.796827e-008 -0.0290027
1.798494e-008 -0.0191625
1.80016e-008 -0.0137245
1.801827e-008 -0.0331459
1.803494e-008 -0.0297796
1.80516e-008 0.00992652
1.806827e-008 0.0283122
1.808494e-008 0.00405693
1.81016e-008 0.00258953
1.811827e-008 0.0540348
1.813494e-008 0.0752689
1.81516e-008 0.0149329
1.816827e-008 -0.0327144
1.818494e-008 0.00578328
1.82016e-008 0.0419503
1.821827e-008 -0.00129476
1.823494e-008 -0.0467841
1.82516e-008 -0.0290027
1.826827e-008 -0.0063875
1.828494e-008 -0.0107897
1.83016e-008 0.00103581
1.831827e-008 0.010876
1.833494e-008 -0.0242552
1.83516e-008 -0.0413461
1.836827e-008 0.0100128
1.838494e-008 0.0384113
1.84016e-008 -0.0106171
1.841827e-008 -0.0386703
1.843494e-008 -0.000949493
1.84516e-008 0.0102718
1.846827e-008 -0.0260679
1.848494e-008 -0.0278806
1.85016e-008 0.000863176
1.851827e-008 -0.00707804
1.853494e-008 -0.0310743
1.85516e-008 -0.0251184
1.856827e-008 -0.0154508
1.858494e-008 -0.0205436
1.86016e-008 -0.0172635
1.861827e-008 -0.0123434
1.863494e-008 -0.0195941
1.86516e-008 -0.012775
1.866827e-008 0.0120845
1.868494e-008 0.0219247
1.87016e-008 0.0159688
1.871827e-008 0.0148466
1.873494e-008 0.0176951
1.87516e-008 0.0222699
1.876827e-008 0.0232194
1.878494e-008 0.0100128
1.88016e-008 0.00681909
1.881827e-008 0.0258953
1.883494e-008 0.00966757
1.88516e-008 -0.0428998
1.886827e-008 -0.0260679
1.888494e-008 0.0568833
1.89016e-008 0.0611992
1.891827e-008 -0.0201983
1.893494e-008 -0.0462662
1.89516e-008 -0.0034527
1.896827e-008 0.0113076
1.898494e-008 -0.00535169
1.90016e-008 -0.0123434
1.901827e-008 -0.0183856
1.903494e-008 -0.0143287
1.90516e-008 0.0110486
1.906827e-008 0.0202846
1.908494e-008 0.0232194
1.91016e-008 0.0617171
1.911827e-008 0.0690541
1.913494e-008 -0.0106171
1.91516e-008 -0.0580054
1.916827e-008 0.00457483
1.918494e-008 0.0449715
1.92016e-008 -0.0121708
1.921827e-008 -0.0348723
1.923494e-008 0.0487694
1.92516e-008 0.116615
1.926827e-008 0.0763047
1.928494e-008 -0.00250321
1.93016e-008 -0.0267584
1.931827e-008 -0.00604223
1.933494e-008 0.00552432
1.93516e-008 0.00914966
1.936827e-008 0.0268448
1.938494e-008 0.025809
1.94016e-008 -0.00854544
1.941827e-008 -0.0101855
1.943494e-008 0.032887
1.94516e-008 0.0377208
1.946827e-008 0.00164003
1.948494e-008 -0.00224426
1.95016e-008 0.00155372
1.951827e-008 -0.0261542
1.953494e-008 -0.014415
1.95516e-008 0.0431588
1.956827e-008 0.038584
1.958494e-008 -0.0102718
1.96016e-008 0.00707804
1.961827e-008 0.0449715
1.963494e-008 0.0126887
1.96516e-008 -0.0194215
1.966827e-008 0.016573
1.968494e-008 0.0486831
1.97016e-008 0.0279669
1.971827e-008 -8.63176e-005
1.973494e-008 0.000431588
1.97516e-008 0.0260679
1.976827e-008 0.0432451
1.978494e-008 0.0106171
1.98016e-008 -0.0395334
1.981827e-008 -0.0484242
1.983494e-008 -0.0441946
1.98516e-008 -0.0442809
1.986827e-008 0.00448851
1.988494e-008 0.0547253
1.99016e-008 0.0151056
1.991827e-008 -0.0157961
1.993494e-008 0.0634434
1.99516e-008 0.115234
1.996827e-008 0.0561927
1.998494e-008 0.0296932
2.00016e-008 0.0613718
2.001827e-008 0.0211478
2.003494e-008 -0.039965
2.00516e-008 -0.0063875
2.006827e-008 0.0277079
2.008494e-008 -0.0185583
2.01016e-008 -0.0446262
2.011827e-008 -0.0150193
2.013494e-008 0.00940862
2.01516e-008 0.0451441
2.016827e-008 0.0809659
2.018494e-008 0.0359944
2.02016e-008 -0.0252047
2.021827e-008 0.0121708
2.023494e-008 0.0531716
2.02516e-008 -0.00509274
2.026827e-008 -0.0450578
2.028494e-008 0.00526537
2.03016e-008 0.0204573
2.031827e-008 -0.0373755
2.033494e-008 -0.0469568
2.03516e-008 0.00742331
2.036827e-008 0.021752
2.038494e-008 -0.00975389
2.04016e-008 -0.00621487
2.041827e-008 0.0277079
2.043494e-008 0.0238237
2.04516e-008 -0.00336639
2.046827e-008 0.00768226
2.048494e-008 0.0196804
2.05016e-008 -0.0302975
2.051827e-008 -0.0654287
2.053494e-008 -0.0078549
2.05516e-008 0.0395334
2.056827e-008 -0.0014674
2.058494e-008 -0.02555
2.06016e-008 0.00258953
2.061827e-008 -0.0138108
2.063494e-008 -0.0302975
2.06516e-008 0.0483378
2.066827e-008 0.100301
2.068494e-008 0.0264132
2.07016e-008 -0.0264132
2.071827e-008 0.00647382
2.073494e-008 -0.0140698
2.07516e-008 -0.0880439
2.076827e-008 -0.0833828
2.078494e-008 -0.0238237
2.08016e-008 0.00949493
2.081827e-008 0.0311606
2.083494e-008 0.0229605
2.08516e-008 -0.0340954
2.086827e-008 -0.041864
2.088494e-008 0.0222699
2.09016e-008 0.0359081
2.091827e-008 -0.00914966
2.093494e-008 -0.0201983
2.09516e-008 -0.0196804
2.096827e-008 -0.0390155
2.098494e-008 -0.021752
2.10016e-008 0.00414324
2.101827e-008 -0.0253774
2.103494e-008 -0.0375481
2.10516e-008 0.00759595
2.106827e-008 0.0162277
2.108494e-008 -0.00975389
2.11016e-008 0.00940862
2.111827e-008 0.0211478
2.113494e-008 -0.0153645
2.11516e-008 -0.00310743
2.116827e-008 0.0535169
2.118494e-008 0.0322828
2.12016e-008 -0.0395334
2.121827e-008 -0.0498052
2.123494e-008 -0.00863176
2.12516e-008 0.0359081
2.126827e-008 0.0624076
2.128494e-008 0.0243416
2.13016e-008 -0.0430725
2.131827e-008 -0.0278806
2.133494e-008 0.0283985
2.13516e-008 0.00284848
2.136827e-008 -0.0509274
2.138494e-008 -0.0430725
2.14016e-008 -0.0362534
2.141827e-008 -0.0536895
2.143494e-008 -0.0193351
2.14516e-008 0.0290027
2.146827e-008 0.00673277
2.148494e-008 -0.0234784
2.15016e-008 0.00794122
2.151827e-008 0.0411735
2.153494e-008 0.0258953
2.15516e-008 -0.0208889
2.156827e-008 -0.0798438
2.158494e-008 -0.102373
2.16016e-008 -0.0521358
2.161827e-008 0.0058696
2.163494e-008 0.0190762
2.16516e-008 0.0382387
2.166827e-008 0.0751826
2.168494e-008 0.0724204
2.17016e-008 0.0378071
2.171827e-008 0.00940862
2.173494e-008 -0.0189899
2.17516e-008 -0.0203709
2.176827e-008 0.02719
2.178494e-008 0.0392745
2.18016e-008 -0.0227015
2.181827e-008 -0.0512726
2.183494e-008 -0.0120845
2.18516e-008 -0.00474747
2.186827e-008 -0.0372029
2.188494e-008 -0.0316785
2.19016e-008 -0.00664645
2.191827e-008 -0.00189899
2.193494e-008 0.0231331
2.19516e-008 0.0630981
2.196827e-008 0.05274
2.198494e-008 0.0128613
2.20016e-008 0.00276216
2.201827e-008 0.00233057
2.203494e-008 -0.0102718
2.20516e-008 -0.0124297
2.206827e-008 -0.0276216
2.208494e-008 -0.0789806
2.21016e-008 -0.0912377
2.211827e-008 -0.0195941
2.213494e-008 0.0370302
2.21516e-008 0.00889071
2.216827e-008 -0.0208025
2.218494e-008 0.0148466
2.22016e-008 0.0537758
2.221827e-008 0.0439356
2.223494e-008 0.0188172
2.22516e-008 -0.00431588
2.226827e-008 -0.0353039
2.228494e-008 -0.0350449
2.23016e-008 0.00949493
2.231827e-008 0.0137245
2.233494e-008 -0.0463525
2.23516e-008 -0.0525674
2.236827e-008 0.0354765
2.238494e-008 0.0904608
2.24016e-008 0.0598181
2.241827e-008 0.0431588
2.243494e-008 0.0654287
2.24516e-008 0.0486831
2.246827e-008 0.00241689
2.248494e-008 -0.00776858
2.25016e-008 -0.00595591
2.251827e-008 -0.030988
2.253494e-008 -0.0477336
2.25516e-008 -0.038584
2.256827e-008 -0.0335775
2.258494e-008 -0.0351313
2.26016e-008 -0.0378934
2.261827e-008 -0.0479063
2.263494e-008 -0.023651
2.26516e-008 0.0592139
2.266827e-008 0.106084
2.268494e-008 0.0435904
2.27016e-008 -0.0350449
2.271827e-008 -0.0331459
2.273494e-008 -0.00621487
2.27516e-008 -0.0218383
2.276827e-008 -0.0447125
2.278494e-008 -0.0408282
2.28016e-008 -0.0285711
2.281827e-008 -0.0120845
2.283494e-008 0.00543801
2.28516e-008 -0.00448851
2.286827e-008 -0.0268448
2.288494e-008 -0.0058696
2.29016e-008 0.0443672
2.291827e-008 0.0541211
2.293494e-008 0.0210615
2.29516e-008 -0.000863176
2.296827e-008 -0.0014674
2.298494e-008 -0.00164003
2.30016e-008 0.00034527
2.301827e-008 -0.00474747
2.303494e-008 -0.0432451
2.30516e-008 -0.0822606
2.306827e-008 -0.0514453
2.308494e-008 0.0261542
2.31016e-008 0.0480789
2.311827e-008 0.00328007
2.313494e-008 -0.00621487
2.31516e-008 0.0511863
2.316827e-008 0.0774269
2.318494e-008 0.0181267
2.32016e-008 -0.0492873
2.321827e-008 -0.0589549
2.323494e-008 -0.0472157
2.32516e-008 -0.0472157
2.326827e-008 -0.0343544
2.328494e-008 -0.0118255
2.33016e-008 -0.0132066
2.331827e-008 -0.0124297
2.333494e-008 0.0314196
2.33516e-008 0.0679319
2.336827e-008 0.0272764
2.338494e-008 -0.0500642
2.34016e-008 -0.0740605
2.341827e-008 -0.0406556
2.343494e-008 -0.0119981
2.34516e-008 -0.0104444
2.346827e-008 -0.00699172
2.348494e-008 0.0105307
2.35016e-008 0.0225289
2.351827e-008 0.0301248
2.353494e-008 0.0542938
2.35516e-008 0.0675003
2.356827e-008 0.0253774
2.358494e-008 -0.0234784
2.36016e-008 -0.00405693
2.361827e-008 0.0333186
2.363494e-008 0.00897703
2.36516e-008 -0.0214931
2.366827e-008 0.00863176
2.368494e-008 0.0404829
2.37016e-008 0.0332323
2.371827e-008 0.0309017
2.373494e-008 0.0195941
2.37516e-008 -0.036426
2.376827e-008 -0.0669824
2.378494e-008 -0.0305564
2.38016e-008 -0.00526537
2.381827e-008 -0.00776858
2.383494e-008 0.0180404
2.38516e-008 0.0337502
2.386827e-008 0.00690541
2.388494e-008 0.0195941
2.39016e-008 0.0613718
2.391827e-008 0.0140698
2.393494e-008 -0.0686225
2.39516e-008 -0.0493737
2.396827e-008 0.00828649
2.398494e-008 0.00820017
2.40016e-008 0.0204573
2.401827e-008 0.0574875
2.403494e-008 0.0243416
2.40516e-008 -0.0233921
2.406827e-008 0.0193351
2.408494e-008 0.0624076
2.41016e-008 0.0257226
2.411827e-008 0.0063875
2.413494e-008 0.0237373
2.41516e-008 -0.0229605
2.416827e-008 -0.0895113
2.418494e-008 -0.0648245
2.42016e-008 -0.00578328
2.421827e-008 0.00138108
2.423494e-008 -0.00224426
2.42516e-008 0.012516
2.426827e-008 0.0153645
2.428494e-008 0.0159688
2.43016e-008 0.0140698
2.431827e-008 -0.0257226
2.433494e-008 -0.0591275
2.43516e-008 -0.0283122
2.436827e-008 -0.00716436
2.438494e-008 -0.0525674
2.44016e-008 -0.0650835
2.441827e-008 -0.000258953
2.443494e-008 0.0223563
2.44516e-008 -0.0269311
2.446827e-008 -0.0107897
2.448494e-008 0.0927051
2.45016e-008 0.126369
2.451827e-008 0.0428135
2.453494e-008 -0.0170046
2.45516e-008 0.0150193
2.456827e-008 0.0414324
2.458494e-008 0.0044022
2.46016e-008 -0.0328007
2.461827e-008 -0.0356492
2.463494e-008 -0.0386703
2.46516e-008 -0.0361671
2.466827e-008 0.000604223
2.468494e-008 0.0278806
2.47016e-008 -0.00181267
2.471827e-008 -0.0353902
2.473494e-008 -0.00820017
2.47516e-008 0.0397061
2.476827e-008 0.0367713
2.478494e-008 -0.0029348
2.48016e-008 -0.0203709
2.481827e-008 -0.0107034
2.483494e-008 -0.00742331
2.48516e-008 -0.00716436
2.486827e-008 0.00880439
2.488494e-008 0.0116529
2.49016e-008 -0.0212341
2.491827e-008 -0.0391019
2.493494e-008 -0.0103581
2.49516e-008 0.00820017
2.496827e-008 -0.00690541
2.498494e-008 0.00828649
2.50016e-008 0.054898
2.501827e-008 0.0420367
2.503494e-008 -0.0430725
2.50516e-008 -0.103754
2.506827e-008 -0.0794985
2.508494e-008 -0.00845912
2.51016e-008 0.0287438
2.511827e-008 -0.00422956
2.513494e-008 -0.0446262
2.51516e-008 -0.0270174
2.516827e-008 -0.00690541
2.518494e-008 -0.0397924
2.52016e-008 -0.0467841
2.521827e-008 0.014674
2.523494e-008 0.0439356
2.52516e-008 0.0101855
2.526827e-008 -0.000863176
2.528494e-008 0.000863176
2.53016e-008 -0.0405693
2.531827e-008 -0.0535169
2.533494e-008 0.00224426
2.53516e-008 0.0195941
2.536827e-008 -0.020112
2.538494e-008 -0.00794122
2.54016e-008 0.0334912
2.541827e-008 0.00535169
2.543494e-008 -0.0251184
2.54516e-008 0.0302112
2.546827e-008 0.0684498
2.548494e-008 0.00034527
2.55016e-008 -0.0630981
2.551827e-008 -0.0230468
2.553494e-008 0.0337502
2.55516e-008 0.0112213
2.556827e-008 -0.0343544
2.558494e-008 -0.0210615
2.56016e-008 0.0093223
2.561827e-008 -0.0126887
2.563494e-008 -0.0457483
2.56516e-008 -0.0292617
2.566827e-008 -0.00820017
2.568494e-008 -0.0291753
2.57016e-008 -0.0451441
2.571827e-008 -0.0348723
2.573494e-008 -0.0416051
2.57516e-008 -0.0443672
2.576827e-008 0.0063875
2.578494e-008 0.0580917
2.58016e-008 0.0463525
2.581827e-008 0.00768226
2.583494e-008 -0.012775
2.58516e-008 -0.0143287
2.586827e-008 0.0152782
2.588494e-008 0.0580054
2.59016e-008 0.0468704
2.591827e-008 -0.0124297
2.593494e-008 -0.0393608
2.59516e-008 -0.0123434
2.596827e-008 0.0288301
2.598494e-008 0.0445399
2.60016e-008 -0.00155372
2.601827e-008 -0.0791532
2.603494e-008 -0.0802753
2.60516e-008 8.63176e-005
2.606827e-008 0.0348723
2.608494e-008 -0.00164003
2.61016e-008 -0.00966757
2.611827e-008 0.0214068
2.613494e-008 0.0170909
2.61516e-008 -0.0251184
2.616827e-008 -0.0580917
2.618494e-008 -0.0611992
2.62016e-008 -0.0299522
2.621827e-008 0.0109623
2.623494e-008 0.0264132
2.62516e-008 0.0353902
2.626827e-008 0.0523084
2.628494e-008 0.0338365
2.63016e-008 -0.0083728
2.631827e-008 -0.00414324
2.633494e-008 0.0179541
2.63516e-008 -0.0200257
2.636827e-008 -0.0815701
2.638494e-008 -0.0943451
2.64016e-008 -0.0645655
2.641827e-008 -0.0159688
2.643494e-008 0.0177814
2.64516e-008 -0.0171772
2.646827e-008 -0.069313
2.648494e-008 -0.0302112
2.65016e-008 0.040224
2.651827e-008 0.0170046
2.653494e-008 -0.030988
2.65516e-008 0.00328007
2.656827e-008 0.0433314
2.658494e-008 0.0149329
2.66016e-008 -0.018472
2.661827e-008 -0.0309017
2.663494e-008 -0.0518769
2.66516e-008 -0.0362534
2.666827e-008 0.0257226
2.668494e-008 0.0315059
2.67016e-008 -0.0258953
2.671827e-008 -0.0239963
2.673494e-008 0.0390155
2.67516e-008 0.0473883
2.676827e-008 0.00768226
2.678494e-008 0.011135
2.68016e-008 0.0318512
2.681827e-008 0.00224426
2.683494e-008 -0.0185583
2.68516e-008 0.0392745
2.686827e-008 0.0882166
2.688494e-008 0.0317649
2.69016e-008 -0.0410872
2.691827e-008 -0.0150193
2.693494e-008 0.031247
2.69516e-008 -0.0154508
2.696827e-008 -0.084246
2.698494e-008 -0.0737152
2.70016e-008 -0.034527
2.701827e-008 -0.0224426
2.703494e-008 0.00535169
2.70516e-008 0.0414324
2.706827e-008 0.0227878
2.708494e-008 -0.00897703
2.71016e-008 0.0172635
2.711827e-008 0.0391019
2.713494e-008 -0.0138971
2.71516e-008 -0.0668961
2.716827e-008 -0.044022
2.718494e-008 -0.00181267
2.72016e-008 0.00224426
2.721827e-008 0.0106171
2.723494e-008 0.0484242
2.72516e-008 0.0557612
2.726827e-008 0.0116529
2.728494e-008 -0.00578328
2.73016e-008 0.0397924
2.731827e-008 0.0620623
2.733494e-008 0.00621487
2.73516e-008 -0.0410872
2.736827e-008 -0.00802753
2.738494e-008 0.0311606
2.74016e-008 0.00120845
2.741827e-008 -0.0327144
2.743494e-008 0.0078549
2.74516e-008 0.0643929
2.746827e-008 0.0431588
2.748494e-008 -0.0207162
2.75016e-008 -0.0288301
2.751827e-008 0.00561064
2.753494e-008 -0.00267584
2.75516e-008 -0.0367713
2.756827e-008 -0.0221836
2.758494e-008 0.00656014
2.76016e-008 -0.012775
2.761827e-008 -0.0270174
2.763494e-008 -0.00215794
2.76516e-008 -0.0107897
2.766827e-008 -0.0411735
2.768494e-008 0.00207162
2.77016e-008 0.0574012
2.771827e-008 0.00897703
2.773494e-008 -0.0542938
2.77516e-008 -0.022011
2.776827e-008 0.0157098
2.778494e-008 -0.00630118
2.78016e-008 -0.00958125
2.781827e-008 0
2.783494e-008 -0.0455757
2.78516e-008 -0.0755279
2.786827e-008 -0.0207162
2.788494e-008 0.0375481
2.79016e-008 0.0493737
2.791827e-008 0.0518769
2.793494e-008 0.0334912
2.79516e-008 0.00224426
2.796827e-008 0.0251184
2.798494e-008 0.0503231
2.80016e-008 -0.019853
2.801827e-008 -0.096503
2.803494e-008 -0.067673
2.80516e-008 -0.0128613
2.806827e-008 -0.00526537
2.808494e-008 0.000776858
2.81016e-008 0.000172635
2.811827e-008 -0.0204573
2.813494e-008 0.0136382
2.81516e-008 0.0719889
2.816827e-008 0.025291
2.818494e-008 -0.0618897
2.82016e-008 -0.0435041
2.821827e-008 0.000431588
2.823494e-008 -0.0406556
2.82516e-008 -0.0665508
2.826827e-008 -0.0133792
2.828494e-008 0.0211478
2.83016e-008 0.0226152
2.831827e-008 0.0601633
2.833494e-008 0.0908924
2.83516e-008 0.0571422
2.836827e-008 0.016573
2.838494e-008 0.0145014
2.84016e-008 0.0246868
2.841827e-008 0.0289164
2.843494e-008 0.0105307
2.84516e-008 -0.0336639
2.846827e-008 -0.0378934
2.848494e-008 0.0246005
2.85016e-008 0.056538
2.851827e-008 0.000949493
2.853494e-008 -0.0595591
2.85516e-008 -0.0498916
2.856827e-008 0.00561064
2.858494e-008 0.0441946
2.86016e-008 0.0301248
2.861827e-008 -0.00474747
2.863494e-008 -0.0049201
2.86516e-008 0.010876
2.866827e-008 0.0113939
2.868494e-008 0.0404829
2.87016e-008 0.0765637
2.871827e-008 0.0143287
2.873494e-008 -0.0826059
2.87516e-008 -0.0479926
2.876827e-008 0.0445399
2.878494e-008 0.0237373
2.88016e-008 -0.0322828
2.881827e-008 0.00224426
2.883494e-008 0.0479063
2.88516e-008 0.0512726
2.886827e-008 0.0693993
2.888494e-008 0.0568833
2.89016e-008 -0.014674
2.891827e-008 -0.00992652
2.893494e-008 0.0681909
2.89516e-008 0.0315922
2.896827e-008 -0.0794985
2.898494e-008 -0.0642203
2.90016e-008 0.0158824
2.901827e-008 0.00328007
2.903494e-008 -0.0273627
2.90516e-008 -0.00103581
2.906827e-008 -0.00750963
2.908494e-008 -0.042123
2.91016e-008 -0.011135
2.911827e-008 0.0329733
2.913494e-008 0.00845912
2.91516e-008 -0.0334049
2.916827e-008 -0.0464389
2.918494e-008 -0.038584
2.92016e-008 -0.00164003
2.921827e-008 0.0131203
2.923494e-008 -0.0542938
2.92516e-008 -0.0920145
2.926827e-008 0.00578328
2.928494e-008 0.0989199
2.93016e-008 0.0579191
2.931827e-008 -0.00845912
2.933494e-008 -0.0107034
2.93516e-008 -0.0121708
2.936827e-008 -0.016314
2.938494e-008 0.0251184
2.94016e-008 0.0472157
2.941827e-008 -0.00914966
2.943494e-008 -0.0618897
2.94516e-008 -0.0397924
2.946827e-008 0.00120845
2.948494e-008 -0.0126024
2.95016e-008 -0.0599907
2.951827e-008 -0.0561064
2.953494e-008 0.00906335
2.95516e-008 0.029348
2.956827e-008 -0.0277079
2.958494e-008 -0.0390155
2.96016e-008 0.0248595
2.961827e-008 0.0332323
2.963494e-008 -0.016314
2.96516e-008 0
2.966827e-008 0.0415188
2.968494e-008 0.00207162
2.97016e-008 -0.0431588
2.971827e-008 -0.0157098
2.973494e-008 0.0107034
2.97516e-008 0.00811385
2.976827e-008 0.019853
2.978494e-008 0.00310743
2.98016e-008 -0.0508411
2.981827e-008 -0.0407419
2.983494e-008 0.0170046
2.98516e-008 0.00750963
2.986827e-008 -0.0283122
2.988494e-008 -0.00794122
2.99016e-008 0.000604223
2.991827e-008 -0.0272764
2.993494e-008 0.00310743
2.99516e-008 0.0616307
2.996827e-008 0.031247
2.998494e-008 -0.0465252
3.00016e-008 -0.071212
3.001827e-008 -0.0596454
3.003494e-008 -0.0395334
3.00516e-008 0.00129476
3.006827e-008 0.0209752
3.008494e-008 -0.00992652
3.01016e-008 -0.0278806
3.011827e-008 0.0100992
3.013494e-008 0.0687088
3.01516e-008 0.109451
3.016827e-008 0.105912
3.018494e-008 0.0501505
3.02016e-008 -0.00871807
3.021827e-008 -0.0200257
3.023494e-008 0.00699172
3.02516e-008 0.0416914
3.026827e-008 0.0406556
3.028494e-008 -0.0286574
3.03016e-008 -0.0921872
3.031827e-008 -0.0576601
3.033494e-008 -0.0014674
3.03516e-008 -0.0267584
3.036827e-008 -0.05274
3.038494e-008 0.00129476
3.04016e-008 0.051359
3.041827e-008 0.0488557
3.043494e-008 0.0471294
3.04516e-008 0.0285711
3.046827e-008 -0.0327144
3.048494e-008 -0.0536895
3.05016e-008 -0.0117392
3.051827e-008 0.00431588
3.053494e-008 -0.00647382
3.05516e-008 0.00716436
3.056827e-008 8.63176e-005
3.058494e-008 -0.0377208
3.06016e-008 -0.0258953
3.061827e-008 0.00431588
3.063494e-008 -0.0346997
3.06516e-008 -0.0659466
3.066827e-008 -0.00517905
3.068494e-008 0.0424682
3.07016e-008 0.00362534
3.071827e-008 -0.02555
3.073494e-008 -0.00310743
3.07516e-008 0.00630118
3.076827e-008 0.00733699
3.078494e-008 0.0294343
3.08016e-008 0.0179541
3.081827e-008 -0.0368576
3.083494e-008 -0.0466978
3.08516e-008 -0.00155372
3.086827e-008 0.0114802
3.088494e-008 -0.0177814
3.09016e-008 -0.0175225
3.091827e-008 0.0227878
3.093494e-008 0.0479063
3.09516e-008 0.0346133
3.096827e-008 0.0142424
3.098494e-008 0.0178677
3.10016e-008 0.0283122
3.101827e-008 -0.0019853
3.103494e-008 -0.0617171
3.10516e-008 -0.0683635
3.106827e-008 -0.00233057
3.108494e-008 0.0423819
3.11016e-008 0.0216657
3.111827e-008 0.0129476
3.113494e-008 0.0424682
3.11516e-008 0.0258953
3.116827e-008 -0.0425546
3.118494e-008 -0.056797
3.12016e-008 -0.00362534
3.121827e-008 0.0228742
3.123494e-008 0.00371166
3.12516e-008 -0.0126024
3.126827e-008 -0.0209752
3.128494e-008 -0.0137245
3.13016e-008 0.0304701
3.131827e-008 0.0483378
3.133494e-008 -0.0176088
3.13516e-008 -0.0723341
3.136827e-008 -0.029348
3.138494e-008 0.0232194
3.14016e-008 0.00811385
3.141827e-008 -0.00526537
3.143494e-008 0.0235647
3.14516e-008 0.0346133
3.146827e-008 0.0153645
3.148494e-008 0.00716436
3.15016e-008 0.0034527
3.151827e-008 -0.0124297
3.153494e-008 -0.0162277
3.15516e-008 -0.00034527
3.156827e-008 0.00914966
3.158494e-008 -0.00353902
3.16016e-008 -0.0296932
3.161827e-008 -0.0340091
3.163494e-008 0.0117392
3.16516e-008 0.0628392
3.166827e-008 0.0496326
3.168494e-008 -0.00725068
3.17016e-008 -0.038584
3.171827e-008 -0.0406556
3.173494e-008 -0.0435041
3.17516e-008 -0.043763
3.176827e-008 -0.0321965
3.178494e-008 -0.0159688
3.18016e-008 0.00155372
3.181827e-008 0.0180404
3.183494e-008 0.0287438
3.18516e-008 0.0265858
3.186827e-008 0.00207162
3.188494e-008 -0.0195078
3.19016e-008 0.00448851
3.191827e-008 0.034527
3.193494e-008 8.63176e-005
3.19516e-008 -0.0463525
3.196827e-008 -0.0283122
3.198494e-008 -0.00794122
3.20016e-008 -0.030988
3.201827e-008 -0.0182993
3.203494e-008 0.0181267
3.20516e-008 -0.0277079
3.206827e-008 -0.0881302
3.208494e-008 -0.0352176
3.21016e-008 0.036426
3.211827e-008 0.00552432
3.213494e-008 -0.0350449
3.21516e-008 -0.00112213
3.216827e-008 0.0386703
3.218494e-008 0.0450578
3.22016e-008 0.0325417
3.221827e-008 -0.00992652
3.223494e-008 -0.0318512
3.22516e-008 0.0204573
3.226827e-008 0.0435041
3.228494e-008 -0.0307291
3.23016e-008 -0.0665508
3.231827e-008 -0.0122571
3.233494e-008 -0.0101855
3.23516e-008 -0.0713846
3.236827e-008 -0.0658603
3.238494e-008 -0.0199394
3.24016e-008 -0.0259816
3.241827e-008 -0.0315922
3.243494e-008 -0.000172635
3.24516e-008 0.000172635
3.246827e-008 -0.0150193
3.248494e-008 0.0247731
3.25016e-008 0.0712983
3.251827e-008 0.0541211
3.253494e-008 0.00906335
3.25516e-008 -0.0132066
3.256827e-008 -0.0049201
3.258494e-008 0.0250321
3.26016e-008 0.0346133
3.261827e-008 0.00725068
3.263494e-008 0.00500642
3.26516e-008 0.038325
3.266827e-008 0.0370302
3.268494e-008 0.018472
3.27016e-008 0.0407419
3.271827e-008 0.0393608
3.273494e-008 -0.0227015
3.27516e-008 -0.0359081
3.276827e-008 0.0166593
3.278494e-008 0.0113939
3.28016e-008 -0.0410872
3.281827e-008 -0.0353902
3.283494e-008 -0.0105307
3.28516e-008 -0.0269311
3.286827e-008 -0.0225289
3.288494e-008 0.00509274
3.29016e-008 -0.0134655
3.291827e-008 -0.0252047
3.293494e-008 0.0224426
3.29516e-008 0.0317649
3.296827e-008 -0.0126024
3.298494e-008 0.0129476
3.30016e-008 0.0699172
3.301827e-008 0.0191625
3.303494e-008 -0.058437
3.30516e-008 -0.0276216
3.306827e-008 0.020112
3.308494e-008 -0.00569696
3.31016e-008 -0.0112213
3.311827e-008 0.0318512
3.313494e-008 0.0243416
3.31516e-008 -0.0260679
3.316827e-008 -0.0376345
3.318494e-008 -0.0205436
3.32016e-008 0.000949493
3.321827e-008 0.0313333
3.323494e-008 0.0189035
3.32516e-008 -0.0410008
3.326827e-008 -0.0351313
3.328494e-008 0.0466115
3.33016e-008 0.0678456
3.331827e-008 0.0129476
3.333494e-008 -0.0121708
3.33516e-008 -0.00630118
3.336827e-008 -0.0132066
3.338494e-008 0.00241689
3.34016e-008 0.0224426
3.341827e-008 -0.0307291
3.343494e-008 -0.100646
3.34516e-008 -0.0774269
3.346827e-008 -0.0105307
3.348494e-008 0.00189899
3.35016e-008 -0.0158824
3.351827e-008 -0.0134655
3.353494e-008 -0.000258953
3.35516e-008 0.0103581
3.356827e-008 0.00656014
3.358494e-008 -0.0233921
3.36016e-008 -0.0435904
3.361827e-008 -0.025809
3.363494e-008 -0.00914966
3.36516e-008 -0.0100992
3.366827e-008 0.000172635
3.368494e-008 -0.00233057
3.37016e-008 -0.0378071
3.371827e-008 -0.0315922
3.373494e-008 0.0423819
3.37516e-008 0.0720752
3.376827e-008 0.00112213
3.378494e-008 -0.0687951
3.38016e-008 -0.0532579
3.381827e-008 0.00129476
3.383494e-008 0.0119981
3.38516e-008 -0.0308154
3.386827e-008 -0.0561927
3.388494e-008 -0.0160551
3.39016e-008 0.0237373
3.391827e-008 -0.0116529
3.393494e-008 -0.0639613
3.39516e-008 -0.0497189
3.396827e-008 -0.00750963
3.398494e-008 0.0058696
3.40016e-008 0.0207162
3.401827e-008 0.04946
3.403494e-008 0.0431588
3.40516e-008 0.00267584
3.406827e-008 -0.012775
3.408494e-008 0.0083728
3.41016e-008 0.0162277
3.411827e-008 -0.0170909
3.413494e-008 -0.05274
3.41516e-008 -0.0429862
3.416827e-008 -0.0175225
3.418494e-008 -0.0323691
3.42016e-008 -0.0471294
3.421827e-008 0.0019853
3.423494e-008 0.058437
3.42516e-008 0.0552432
3.426827e-008 0.0441946
3.428494e-008 0.0534306
3.43016e-008 0.0262405
3.431827e-008 -0.00768226
3.433494e-008 0.0231331
3.43516e-008 0.0444536
3.436827e-008 -0.0115666
3.438494e-008 -0.0341818
3.44016e-008 0.0253774
3.441827e-008 0.0398787
3.443494e-008 -0.00362534
3.44516e-008 0.0194215
3.446827e-008 0.0705215
3.448494e-008 0.0297796
3.45016e-008 -0.0265858
3.451827e-008 0.00578328
3.453494e-008 0.0365987
3.45516e-008 -0.00414324
3.456827e-008 -0.0254637
3.458494e-008 0.00543801
3.46016e-008 0.0115666
3.461827e-008 -0.0098402
3.463494e-008 -0.0110486
3.46516e-008 -0.00759595
3.466827e-008 -0.00371166
3.468494e-008 0.0298659
3.47016e-008 0.0515316
3.471827e-008 0.0171772
3.473494e-008 -0.0124297
3.47516e-008 0.00103581
3.476827e-008 -0.00794122
3.478494e-008 -0.0555885
3.48016e-008 -0.0763047
3.481827e-008 -0.0610265
3.483494e-008 -0.0373755
3.48516e-008 0.0029348
3.486827e-008 0.0234784
3.488494e-008 -0.0287438
3.49016e-008 -0.0721615
3.491827e-008 -0.0110486
3.493494e-008 0.0618897
3.49516e-008 0.0422956
3.496827e-008 0.0128613
3.498494e-008 0.0358218
3.50016e-008 0.0186446
3.501827e-008 -0.044022
3.503494e-008 -0.0176951
3.50516e-008 0.0870944
3.506827e-008 0.101596
3.508494e-008 0.00155372
3.51016e-008 -0.0542938
3.511827e-008 0.00656014
3.513494e-008 0.0704351
3.51516e-008 0.0315922
3.516827e-008 -0.0428135
3.518494e-008 -0.02719
3.52016e-008 0.0444536
3.521827e-008 0.0410008
3.523494e-008 -0.0195941
3.52516e-008 -0.021752
3.526827e-008 0.00552432
3.528494e-008 -0.029348
3.53016e-008 -0.0675867
3.531827e-008 -0.031247
3.533494e-008 0.00845912
3.53516e-008 -0.00483378
3.536827e-008 -0.00328007
3.538494e-008 0.0374618
3.54016e-008 0.052999
3.541827e-008 0.0301248
3.543494e-008 0.0119118
3.54516e-008 0.0177814
3.546827e-008 0.0464389
3.548494e-008 0.0642203
3.55016e-008 0.0150193
3.551827e-008 -0.0706941
3.553494e-008 -0.0873534
3.55516e-008 -0.0234784
3.556827e-008 0.0334912
3.558494e-008 0.0419503
3.56016e-008 0.0197667
3.561827e-008 -0.00845912
3.563494e-008 -0.00405693
3.56516e-008 0.0372029
3.566827e-008 0.0447125
3.568494e-008 -0.00975389
3.57016e-008 -0.0459209
3.571827e-008 -0.0114802
3.573494e-008 0.0419503
3.57516e-008 0.054898
3.576827e-008 0.0275353
3.578494e-008 -0.00509274
3.58016e-008 -0.0117392
3.581827e-008 -0.000690541
3.583494e-008 0.0014674
3.58516e-008 0.00103581
3.586827e-008 0.000863176
3.588494e-008 -0.0284848
3.59016e-008 -0.0574875
3.591827e-008 -0.0173498
3.593494e-008 0.0422956
3.59516e-008 0.0230468
3.596827e-008 -0.0253774
3.598494e-008 -0.0150193
3.60016e-008 0.00267584
3.601827e-008 -0.0139834
3.603494e-008 0.00112213
3.60516e-008 0.0348723
3.606827e-008 0.00258953
3.608494e-008 -0.0384976
3.61016e-008 -0.00258953
3.611827e-008 0.0199394
3.613494e-008 -0.0367713
3.61516e-008 -0.0540348
3.616827e-008 0.0014674
3.618494e-008 -0.0132929
3.62016e-008 -0.100128
3.621827e-008 -0.0891661
3.623494e-008 0.0220973
3.62516e-008 0.0661193
3.626827e-008 0.0162277
3.628494e-008 -0.0117392
3.63016e-008 0.00630118
3.631827e-008 0.00863176
3.633494e-008 -0.00664645
3.63516e-008 -0.00276216
3.636827e-008 0.00845912
3.638494e-008 -0.00457483
3.64016e-008 -0.0291753
3.641827e-008 -0.0233921
3.643494e-008 0.0250321
3.64516e-008 0.0744921
3.646827e-008 0.0711257
3.648494e-008 0.0145877
3.65016e-008 -0.0294343
3.651827e-008 -0.00431588
3.653494e-008 0.0472157
3.65516e-008 0.0270174
3.656827e-008 -0.0512726
3.658494e-008 -0.0571422
3.66016e-008 0.0213204
3.661827e-008 0.0339228
3.663494e-008 -0.0435041
3.66516e-008 -0.0579191
3.666827e-008 0.00595591
3.668494e-008 0.0122571
3.67016e-008 -0.0151056
3.671827e-008 0.0359081
3.673494e-008 0.0863176
3.67516e-008 0.0397061
3.676827e-008 0.00431588
3.678494e-008 0.0355628
3.68016e-008 0.0176951
3.681827e-008 -0.0353039
3.683494e-008 -8.63176e-005
3.68516e-008 0.0540348
3.686827e-008 0.0169182
3.688494e-008 -0.0157098
3.69016e-008 0.0143287
3.691827e-008 -0.00034527
3.693494e-008 -0.0431588
3.69516e-008 0.00379797
3.696827e-008 0.0668961
3.698494e-008 0.0306427
3.70016e-008 -0.0193351
3.701827e-008 -0.00371166
3.703494e-008 0.011135
3.70516e-008 0.00371166
3.706827e-008 0.00397061
3.708494e-008 -0.0258953
3.71016e-008 -0.0775995
3.711827e-008 -0.0694856
3.713494e-008 -0.0192488
3.71516e-008 0.0063875
3.716827e-008 0.0256363
3.718494e-008 0.0330596
3.72016e-008 -0.0129476
3.721827e-008 -0.0450578
3.723494e-008 -0.0113939
3.72516e-008 -0.010876
3.726827e-008 -0.0643929
3.728494e-008 -0.0498052
3.73016e-008 0.0154508
3.731827e-008 0.00707804
3.733494e-008 -0.0332323
3.73516e-008 -0.0170909
3.736827e-008 -0.0044022
3.738494e-008 -0.0265858
3.74016e-008 -0.0105307
3.741827e-008 0.0226152
3.743494e-008 -0.0100128
3.74516e-008 -0.0651698
3.746827e-008 -0.051359
3.748494e-008 0.0207162
3.75016e-008 0.0727657
3.751827e-008 0.0411735
3.753494e-008 -0.0457483
3.75516e-008 -0.0661193
3.756827e-008 -0.000604223
3.758494e-008 0.00656014
3.76016e-008 -0.0697446
3.761827e-008 -0.0702625
3.763494e-008 0.0286574
3.76516e-008 0.0789806
3.766827e-008 0.0534306
3.768494e-008 0.0358218
3.77016e-008 0.0253774
3.771827e-008 0.00328007
3.773494e-008 0.00802753
3.77516e-008 0.0238237
3.776827e-008 -0.00189899
3.778494e-008 -0.0439356
3.78016e-008 -0.0580917
3.781827e-008 -0.0487694
3.783494e-008 -0.0170046
3.78516e-008 0.02391
3.786827e-008 0.0263269
3.788494e-008 -0.00371166
3.79016e-008 -0.0102718
3.791827e-008 0.00794122
3.793494e-008 0.0215794
3.79516e-008 0.0251184
3.796827e-008 0
3.798494e-008 -0.0438493
3.80016e-008 -0.0287438
3.801827e-008 0.0397061
3.803494e-008 0.0419503
3.80516e-008 -0.0227878
3.806827e-008 -0.0223563
3.808494e-008 0.0448851
3.81016e-008 0.058437
3.811827e-008 0.0132066
3.813494e-008 -0.00958125
3.81516e-008 -0.00725068
3.816827e-008 -0.00992652
3.818494e-008 -0.0019853
3.82016e-008 0.0159688
3.821827e-008 0.0078549
3.823494e-008 -0.0307291
3.82516e-008 -0.0599044
3.826827e-008 -0.0388429
3.828494e-008 0.0224426
3.83016e-008 0.0449715
3.831827e-008 -0.016573
3.833494e-008 -0.0752689
3.83516e-008 -0.0359944
3.836827e-008 0.0396198
3.838494e-008 0.0360807
3.84016e-008 -0.032628
3.841827e-008 -0.0724204
3.843494e-008 -0.052999
3.84516e-008 -0.0112213
3.846827e-008 0.00725068
3.848494e-008 -0.0229605
3.85016e-008 -0.0681046
3.851827e-008 -0.052999
3.853494e-008 0.02555
3.85516e-008 0.0744057
3.856827e-008 0.0453167
3.858494e-008 0.00474747
3.86016e-008 0.012516
3.861827e-008 0.0372029
3.863494e-008 0.0348723
3.86516e-008 0.0126887
3.866827e-008 -0.0106171
3.868494e-008 -0.0311606
3.87016e-008 -0.0450578
3.871827e-008 -0.0447988
3.873494e-008 -0.0176088
3.87516e-008 0.0346133
3.876827e-008 0.0596454
3.878494e-008 0.0226152
3.88016e-008 -0.00681909
3.881827e-008 0.018472
3.883494e-008 0.00595591
3.88516e-008 -0.0727657
3.886827e-008 -0.0690541
3.888494e-008 0.0350449
3.89016e-008 0.0417777
3.891827e-008 -0.0611992
3.893494e-008 -0.0605086
3.89516e-008 0.0411735
3.896827e-008 0.0550706
3.898494e-008 0.0166593
3.90016e-008 0.0504095
3.901827e-008 0.0523948
3.903494e-008 -0.0431588
3.90516e-008 -0.0613718
3.906827e-008 0.0381524
3.908494e-008 0.0649108
3.91016e-008 0.00543801
3.911827e-008 0.0150193
3.913494e-008 0.0599044
3.91516e-008 0.0297796
3.916827e-008 -0.00647382
3.918494e-008 0.0112213
3.92016e-008 0.00776858
3.921827e-008 -0.00595591
3.923494e-008 0.0506684
3.92516e-008 0.105307
3.926827e-008 0.0672414
3.928494e-008 0.023651
3.93016e-008 0.0435904
3.931827e-008 0.045662
3.933494e-008 0.00958125
3.93516e-008 0.013034
3.936827e-008 0.0310743
3.938494e-008 -0.00517905
3.94016e-008 -0.0292617
3.941827e-008 0.0246005
3.943494e-008 0.0652561
3.94516e-008 0.0229605
3.946827e-008 -0.0170909
3.948494e-008 0.0019853
3.95016e-008 0.00906335
3.951827e-008 -0.0321101
3.953494e-008 -0.0593865
3.95516e-008 -0.0447125
3.956827e-008 -0.0302112
3.958494e-008 -0.0351313
3.96016e-008 -0.0396198
3.961827e-008 -0.0301248
3.963494e-008 -0.00681909
3.96516e-008 0.0160551
3.966827e-008 0.0142424
3.968494e-008 -0.00647382
3.97016e-008 -0.0171772
3.971827e-008 -0.0188172
3.973494e-008 -0.0159688
3.97516e-008 0.0223563
3.976827e-008 0.0884755
3.978494e-008 0.10643
3.98016e-008 0.0534306
3.981827e-008 -0.0019853
3.983494e-008 -0.0178677
3.98516e-008 -0.0136382
3.986827e-008 -0.0044022
3.988494e-008 -0.0029348
3.99016e-008 -0.0166593
3.991827e-008 -0.00940862
3.993494e-008 0.02555
3.99516e-008 0.016314
3.996827e-008 -0.038325
3.998494e-008 -0.0311606
4.00016e-008 0.032628
