LECROYSDA18000 15238 Waveform
Segments 1 SegmentSize 3002
Segment TrigTime TimeSinceSegment1
#1 02-Nov-2018 14:11:11 0                 
Time Ampl
-1.000295e-008 -0.0292617
-9.986283e-009 -0.0172635
-9.969617e-009 0.0403966
-9.95295e-009 0.042123
-9.936283e-009 -0.0247731
-9.919617e-009 -0.0669824
-9.90295e-009 -0.0322828
-9.886283e-009 0.0242552
-9.869617e-009 0.0441946
-9.85295e-009 0.0452304
-9.836283e-009 0.0460936
-9.819617e-009 0.0204573
-9.80295e-009 -0.0147603
-9.786283e-009 0.000604223
-9.769617e-009 0.0405693
-9.75295e-009 0.0173498
-9.736283e-009 -0.0493737
-9.719617e-009 -0.056538
-9.70295e-009 0.00129476
-9.686283e-009 0.0346997
-9.669617e-009 0.014674
-9.65295e-009 -0.00414324
-9.636283e-009 0.00750963
-9.619617e-009 0.0140698
-9.60295e-009 -0.0148466
-9.586283e-009 -0.0460073
-9.569617e-009 -0.0320238
-9.55295e-009 0.00284848
-9.536283e-009 -0.000172635
-9.519617e-009 -0.0247731
-9.50295e-009 -0.00845912
-9.486283e-009 0.0352176
-9.469617e-009 0.043763
-9.45295e-009 0.0226152
-9.436283e-009 0.0172635
-9.419617e-009 0.0195078
-9.40295e-009 0.00414324
-9.386283e-009 -0.00535169
-9.369617e-009 0.0118255
-9.35295e-009 0.0246868
-9.336283e-009 0.00759595
-9.319617e-009 -0.0152782
-9.30295e-009 -0.0128613
-9.286283e-009 0.00975389
-9.269617e-009 0.0223563
-9.25295e-009 0.00612855
-9.236283e-009 -0.0204573
-9.219617e-009 -0.0220973
-9.20295e-009 -0.00207162
-9.186283e-009 0.00310743
-9.169617e-009 -0.0119981
-9.15295e-009 -0.0189899
-9.136283e-009 -0.0113939
-9.119617e-009 -0.000258953
-9.10295e-009 0.0120845
-9.086283e-009 0.00759595
-9.069617e-009 -0.0253774
-9.05295e-009 -0.0375481
-9.036283e-009 0.00164003
-9.019617e-009 0.0195941
-9.00295e-009 -0.0189035
-8.986283e-009 -0.0205436
-8.969617e-009 0.0354765
-8.95295e-009 0.0307291
-8.936283e-009 -0.036685
-8.919617e-009 -0.0311606
-8.90295e-009 0.032628
-8.886283e-009 0.0278806
-8.869617e-009 -0.00940862
-8.85295e-009 0.0106171
-8.836283e-009 0.0207162
-8.819617e-009 -0.021752
-8.80295e-009 -0.0183856
-8.786283e-009 0.0334049
-8.769617e-009 0.0286574
-8.75295e-009 -0.000517905
-8.736283e-009 0.0214931
-8.719617e-009 0.0155372
-8.70295e-009 -0.0572286
-8.686283e-009 -0.0664645
-8.669617e-009 0.0189899
-8.65295e-009 0.0551569
-8.636283e-009 0.00181267
-8.619617e-009 -0.0357355
-8.60295e-009 -0.0202846
-8.586283e-009 -0.000258953
-8.569617e-009 0
-8.55295e-009 -0.0176088
-8.536283e-009 -0.0368576
-8.519617e-009 -0.0296069
-8.50295e-009 -0.00802753
-8.486283e-009 -0.00474747
-8.469617e-009 -0.00509274
-8.45295e-009 0.0078549
-8.436283e-009 0.00863176
-8.419617e-009 -0.00612855
-8.40295e-009 -0.0120845
-8.386283e-009 -0.018472
-8.369617e-009 -0.0332323
-8.35295e-009 -0.0298659
-8.336283e-009 -0.0113076
-8.319617e-009 -0.0120845
-8.30295e-009 -0.0276216
-8.286283e-009 -0.0288301
-8.269617e-009 -0.0107034
-8.25295e-009 0.0120845
-8.236283e-009 0.0192488
-8.219617e-009 0.00483378
-8.20295e-009 -0.00871807
-8.186283e-009 -0.018472
-8.169617e-009 -0.0378071
-8.15295e-009 -0.0317649
-8.136283e-009 0.0106171
-8.119617e-009 0.0029348
-8.10295e-009 -0.064134
-8.086283e-009 -0.0559338
-8.069617e-009 0.0433314
-8.05295e-009 0.0810522
-8.036283e-009 0.0240826
-8.019617e-009 -0.0222699
-8.00295e-009 -0.0250321
-7.986283e-009 0.0034527
-7.969617e-009 0.0532579
-7.95295e-009 0.0396198
-7.936283e-009 -0.0503231
-7.919617e-009 -0.0586096
-7.90295e-009 0.0375481
-7.886283e-009 0.0628392
-7.869617e-009 0.0187309
-7.85295e-009 0.0330596
-7.836283e-009 0.0281395
-7.819617e-009 -0.0517905
-7.80295e-009 -0.032628
-7.786283e-009 0.0751826
-7.769617e-009 0.0306427
-7.75295e-009 -0.106257
-7.736283e-009 -0.0802753
-7.719617e-009 0.0283985
-7.70295e-009 0.0210615
-7.686283e-009 -0.0211478
-7.669617e-009 -0.0109623
-7.65295e-009 -0.0321965
-7.636283e-009 -0.058696
-7.619617e-009 -0.00336639
-7.60295e-009 0.0405693
-7.586283e-009 -0.00120845
-7.569617e-009 -0.0223563
-7.55295e-009 0.0215794
-7.536283e-009 0.0466978
-7.519617e-009 0.0286574
-7.50295e-009 0.00138108
-7.486283e-009 -0.0181267
-7.469617e-009 -0.0131203
-7.45295e-009 -0.00949493
-7.436283e-009 -0.0426409
-7.419617e-009 -0.045662
-7.40295e-009 0.0157098
-7.386283e-009 0.0262405
-7.369617e-009 -0.0330596
-7.35295e-009 -0.0230468
-7.336283e-009 0.0424682
-7.319617e-009 0.029348
-7.30295e-009 -0.0134655
-7.286283e-009 0.0162277
-7.269617e-009 0.0490284
-7.25295e-009 0.0257226
-7.236283e-009 -0.00535169
-7.219617e-009 -0.0417777
-7.20295e-009 -0.078549
-7.186283e-009 -0.0534306
-7.169617e-009 -0.0164003
-7.15295e-009 -0.0536895
-7.136283e-009 -0.0675003
-7.119617e-009 0.0190762
-7.10295e-009 0.0660329
-7.086283e-009 0.00768226
-7.069617e-009 -0.0260679
-7.05295e-009 0.000517905
-7.036283e-009 0.00949493
-7.019617e-009 0.0126887
-7.00295e-009 0.0270174
-6.986283e-009 -0.000517905
-6.969617e-009 -0.0442809
-6.95295e-009 -0.0384976
-6.936283e-009 -0.0204573
-6.919617e-009 -0.0228742
-6.90295e-009 -0.00992652
-6.886283e-009 0.00129476
-6.869617e-009 -0.0049201
-6.85295e-009 0.0368576
-6.836283e-009 0.104703
-6.819617e-009 0.0815701
-6.80295e-009 0.00172635
-6.786283e-009 -0.00914966
-6.769617e-009 0.0150193
-6.75295e-009 -0.0139834
-6.736283e-009 -0.0470431
-6.719617e-009 -0.0264995
-6.70295e-009 0.00215794
-6.686283e-009 0.00362534
-6.669617e-009 -0.00552432
-6.65295e-009 -0.0155372
-6.636283e-009 -0.0157961
-6.619617e-009 -0.00224426
-6.60295e-009 -0.0044022
-6.586283e-009 -0.0261542
-6.569617e-009 -0.0309017
-6.55295e-009 -0.0295206
-6.536283e-009 -0.058437
-6.519617e-009 -0.0724204
-6.50295e-009 -0.00889071
-6.486283e-009 0.0690541
-6.469617e-009 0.0466115
-6.45295e-009 -0.0457483
-6.436283e-009 -0.0656877
-6.419617e-009 0.00656014
-6.40295e-009 0.0476473
-6.386283e-009 0.0264132
-6.369617e-009 0.0319375
-6.35295e-009 0.052999
-6.336283e-009 0.0112213
-6.319617e-009 -0.0289164
-6.30295e-009 0.0101855
-6.286283e-009 0.0214931
-6.269617e-009 -0.0605086
-6.25295e-009 -0.0960715
-6.236283e-009 -0.0318512
-6.219617e-009 -0.00302112
-6.20295e-009 -0.0303838
-6.186283e-009 -0.00319375
-6.169617e-009 0.0536032
-6.15295e-009 0.0447125
-6.136283e-009 0.00448851
-6.119617e-009 -0.00647382
-6.10295e-009 -0.00569696
-6.086283e-009 0.00716436
-6.069617e-009 0.044022
-6.05295e-009 0.0538622
-6.036283e-009 0.0103581
-6.019617e-009 -0.0276216
-6.00295e-009 -0.0157961
-5.986283e-009 0.0222699
-5.969617e-009 0.0391882
-5.95295e-009 0.0112213
-5.936283e-009 -0.0233921
-5.919617e-009 -0.0139834
-5.90295e-009 0.00120845
-5.886283e-009 -0.0323691
-5.869617e-009 -0.0548117
-5.85295e-009 -0.00716436
-5.836283e-009 0.039965
-5.819617e-009 0.0279669
-5.80295e-009 0.010876
-5.786283e-009 0.0189035
-5.769617e-009 0.0119981
-5.75295e-009 -0.0119118
-5.736283e-009 -0.0170909
-5.719617e-009 -0.00189899
-5.70295e-009 0.0171772
-5.686283e-009 0.0286574
-5.669617e-009 0.0177814
-5.65295e-009 -0.0123434
-5.636283e-009 -0.0346133
-5.619617e-009 -0.0282258
-5.60295e-009 0.00112213
-5.586283e-009 0.0161414
-5.569617e-009 -0.00768226
-5.55295e-009 -0.0219247
-5.536283e-009 0.0143287
-5.519617e-009 0.0353039
-5.50295e-009 -0.00319375
-5.486283e-009 -0.0202846
-5.469617e-009 0.0171772
-5.45295e-009 0.0282258
-5.436283e-009 0.00906335
-5.419617e-009 0.0269311
-5.40295e-009 0.0480789
-5.386283e-009 0.025809
-5.369617e-009 0.0147603
-5.35295e-009 0.0234784
-5.336283e-009 -0.0078549
-5.319617e-009 -0.0425546
-5.30295e-009 -0.025291
-5.286283e-009 -0.0112213
-5.269617e-009 -0.0153645
-5.25295e-009 0.0289164
-5.236283e-009 0.0803617
-5.219617e-009 0.0561064
-5.20295e-009 0.0214931
-5.186283e-009 0.0409145
-5.169617e-009 0.0356492
-5.15295e-009 -0.0242552
-5.136283e-009 -0.0485968
-5.119617e-009 -0.0164003
-5.10295e-009 0.00690541
-5.086283e-009 0.00552432
-5.069617e-009 0.00483378
-5.05295e-009 0.0157098
-5.036283e-009 0.036426
-5.019617e-009 0.0358218
-5.00295e-009 -0.00431588
-4.986283e-009 -0.0258953
-4.969617e-009 0.000863176
-4.95295e-009 0.00241689
-4.936283e-009 -0.0388429
-4.919617e-009 -0.0313333
-4.90295e-009 0.0315922
-4.886283e-009 0.0493737
-4.869617e-009 0.00690541
-4.85295e-009 -0.0176951
-4.836283e-009 -0.00466115
-4.819617e-009 0.00353902
-4.80295e-009 -0.014415
-4.786283e-009 -0.043763
-4.769617e-009 -0.0541211
-4.75295e-009 -0.0306427
-4.736283e-009 0.00034527
-4.719617e-009 0.0109623
-4.70295e-009 0.011135
-4.686283e-009 0.0148466
-4.669617e-009 0.0173498
-4.65295e-009 0.0164003
-4.636283e-009 0.0123434
-4.619617e-009 0.00707804
-4.60295e-009 0.00966757
-4.586283e-009 0.00940862
-4.569617e-009 -0.0175225
-4.55295e-009 -0.0512726
-4.536283e-009 -0.0504095
-4.519617e-009 -0.0244279
-4.50295e-009 -0.0083728
-4.486283e-009 -0.00889071
-4.469617e-009 -0.0224426
-4.45295e-009 -0.0428135
-4.436283e-009 -0.0488557
-4.419617e-009 -0.0332323
-4.40295e-009 -0.00733699
-4.386283e-009 0.0204573
-4.369617e-009 0.0220973
-4.35295e-009 -0.0263269
-4.336283e-009 -0.0626666
-4.319617e-009 -0.0131203
-4.30295e-009 0.0613718
-4.286283e-009 0.0548117
-4.269617e-009 -0.0118255
-4.25295e-009 -0.0519632
-4.236283e-009 -0.0447988
-4.219617e-009 -0.0170046
-4.20295e-009 0.000431588
-4.186283e-009 -0.0153645
-4.169617e-009 -0.0405693
-4.15295e-009 -0.0335775
-4.136283e-009 -0.00923598
-4.119617e-009 -0.00189899
-4.10295e-009 -0.00604223
-4.086283e-009 -0.0152782
-4.069617e-009 -0.0281395
-4.05295e-009 -0.0185583
-4.036283e-009 0.00768226
-4.019617e-009 0.00172635
-4.00295e-009 -0.0281395
-3.986283e-009 -0.0275353
-3.969617e-009 0.000604223
-3.95295e-009 0.0260679
-3.936283e-009 0.0455757
-3.919617e-009 0.0359944
-3.90295e-009 -0.0195078
-3.886283e-009 -0.0593865
-3.869617e-009 -0.032628
-3.85295e-009 0.0104444
-3.836283e-009 0.016314
-3.819617e-009 0.00975389
-3.80295e-009 0.0244279
-3.786283e-009 0.0467841
-3.769617e-009 0.0416914
-3.75295e-009 0.00483378
-3.736283e-009 -0.014415
-3.719617e-009 0.00889071
-3.70295e-009 0.0137245
-3.686283e-009 -0.0256363
-3.669617e-009 -0.0302112
-3.65295e-009 0.0155372
-3.636283e-009 0.0170046
-3.619617e-009 -0.0298659
-3.60295e-009 -0.0339228
-3.586283e-009 -0.00215794
-3.569617e-009 -0.00241689
-3.55295e-009 -0.0189899
-3.536283e-009 -0.0143287
-3.519617e-009 -0.000431588
-3.50295e-009 0.00889071
-3.486283e-009 -0.00129476
-3.469617e-009 -0.0386703
-3.45295e-009 -0.0523084
-3.436283e-009 -0.0173498
-3.419617e-009 -0.00604223
-3.40295e-009 -0.042123
-3.386283e-009 -0.0518769
-3.369617e-009 -0.0241689
-3.35295e-009 -0.00750963
-3.336283e-009 0.00241689
-3.319617e-009 0.0058696
-3.30295e-009 -0.014674
-3.286283e-009 -0.00371166
-3.269617e-009 0.0567106
-3.25295e-009 0.0609402
-3.236283e-009 -0.00509274
-3.219617e-009 -0.0203709
-3.20295e-009 0.0180404
-3.186283e-009 0.0218383
-3.169617e-009 0.0159688
-3.15295e-009 0.0280532
-3.136283e-009 -0.00155372
-3.119617e-009 -0.0388429
-3.10295e-009 0.00535169
-3.086283e-009 0.0713846
-3.069617e-009 0.0710394
-3.05295e-009 0.0397924
-3.036283e-009 0.00681909
-3.019617e-009 -0.0311606
-3.00295e-009 -0.0216657
-2.986283e-009 0.0296069
-2.969617e-009 0.029089
-2.95295e-009 -0.0169182
-2.936283e-009 -0.0375481
-2.919617e-009 -0.042123
-2.90295e-009 -0.0267584
-2.886283e-009 0.0266721
-2.869617e-009 0.0268448
-2.85295e-009 -0.0427272
-2.836283e-009 -0.0245142
-2.819617e-009 0.0699172
-2.80295e-009 0.0488557
-2.786283e-009 -0.0337502
-2.769617e-009 -0.00215794
-2.75295e-009 0.0415188
-2.736283e-009 -0.0225289
-2.719617e-009 -0.0540348
-2.70295e-009 -0.00474747
-2.686283e-009 -0.0135519
-2.669617e-009 -0.0502368
-2.65295e-009 -0.0174361
-2.636283e-009 -0.0172635
-2.619617e-009 -0.0840733
-2.60295e-009 -0.0715573
-2.586283e-009 -0.0113076
-2.569617e-009 -0.0542074
-2.55295e-009 -0.108846
-2.536283e-009 -0.0478199
-2.519617e-009 -0.00164003
-2.50295e-009 -0.0613718
-2.486283e-009 -0.0794122
-2.469617e-009 0.0116529
-2.45295e-009 0.0745784
-2.436283e-009 0.0391882
-2.419617e-009 -0.0083728
-2.40295e-009 -0.00448851
-2.386283e-009 0.00863176
-2.369617e-009 -0.0210615
-2.35295e-009 -0.0583507
-2.336283e-009 -0.0372029
-2.319617e-009 0.0159688
-2.30295e-009 0.0350449
-2.286283e-009 0.0338365
-2.269617e-009 0.0355628
-2.25295e-009 0.00845912
-2.236283e-009 -0.0204573
-2.219617e-009 0.0138971
-2.20295e-009 0.0585233
-2.186283e-009 0.0353902
-2.169617e-009 0
-2.15295e-009 0.0103581
-2.136283e-009 0.0159688
-2.119617e-009 -0.00690541
-2.10295e-009 -0.0175225
-2.086283e-009 -0.0157961
-2.069617e-009 -0.0173498
-2.05295e-009 -0.00526537
-2.036283e-009 0.0162277
-2.019617e-009 0.0258953
-2.00295e-009 0.0234784
-1.986283e-009 0.00664645
-1.969617e-009 -0.00612855
-1.95295e-009 0.0279669
-1.936283e-009 0.0643066
-1.919617e-009 0.0206299
-1.90295e-009 -0.0324554
-1.886283e-009 0.0159688
-1.869617e-009 0.0845912
-1.85295e-009 0.0579191
-1.836283e-009 0.00906335
-1.819617e-009 0.0309017
-1.80295e-009 0.0671551
-1.786283e-009 0.0571422
-1.769617e-009 0.0384113
-1.75295e-009 0.0514453
-1.736283e-009 0.0796711
-1.719617e-009 0.0818291
-1.70295e-009 0.0476473
-1.686283e-009 0.0185583
-1.669617e-009 0.00828649
-1.65295e-009 -0.0248595
-1.636283e-009 -0.0573149
-1.619617e-009 -0.0210615
-1.60295e-009 0.0282258
-1.586283e-009 0.0049201
-1.569617e-009 -0.0216657
-1.55295e-009 0.0129476
-1.536283e-009 0.0304701
-1.519617e-009 0.014674
-1.50295e-009 0.0452304
-1.486283e-009 0.0771679
-1.469617e-009 0.0284848
-1.45295e-009 -0.0188172
-1.436283e-009 0.00474747
-1.419617e-009 0.0126887
-1.40295e-009 -0.0291753
-1.386283e-009 -0.0363397
-1.369617e-009 0.0110486
-1.35295e-009 0.0579191
-1.336283e-009 0.0751826
-1.319617e-009 0.0557612
-1.30295e-009 0.0317649
-1.286283e-009 0.0550706
-1.269617e-009 0.0737152
-1.25295e-009 0.00733699
-1.236283e-009 -0.0683635
-1.219617e-009 -0.0578328
-1.20295e-009 -0.0315059
-1.186283e-009 -0.0443672
-1.169617e-009 -0.0191625
-1.15295e-009 0.043763
-1.136283e-009 0.0469568
-1.119617e-009 0.0141561
-1.10295e-009 0.0297796
-1.086283e-009 0.047302
-1.069617e-009 -0.000690541
-1.05295e-009 -0.052999
-1.036283e-009 -0.0415188
-1.019617e-009 -0.00673277
-1.00295e-009 -0.00241689
-9.862834e-010 -0.014674
-9.696167e-010 -0.021752
-9.5295e-010 -0.0398787
-9.362834e-010 -0.0642203
-9.196167e-010 -0.0466978
-9.0295e-010 0.0044022
-8.862834e-010 0.00621487
-8.696167e-010 -0.0411735
-8.5295e-010 -0.0342681
-8.362834e-010 0.0407419
-8.196167e-010 0.093223
-8.0295e-010 0.101078
-7.862834e-010 0.0901155
-7.696167e-010 0.0447125
-7.5295e-010 -0.00241689
-7.362834e-010 0.0157098
-7.196167e-010 0.0409145
-7.0295e-010 -0.00914966
-6.862834e-010 -0.0617171
-6.696167e-010 -0.0414324
-6.5295e-010 -0.0019853
-6.362834e-010 0.0279669
-6.196167e-010 0.058696
-6.0295e-010 0.0229605
-5.862834e-010 -0.0812248
-5.696167e-010 -0.113508
-5.5295e-010 -0.0490284
-5.362834e-010 -0.0207162
-5.196167e-010 -0.0441083
-5.0295e-010 -0.034527
-4.862834e-010 -0.00914966
-4.696167e-010 0.0049201
-4.5295e-010 0.0589549
-4.362834e-010 0.122226
-4.196167e-010 0.0982294
-4.0295e-010 0.0210615
-3.862834e-010 -0.0152782
-3.696167e-010 -0.0285711
-3.5295e-010 -0.0626666
-3.362834e-010 -0.0817427
-3.196167e-010 -0.0498916
-3.0295e-010 0.0123434
-2.862834e-010 0.0652561
-2.696167e-010 0.0786353
-2.5295e-010 0.0583507
-2.362834e-010 0.0412598
-2.196167e-010 0.0337502
-2.0295e-010 0.0183856
-1.862834e-010 0.0138108
-1.696167e-010 0.0391019
-1.5295e-010 0.067673
-1.362834e-010 0.0857997
-1.196167e-010 0.11791
-1.0295e-010 0.164262
-8.628335e-011 0.198185
-6.961669e-011 0.223994
-5.295002e-011 0.274663
-3.628335e-011 0.357527
-1.961669e-011 0.429862
-2.950019e-012 0.452045
1.371665e-011 0.46646
3.038331e-011 0.547685
4.704998e-011 0.668184
6.371665e-011 0.734045
8.038331e-011 0.742072
9.704998e-011 0.767018
1.137166e-010 0.840302
1.303833e-010 0.944055
1.4705e-010 1.04703
1.637166e-010 1.10616
1.803833e-010 1.12368
1.9705e-010 1.15985
2.137166e-010 1.2264
2.303833e-010 1.27776
2.4705e-010 1.31047
2.637166e-010 1.33447
2.803833e-010 1.32213
2.9705e-010 1.29304
3.137166e-010 1.30564
3.303833e-010 1.32636
3.4705e-010 1.2882
3.637166e-010 1.22985
3.803833e-010 1.21147
3.9705e-010 1.21708
4.137166e-010 1.24004
4.303833e-010 1.28898
4.4705e-010 1.30676
4.637166e-010 1.26602
4.803833e-010 1.24971
4.9705e-010 1.27655
5.137166e-010 1.23054
5.303833e-010 1.08648
5.4705e-010 0.979618
5.637166e-010 0.966325
5.803833e-010 0.941379
5.9705e-010 0.842632
6.137166e-010 0.735253
6.303833e-010 0.672587
6.4705e-010 0.637887
6.637166e-010 0.61648
6.803833e-010 0.587736
6.9705e-010 0.496499
7.137166e-010 0.342767
7.303833e-010 0.210529
7.4705e-010 0.126714
7.637166e-010 0.0275353
7.803833e-010 -0.103926
7.9705e-010 -0.234352
8.137166e-010 -0.374014
8.303833e-010 -0.511604
8.4705e-010 -0.581435
8.637166e-010 -0.616653
8.803833e-010 -0.724895
8.9705e-010 -0.872325
9.137166e-010 -0.943796
9.303833e-010 -0.962441
9.4705e-010 -1.01225
9.637166e-010 -1.08104
9.803833e-010 -1.1362
9.9705e-010 -1.18583
1.013717e-009 -1.22709
1.030383e-009 -1.26844
1.04705e-009 -1.31246
1.063717e-009 -1.2958
1.080383e-009 -1.22295
1.09705e-009 -1.22243
1.113717e-009 -1.28967
1.130383e-009 -1.27621
1.14705e-009 -1.21613
1.163717e-009 -1.24297
1.180383e-009 -1.26524
1.19705e-009 -1.181
1.213717e-009 -1.13352
1.230383e-009 -1.17918
1.24705e-009 -1.15096
1.263717e-009 -1.05307
1.280383e-009 -1.05394
1.29705e-009 -1.10348
1.313717e-009 -1.06973
1.330383e-009 -1.02675
1.34705e-009 -1.0283
1.363717e-009 -0.970296
1.380383e-009 -0.865075
1.39705e-009 -0.828994
1.413717e-009 -0.806034
1.430383e-009 -0.6807
1.44705e-009 -0.518855
1.463717e-009 -0.442378
1.480383e-009 -0.448592
1.49705e-009 -0.452995
1.513717e-009 -0.384804
1.530383e-009 -0.271037
1.54705e-009 -0.222786
1.563717e-009 -0.243157
1.580383e-009 -0.203451
1.59705e-009 -0.0969346
1.613717e-009 -0.0436767
1.630383e-009 -0.0265858
1.64705e-009 0.0488557
1.663717e-009 0.117996
1.680383e-009 0.0916693
1.69705e-009 0.0537758
1.713717e-009 0.0851091
1.730383e-009 0.10712
1.74705e-009 0.0542938
1.763717e-009 -0.00483378
1.780383e-009 0.00241689
1.79705e-009 0.0479926
1.813717e-009 0.0653424
1.830383e-009 0.0397061
1.84705e-009 0.0083728
1.863717e-009 -0.00302112
1.880383e-009 0.000690541
1.89705e-009 0.0114802
1.913717e-009 0.00138108
1.930383e-009 -0.0627529
1.94705e-009 -0.125419
1.963717e-009 -0.0953809
1.980383e-009 -0.0230468
1.99705e-009 -0.0272764
2.013717e-009 -0.0715573
2.030383e-009 -0.0554159
2.04705e-009 -0.0263269
2.063717e-009 -0.0587823
2.080383e-009 -0.0870944
2.09705e-009 -0.0594728
2.113717e-009 -0.0498052
2.130383e-009 -0.0887345
2.14705e-009 -0.100474
2.163717e-009 -0.0596454
2.180383e-009 -0.0226152
2.19705e-009 -0.0128613
2.213717e-009 -0.0187309
2.230383e-009 -0.0496326
2.24705e-009 -0.0981431
2.263717e-009 -0.119032
2.280383e-009 -0.109537
2.29705e-009 -0.123348
2.313717e-009 -0.160292
2.330383e-009 -0.153127
2.34705e-009 -0.106861
2.363717e-009 -0.111868
2.380383e-009 -0.166938
2.39705e-009 -0.16642
2.413717e-009 -0.105825
2.430383e-009 -0.095122
2.44705e-009 -0.145359
2.463717e-009 -0.160033
2.480383e-009 -0.120672
2.49705e-009 -0.0884755
2.513717e-009 -0.0793259
2.530383e-009 -0.0771679
2.54705e-009 -0.0773405
2.563717e-009 -0.0579191
2.580383e-009 -0.0131203
2.59705e-009 0.0113939
2.613717e-009 0.00302112
2.630383e-009 0.0100992
2.64705e-009 0.0359944
2.663717e-009 0.0329733
2.680383e-009 8.63176e-005
2.69705e-009 -0.0313333
2.713717e-009 -0.0567106
2.730383e-009 -0.061976
2.74705e-009 -0.0214068
2.763717e-009 0.0328007
2.780383e-009 0.0397924
2.79705e-009 0.00681909
2.813717e-009 -0.00828649
2.830383e-009 0.0160551
2.84705e-009 0.0464389
2.863717e-009 0.0315059
2.880383e-009 -0.0391019
2.89705e-009 -0.0958988
2.913717e-009 -0.0649971
2.930383e-009 0.0129476
2.94705e-009 0.0371166
2.963717e-009 0.00940862
2.980383e-009 0.0118255
2.99705e-009 0.0394471
3.013717e-009 0.0179541
3.030383e-009 -0.0335775
3.04705e-009 -0.0333186
3.063717e-009 0.00155372
3.080383e-009 0.00250321
3.09705e-009 -0.00414324
3.113717e-009 0.0230468
3.130383e-009 0.0245142
3.14705e-009 -0.0277079
3.163717e-009 -0.0419503
3.180383e-009 0.00828649
3.19705e-009 0.0212341
3.213717e-009 -0.0199394
3.230383e-009 -0.018472
3.24705e-009 0.0199394
3.263717e-009 0.00854544
3.280383e-009 -0.0201983
3.29705e-009 0.00794122
3.313717e-009 0.0296069
3.330383e-009 -0.0215794
3.34705e-009 -0.054898
3.363717e-009 -0.00353902
3.380383e-009 0.0237373
3.39705e-009 -0.0466978
3.413717e-009 -0.0992652
3.430383e-009 -0.0477336
3.44705e-009 0.00949493
3.463717e-009 -0.0098402
3.480383e-009 -0.0338365
3.49705e-009 -0.00811385
3.513717e-009 0.0123434
3.530383e-009 0.00595591
3.54705e-009 0.0117392
3.563717e-009 0.0151056
3.580383e-009 -0.0136382
3.59705e-009 -0.0382387
3.613717e-009 -0.044022
3.630383e-009 -0.0656877
3.64705e-009 -0.0763911
3.663717e-009 -0.0325417
3.680383e-009 0.0107897
3.69705e-009 0.00656014
3.713717e-009 0.00630118
3.730383e-009 0.0239963
3.74705e-009 0.0118255
3.763717e-009 -0.00725068
3.780383e-009 0.00258953
3.79705e-009 -0.00958125
3.813717e-009 -0.0516179
3.830383e-009 -0.0558475
3.84705e-009 -0.040224
3.863717e-009 -0.0523084
3.880383e-009 -0.0280532
3.89705e-009 0.0511863
3.913717e-009 0.0685362
3.930383e-009 0.0083728
3.94705e-009 -0.014674
3.963717e-009 -0.00258953
3.980383e-009 -0.0300385
3.99705e-009 -0.0561927
4.013717e-009 -0.0398787
4.030383e-009 -0.032887
4.04705e-009 -0.0322828
4.063717e-009 -0.00164003
4.080383e-009 0.00561064
4.09705e-009 -0.0237373
4.113717e-009 -0.00457483
4.130383e-009 0.0416914
4.14705e-009 0.0215794
4.163717e-009 -0.0107034
4.180383e-009 0.0181267
4.19705e-009 0.0281395
4.213717e-009 -0.00958125
4.230383e-009 0.00448851
4.24705e-009 0.0517042
4.263717e-009 0.0240826
4.280383e-009 -0.0352176
4.29705e-009 -0.0379797
4.313717e-009 -0.0214068
4.330383e-009 -0.00725068
4.34705e-009 0.0361671
4.363717e-009 0.0473883
4.380383e-009 -0.0151056
4.39705e-009 -0.0370302
4.413717e-009 0.0207162
4.430383e-009 0.023651
4.44705e-009 -0.0479926
4.463717e-009 -0.0624939
4.480383e-009 -0.0229605
4.49705e-009 -0.031247
4.513717e-009 -0.0498916
4.530383e-009 -0.00241689
4.54705e-009 0.0550706
4.563717e-009 0.0611992
4.580383e-009 0.0454894
4.59705e-009 0.0269311
4.613717e-009 -0.00129476
4.630383e-009 -0.0245142
4.64705e-009 -0.0485105
4.663717e-009 -0.0722478
4.680383e-009 -0.030988
4.69705e-009 0.0663782
4.713717e-009 0.0732836
4.730383e-009 -0.0420367
4.74705e-009 -0.103495
4.763717e-009 -0.0334049
4.780383e-009 0.0219247
4.79705e-009 -0.0249458
4.813717e-009 -0.0733699
4.830383e-009 -0.0405693
4.84705e-009 0.0287438
4.863717e-009 0.0643066
4.880383e-009 0.0441083
4.89705e-009 -0.00604223
4.913717e-009 -0.0329733
4.930383e-009 -0.0126024
4.94705e-009 0.0227878
4.963717e-009 0.0374618
4.980383e-009 0.0292617
4.99705e-009 0.0164003
5.013717e-009 0.0185583
5.030383e-009 0.0275353
5.04705e-009 0.0126024
5.063717e-009 -0.0164003
5.080383e-009 -0.022011
5.09705e-009 -0.0213204
5.113717e-009 -0.0401377
5.130383e-009 -0.0332323
5.14705e-009 0.0132929
5.163717e-009 0.0208889
5.180383e-009 -0.0193351
5.19705e-009 -0.00854544
5.213717e-009 0.0547253
5.230383e-009 0.0574875
5.24705e-009 -0.0104444
5.263717e-009 -0.0414324
5.280383e-009 0.000431588
5.29705e-009 0.0409145
5.313717e-009 0.0174361
5.330383e-009 -0.0425546
5.34705e-009 -0.0611992
5.363717e-009 -0.0277079
5.380383e-009 -0.0188172
5.39705e-009 -0.0514453
5.413717e-009 -0.0536895
5.430383e-009 -0.0264995
5.44705e-009 -0.0250321
5.463717e-009 -0.00776858
5.480383e-009 0.0488557
5.49705e-009 0.0389292
5.513717e-009 -0.0397061
5.530383e-009 -0.0332323
5.54705e-009 0.0405693
5.563717e-009 0.0194215
5.580383e-009 -0.0435904
5.59705e-009 -0.00241689
5.613717e-009 0.0562791
5.630383e-009 0.0261542
5.64705e-009 0.0152782
5.663717e-009 0.0649971
5.680383e-009 0.0453167
5.69705e-009 -0.032887
5.713717e-009 -0.0331459
5.730383e-009 0.0158824
5.74705e-009 0.0114802
5.763717e-009 -0.0112213
5.780383e-009 -0.00112213
5.79705e-009 0.0109623
5.813717e-009 0.0195941
5.830383e-009 0.031247
5.84705e-009 0.012775
5.863717e-009 -0.0133792
5.880383e-009 0.0110486
5.89705e-009 0.0428135
5.913717e-009 0.0176088
5.930383e-009 -0.0187309
5.94705e-009 -0.0134655
5.963717e-009 0.0029348
5.980383e-009 0.00112213
5.99705e-009 -0.00975389
6.013717e-009 -0.014674
6.030383e-009 0.00112213
6.04705e-009 0.0151919
6.063717e-009 -0.0131203
6.080383e-009 -0.0346133
6.09705e-009 0.0132929
6.113717e-009 0.045403
6.130383e-009 -0.00975389
6.14705e-009 -0.0334049
6.163717e-009 0.034527
6.180383e-009 0.047561
6.19705e-009 -0.0359944
6.213717e-009 -0.0611128
6.230383e-009 0.00241689
6.24705e-009 0.0324554
6.263717e-009 0.0152782
6.280383e-009 0.00673277
6.29705e-009 -0.00906335
6.313717e-009 -0.0216657
6.330383e-009 0.0170909
6.34705e-009 0.056797
6.363717e-009 0.029089
6.380383e-009 -0.0208025
6.39705e-009 -0.0470431
6.413717e-009 -0.0725931
6.430383e-009 -0.0907198
6.44705e-009 -0.0795848
6.463717e-009 -0.0679319
6.480383e-009 -0.0615444
6.49705e-009 -0.0284848
6.513717e-009 0.0155372
6.530383e-009 0.040224
6.54705e-009 0.0478199
6.563717e-009 0.0230468
6.580383e-009 -0.0278806
6.59705e-009 -0.0282258
6.613717e-009 0.0268448
6.630383e-009 0.0330596
6.64705e-009 -0.0177814
6.663717e-009 -0.0288301
6.680383e-009 -0.00189899
6.69705e-009 -0.000517905
6.713717e-009 -0.00966757
6.730383e-009 -0.0181267
6.74705e-009 -0.0480789
6.763717e-009 -0.0422956
6.780383e-009 0.0363397
6.79705e-009 0.0725931
6.813717e-009 0.00768226
6.830383e-009 -0.0245142
6.84705e-009 0.0387566
6.863717e-009 0.0687951
6.880383e-009 0.00794122
6.89705e-009 -0.0392745
6.913717e-009 -0.0241689
6.930383e-009 -0.012516
6.94705e-009 -0.0227878
6.963717e-009 0.00474747
6.980383e-009 0.0753552
6.99705e-009 0.101423
7.013717e-009 0.0334049
7.030383e-009 -0.045403
7.04705e-009 -0.0400514
7.063717e-009 0.00034527
7.080383e-009 -0.0250321
7.09705e-009 -0.0843323
7.113717e-009 -0.0705215
7.130383e-009 0.014674
7.14705e-009 0.0648245
7.163717e-009 0.0242552
7.180383e-009 -0.0430725
7.19705e-009 -0.0483378
7.213717e-009 -0.00820017
7.230383e-009 -0.0049201
7.24705e-009 -0.0329733
7.263717e-009 -0.0247731
7.280383e-009 0.00189899
7.29705e-009 0.00328007
7.313717e-009 0.0172635
7.330383e-009 0.0422956
7.34705e-009 0.00543801
7.363717e-009 -0.0426409
7.380383e-009 0.00880439
7.39705e-009 0.0738015
7.413717e-009 0.0224426
7.430383e-009 -0.0489421
7.44705e-009 -0.0311606
7.463717e-009 -0.0162277
7.480383e-009 -0.0479926
7.49705e-009 -0.0204573
7.513717e-009 0.04946
7.530383e-009 0.0414324
7.54705e-009 0.0019853
7.563717e-009 0.0408282
7.580383e-009 0.0936546
7.59705e-009 0.0612855
7.613717e-009 -0.00543801
7.630383e-009 -0.0189899
7.64705e-009 0.0154508
7.663717e-009 0.0334912
7.680383e-009 -0.00716436
7.69705e-009 -0.0602497
7.713717e-009 -0.0438493
7.730383e-009 0.00535169
7.74705e-009 -0.0132066
7.763717e-009 -0.0613718
7.780383e-009 -0.0415188
7.79705e-009 0.00155372
7.813717e-009 -0.00526537
7.830383e-009 -0.00958125
7.84705e-009 0.0244279
7.863717e-009 0.0404829
7.880383e-009 0.0354765
7.89705e-009 0.0464389
7.913717e-009 0.0334912
7.930383e-009 -0.0233057
7.94705e-009 -0.0515316
7.963717e-009 -0.0290027
7.980383e-009 -0.00966757
7.99705e-009 0.00371166
8.013717e-009 0.0277943
8.030383e-009 0.0277943
8.04705e-009 0.00604223
8.063717e-009 0.0107034
8.080383e-009 0.0264995
8.09705e-009 0.0207162
8.113717e-009 0.0200257
8.130383e-009 0.0204573
8.14705e-009 -0.0189899
8.163717e-009 -0.0557612
8.180383e-009 -0.0395334
8.19705e-009 -0.0372892
8.213717e-009 -0.0854544
8.230383e-009 -0.0834691
8.24705e-009 0.00940862
8.263717e-009 0.0855407
8.280383e-009 0.0801027
8.29705e-009 0.0443672
8.313717e-009 0.02719
8.330383e-009 0.0279669
8.34705e-009 0.0187309
8.363717e-009 -0.0295206
8.380383e-009 -0.0815701
8.39705e-009 -0.0690541
8.413717e-009 -0.0171772
8.430383e-009 0.00526537
8.44705e-009 0.0167456
8.463717e-009 0.0374618
8.480383e-009 0.0187309
8.49705e-009 -0.0154508
8.513717e-009 0.0118255
8.530383e-009 0.045662
8.54705e-009 0.0058696
8.563717e-009 -0.0287438
8.580383e-009 0.00733699
8.59705e-009 0.0341818
8.613717e-009 0.0186446
8.630383e-009 0.0102718
8.64705e-009 -0.0132929
8.663717e-009 -0.061976
8.680383e-009 -0.0562791
8.69705e-009 -0.0150193
8.713717e-009 -0.0315059
8.730383e-009 -0.0457483
8.74705e-009 0.0227015
8.763717e-009 0.0738878
8.780383e-009 0.0391019
8.79705e-009 -0.00172635
8.813717e-009 -0.0342681
8.830383e-009 -0.0795848
8.84705e-009 -0.0501505
8.863717e-009 0.0406556
8.880383e-009 0.0350449
8.89705e-009 -0.0298659
8.913717e-009 0.00742331
8.930383e-009 0.069572
8.94705e-009 0.0361671
8.963717e-009 0.0209752
8.980383e-009 0.067673
8.99705e-009 0.0332323
9.013717e-009 -0.0403103
9.030383e-009 0.00276216
9.04705e-009 0.0623213
9.063717e-009 0.00535169
9.080383e-009 -0.0460936
9.09705e-009 -0.0231331
9.113717e-009 -0.0411735
9.130383e-009 -0.0759595
9.14705e-009 -0.0180404
9.163717e-009 0.0406556
9.180383e-009 0.0113076
9.19705e-009 0.00517905
9.213717e-009 0.0536032
9.230383e-009 0.0372029
9.24705e-009 -0.0224426
9.263717e-009 -0.0172635
9.280383e-009 -0.00164003
9.29705e-009 -0.045662
9.313717e-009 -0.0706078
9.330383e-009 -0.038325
9.34705e-009 -0.0212341
9.363717e-009 -0.0212341
9.380383e-009 0.0058696
9.39705e-009 0.0167456
9.413717e-009 -0.00552432
9.430383e-009 0.018213
9.44705e-009 0.0699172
9.463717e-009 0.0269311
9.480383e-009 -0.0711257
9.49705e-009 -0.0593002
9.513717e-009 0.0259816
9.530383e-009 0.0113076
9.54705e-009 -0.0614581
9.563717e-009 -0.0317649
9.580383e-009 0.0397061
9.59705e-009 0.0185583
9.613717e-009 -0.0105307
9.630383e-009 0.0394471
9.64705e-009 0.0443672
9.663717e-009 -0.0390155
9.680383e-009 -0.056797
9.69705e-009 0.00664645
9.713717e-009 0.0152782
9.730383e-009 -0.00120845
9.74705e-009 0.044022
9.763717e-009 0.0463525
9.780383e-009 -0.0515316
9.79705e-009 -0.0864902
9.813717e-009 -0.000517905
9.830383e-009 0.0485105
9.84705e-009 0.0117392
9.863717e-009 -0.00535169
9.880383e-009 0.00647382
9.89705e-009 -0.00828649
9.913717e-009 -0.0119981
9.930383e-009 0.0238237
9.94705e-009 0.0269311
9.963717e-009 -0.0350449
9.980383e-009 -0.0764774
9.99705e-009 -0.0272764
1.001372e-008 0.0520495
1.003038e-008 0.0474747
1.004705e-008 -0.0396198
1.006372e-008 -0.0792395
1.008038e-008 -0.0058696
1.009705e-008 0.0790669
1.011372e-008 0.0647382
1.013038e-008 -0.0169182
1.014705e-008 -0.0606813
1.016372e-008 -0.032887
1.018038e-008 0.00267584
1.019705e-008 -0.00854544
1.021372e-008 -0.0270174
1.023038e-008 -0.00940862
1.024705e-008 -0.0019853
1.026372e-008 -0.0240826
1.028038e-008 -0.00802753
1.029705e-008 0.0291753
1.031372e-008 -0.00422956
1.033038e-008 -0.0474747
1.034705e-008 -0.00103581
1.036372e-008 0.0268448
1.038038e-008 -0.0484242
1.039705e-008 -0.0664645
1.041372e-008 0.0375481
1.043038e-008 0.0796711
1.044705e-008 0.0239963
1.046372e-008 0.0266721
1.048038e-008 0.0567106
1.049705e-008 -0.00164003
1.051372e-008 -0.0320238
1.053038e-008 0.0621487
1.054705e-008 0.111436
1.056372e-008 0.0237373
1.058038e-008 -0.0359081
1.059705e-008 0.00707804
1.061372e-008 0.0239963
1.063038e-008 -0.029348
1.064705e-008 -0.0590412
1.066372e-008 -0.032887
1.068038e-008 0.000258953
1.069705e-008 0.0200257
1.071372e-008 0.0388429
1.073038e-008 0.0528264
1.074705e-008 0.0405693
1.076372e-008 0.00353902
1.078038e-008 -0.0173498
1.079705e-008 -0.000863176
1.081372e-008 0.00811385
1.083038e-008 -0.0244279
1.084705e-008 -0.0536032
1.086372e-008 -0.0349586
1.088038e-008 -0.00552432
1.089705e-008 -0.0164867
1.091372e-008 -0.0462662
1.093038e-008 -0.0417777
1.094705e-008 -0.00397061
1.096372e-008 0.0301248
1.098038e-008 0.0587823
1.099705e-008 0.0825196
1.101372e-008 0.0533443
1.103038e-008 -0.0186446
1.104705e-008 -0.0246005
1.106372e-008 0.0362534
1.108038e-008 0.0210615
1.109705e-008 -0.0624076
1.111372e-008 -0.0460936
1.113038e-008 0.0484242
1.114705e-008 0.04946
1.116372e-008 -0.0140698
1.118038e-008 -0.00552432
1.119705e-008 0.0338365
1.121372e-008 0.0249458
1.123038e-008 0.0136382
1.124705e-008 0.0110486
1.126372e-008 -0.0253774
1.128038e-008 -0.0517042
1.129705e-008 -0.0340091
1.131372e-008 -0.0251184
1.133038e-008 -0.0196804
1.134705e-008 0.0132929
1.136372e-008 0.00940862
1.138038e-008 -0.0275353
1.139705e-008 0.0149329
1.141372e-008 0.0918419
1.143038e-008 0.0614581
1.144705e-008 -0.0100128
1.146372e-008 0
1.148038e-008 0.0122571
1.149705e-008 -0.0429862
1.151372e-008 -0.0758731
1.153038e-008 -0.0567106
1.154705e-008 -0.040224
1.156372e-008 -0.00681909
1.158038e-008 0.0420367
1.159705e-008 0.0330596
1.161372e-008 -0.00103581
1.163038e-008 0.0305564
1.164705e-008 0.083728
1.166372e-008 0.0814838
1.168038e-008 0.0435904
1.169705e-008 -0.00569696
1.171372e-008 -0.0436767
1.173038e-008 -0.0170046
1.174705e-008 0.0246868
1.176372e-008 -0.0216657
1.178038e-008 -0.082347
1.179705e-008 -0.0395334
1.181372e-008 0.0189035
1.183038e-008 -0.00258953
1.184705e-008 -0.0167456
1.186372e-008 0.0164003
1.188038e-008 0.00958125
1.189705e-008 -0.02391
1.191372e-008 -0.00500642
1.193038e-008 0.0194215
1.194705e-008 -0.0158824
1.196372e-008 -0.0617171
1.198038e-008 -0.0703488
1.199705e-008 -0.0563654
1.201372e-008 -0.0340091
1.203038e-008 -0.0253774
1.204705e-008 -0.0474747
1.206372e-008 -0.0549843
1.208038e-008 -0.0114802
1.209705e-008 0.0400514
1.211372e-008 0.0599044
1.213038e-008 0.0538622
1.214705e-008 0.0308154
1.216372e-008 0.0168319
1.218038e-008 0.0319375
1.219705e-008 0.0291753
1.221372e-008 -0.0140698
1.223038e-008 -0.0283122
1.224705e-008 -0.00181267
1.226372e-008 -0.00863176
1.228038e-008 -0.0297796
1.229705e-008 0.0034527
1.231372e-008 0.0342681
1.233038e-008 0.00138108
1.234705e-008 -0.0212341
1.236372e-008 0.00914966
1.238038e-008 0.0227015
1.239705e-008 -0.000863176
1.241372e-008 -0.0177814
1.243038e-008 -0.0310743
1.244705e-008 -0.047561
1.246372e-008 -0.0412598
1.248038e-008 -0.0227878
1.249705e-008 -0.00733699
1.251372e-008 0.0241689
1.253038e-008 0.0424682
1.254705e-008 0.00845912
1.256372e-008 -0.0155372
1.258038e-008 0.0138108
1.259705e-008 0.0262405
1.261372e-008 0.012775
1.263038e-008 0.0446262
1.264705e-008 0.0684498
1.266372e-008 0.00233057
1.268038e-008 -0.0488557
1.269705e-008 0.0100128
1.271372e-008 0.0654287
1.273038e-008 0.0348723
1.274705e-008 0.00595591
1.276372e-008 0.0160551
1.278038e-008 0.0139834
1.279705e-008 0.0189899
1.281372e-008 0.0481652
1.283038e-008 0.0283122
1.284705e-008 -0.0424682
1.286372e-008 -0.0599907
1.288038e-008 -0.00647382
1.289705e-008 0.0336639
1.291372e-008 0.0219247
1.293038e-008 -0.0170046
1.294705e-008 -0.0438493
1.296372e-008 -0.0270174
1.298038e-008 0.00500642
1.299705e-008 -0.00457483
1.301372e-008 -0.0302112
1.303038e-008 -0.0126024
1.304705e-008 0.0247731
1.306372e-008 0.0396198
1.308038e-008 0.0381524
1.309705e-008 0.0164003
1.311372e-008 -0.0182993
1.313038e-008 -0.0152782
1.314705e-008 0.00112213
1.316372e-008 -0.0415188
1.318038e-008 -0.0770816
1.319705e-008 -0.0179541
1.321372e-008 0.0250321
1.323038e-008 -0.0369439
1.324705e-008 -0.0614581
1.326372e-008 0.0220973
1.328038e-008 0.0525674
1.329705e-008 -0.0175225
1.331372e-008 -0.0346997
1.333038e-008 0.0195941
1.334705e-008 0.0226152
1.336372e-008 -0.0138108
1.338038e-008 -0.00535169
1.339705e-008 0.0129476
1.341372e-008 -0.00958125
1.343038e-008 -0.0296069
1.344705e-008 -0.0196804
1.346372e-008 -0.020112
1.348038e-008 -0.0450578
1.349705e-008 -0.0520495
1.351372e-008 -0.0141561
1.353038e-008 0.027449
1.354705e-008 0.0188172
1.356372e-008 -0.00517905
1.358038e-008 0.0176951
1.359705e-008 0.0283122
1.361372e-008 -0.0497189
1.363038e-008 -0.120327
1.364705e-008 -0.0800164
1.366372e-008 -0.0317649
1.368038e-008 -0.0741468
1.369705e-008 -0.102632
1.371372e-008 -0.0404829
1.373038e-008 0.0128613
1.374705e-008 0.00474747
1.376372e-008 0.0029348
1.378038e-008 0.00750963
1.379705e-008 -0.0346133
1.381372e-008 -0.0698309
1.383038e-008 -0.0251184
1.384705e-008 0.0346133
1.386372e-008 0.0167456
1.388038e-008 -0.0384976
1.389705e-008 -0.0472157
1.391372e-008 -0.021752
1.393038e-008 -0.00215794
1.394705e-008 0.0280532
1.396372e-008 0.0505821
1.398038e-008 0.00854544
1.399705e-008 -0.0296069
1.401372e-008 0.0472157
1.403038e-008 0.131116
1.404705e-008 0.0628392
1.406372e-008 -0.0335775
1.408038e-008 0.00733699
1.409705e-008 0.0608539
1.411372e-008 0.0168319
1.413038e-008 0.0120845
1.414705e-008 0.071471
1.416372e-008 0.0481652
1.418038e-008 0.00716436
1.419705e-008 0.0864039
1.421372e-008 0.142251
1.423038e-008 0.0578328
1.424705e-008 0.00466115
1.426372e-008 0.0472157
1.428038e-008 0.0392745
1.429705e-008 0.00768226
1.431372e-008 0.0579191
1.433038e-008 0.0776858
1.434705e-008 0.011135
1.436372e-008 0.0245142
1.438038e-008 0.12447
1.439705e-008 0.129131
1.441372e-008 0.0531716
1.443038e-008 0.032628
1.444705e-008 0.0403966
1.446372e-008 0.0189899
1.448038e-008 0.0098402
1.449705e-008 0.0152782
1.451372e-008 0.0143287
1.453038e-008 0.0429862
1.454705e-008 0.0755279
1.456372e-008 0.0390155
1.458038e-008 -0.016573
1.459705e-008 -0.00699172
1.461372e-008 0.0259816
1.463038e-008 0.0254637
1.464705e-008 0.0134655
1.466372e-008 0.00250321
1.468038e-008 -0.014674
1.469705e-008 -0.0179541
1.471372e-008 0.0019853
1.473038e-008 0.0302112
1.474705e-008 0.0451441
1.476372e-008 0.0143287
1.478038e-008 -0.0422956
1.479705e-008 -0.0455757
1.481372e-008 -0.0093223
1.483038e-008 -0.0283122
1.484705e-008 -0.0819154
1.486372e-008 -0.0817427
1.488038e-008 -0.0430725
1.489705e-008 -0.00664645
1.491372e-008 0.0259816
1.493038e-008 0.0100992
1.494705e-008 -0.0504958
1.496372e-008 -0.0517905
1.498038e-008 -0.021752
1.499705e-008 -0.0829512
1.501372e-008 -0.14182
1.503038e-008 -0.0649971
1.504705e-008 0.00431588
1.506372e-008 -0.0414324
1.508038e-008 -0.0431588
1.509705e-008 0.0288301
1.511372e-008 0.0139834
1.513038e-008 -0.0269311
1.514705e-008 0.043763
1.516372e-008 0.0822606
1.518038e-008 -0.012516
1.519705e-008 -0.0506684
1.521372e-008 0.02719
1.523038e-008 0.0388429
1.524705e-008 -0.0276216
1.526372e-008 -0.0410008
1.528038e-008 -0.0324554
1.529705e-008 -0.0532579
1.531372e-008 -0.0227015
1.533038e-008 0.0536032
1.534705e-008 0.0578328
1.536372e-008 -0.00880439
1.538038e-008 -0.0505821
1.539705e-008 -0.0346997
1.541372e-008 0.0185583
1.543038e-008 0.0553296
1.544705e-008 0.0138108
1.546372e-008 -0.0570559
1.548038e-008 -0.0474747
1.549705e-008 0.0169182
1.551372e-008 0.0353039
1.553038e-008 0.0199394
1.554705e-008 0.0262405
1.556372e-008 0.0318512
1.558038e-008 0.0188172
1.559705e-008 0.0193351
1.561372e-008 0.0311606
1.563038e-008 0.0214931
1.564705e-008 -0.000604223
1.566372e-008 -0.00500642
1.568038e-008 0.00725068
1.569705e-008 0.0103581
1.571372e-008 -0.0098402
1.573038e-008 -0.0267584
1.574705e-008 -0.00310743
1.576372e-008 0.0408282
1.578038e-008 0.0470431
1.579705e-008 0.0157098
1.581372e-008 0.0034527
1.583038e-008 0.034527
1.584705e-008 0.07501
1.586372e-008 0.07501
1.588038e-008 0.0171772
1.589705e-008 -0.054639
1.591372e-008 -0.0787216
1.593038e-008 -0.0530853
1.594705e-008 -0.0211478
1.596372e-008 -0.00414324
1.598038e-008 8.63176e-005
1.599705e-008 -0.00258953
1.601372e-008 0.00776858
1.603038e-008 0.0367713
1.604705e-008 0.0471294
1.606372e-008 0.0233921
1.608038e-008 0.00863176
1.609705e-008 0.0222699
1.611372e-008 0.0233921
1.613038e-008 -0.00768226
1.614705e-008 -0.0448851
1.616372e-008 -0.0800164
1.618038e-008 -0.111436
1.619705e-008 -0.0960715
1.621372e-008 -0.0196804
1.623038e-008 0.0384113
1.624705e-008 0.0213204
1.626372e-008 -0.00526537
1.628038e-008 0.0199394
1.629705e-008 0.0398787
1.631372e-008 0.00310743
1.633038e-008 -0.0377208
1.634705e-008 -0.0414324
1.636372e-008 -0.0386703
1.638038e-008 -0.0373755
1.639705e-008 -0.0151056
1.641372e-008 0.0106171
1.643038e-008 0.0215794
1.644705e-008 0.0327144
1.646372e-008 0.0348723
1.648038e-008 0.013034
1.649705e-008 -0.00233057
1.651372e-008 -0.00138108
1.653038e-008 -0.0148466
1.654705e-008 -0.0277943
1.656372e-008 -0.0140698
1.658038e-008 -0.0110486
1.659705e-008 -0.0304701
1.661372e-008 -0.0248595
1.663038e-008 -0.00138108
1.664705e-008 0.00802753
1.666372e-008 0.0321965
1.668038e-008 0.056538
1.669705e-008 0.0204573
1.671372e-008 -0.0132066
1.673038e-008 0.0336639
1.674705e-008 0.0593002
1.676372e-008 -0.00457483
1.678038e-008 -0.0329733
1.679705e-008 0.00776858
1.681372e-008 -0.00233057
1.683038e-008 -0.0322828
1.684705e-008 0.0201983
1.686372e-008 0.0553296
1.688038e-008 -0.0110486
1.689705e-008 -0.0432451
1.691372e-008 0.0147603
1.693038e-008 0.0309017
1.694705e-008 -0.0101855
1.696372e-008 -0.00466115
1.698038e-008 0.0318512
1.699705e-008 0.0398787
1.701372e-008 0.0452304
1.703038e-008 0.0461799
1.704705e-008 0.0098402
1.706372e-008 -0.0190762
1.708038e-008 -0.0063875
1.709705e-008 -0.0014674
1.711372e-008 -0.0181267
1.713038e-008 -0.0173498
1.714705e-008 0.00207162
1.716372e-008 0.0340954
1.718038e-008 0.0807069
1.719705e-008 0.0881302
1.721372e-008 0.0289164
1.723038e-008 -0.0083728
1.724705e-008 0.0303838
1.726372e-008 0.0511863
1.728038e-008 -0.0210615
1.729705e-008 -0.103408
1.731372e-008 -0.0830375
1.733038e-008 0.00828649
1.734705e-008 0.045403
1.736372e-008 0.0149329
1.738038e-008 0.0290027
1.739705e-008 0.0917556
1.741372e-008 0.0758731
1.743038e-008 -0.00681909
1.744705e-008 -0.0192488
1.746372e-008 0.00949493
1.748038e-008 -0.0304701
1.749705e-008 -0.0627529
1.751372e-008 -0.0110486
1.753038e-008 -0.00034527
1.754705e-008 -0.0681909
1.756372e-008 -0.0526537
1.758038e-008 0.0576601
1.759705e-008 0.0943451
1.761372e-008 0.0480789
1.763038e-008 0.02719
1.764705e-008 0.0157961
1.766372e-008 -0.0185583
1.768038e-008 -0.0151056
1.769705e-008 0.0140698
1.771372e-008 -0.0154508
1.773038e-008 -0.0749237
1.774705e-008 -0.0829512
1.776372e-008 -0.0571422
1.778038e-008 -0.0387566
1.779705e-008 -0.0170046
1.781372e-008 0.00535169
1.783038e-008 0.0167456
1.784705e-008 0.0372892
1.786372e-008 0.0561064
1.788038e-008 0.0310743
1.789705e-008 -0.00889071
1.791372e-008 -0.00500642
1.793038e-008 0.0100128
1.794705e-008 -0.0166593
1.796372e-008 -0.0397061
1.798038e-008 -0.0164003
1.799705e-008 -0.00526537
1.801372e-008 -0.0308154
1.803038e-008 -0.0151919
1.804705e-008 0.0447125
1.806372e-008 0.0406556
1.808038e-008 -0.0270174
1.809705e-008 -0.0398787
1.811372e-008 0.00362534
1.813038e-008 0.0104444
1.814705e-008 -0.00604223
1.816372e-008 0.00535169
1.818038e-008 0.00112213
1.819705e-008 -0.0315059
1.821372e-008 -0.0261542
1.823038e-008 0.00138108
1.824705e-008 -0.0105307
1.826372e-008 -0.014674
1.828038e-008 0.0340954
1.829705e-008 0.0609402
1.831372e-008 0.0239963
1.833038e-008 -0.0147603
1.834705e-008 -0.0224426
1.836372e-008 -0.0142424
1.838038e-008 0.00328007
1.839705e-008 0.00517905
1.841372e-008 -0.0185583
1.843038e-008 -0.0231331
1.844705e-008 -0.0121708
1.846372e-008 -0.0295206
1.848038e-008 -0.0266721
1.849705e-008 0.0292617
1.851372e-008 0.0286574
1.853038e-008 -0.0631845
1.854705e-008 -0.103667
1.856372e-008 -0.0486831
1.858038e-008 -0.0100992
1.859705e-008 -0.0153645
1.861372e-008 -0.0171772
1.863038e-008 -0.02555
1.864705e-008 -0.0296069
1.866372e-008 0.00120845
1.868038e-008 0.0093223
1.869705e-008 -0.0264132
1.871372e-008 -0.0107897
1.873038e-008 0.0586096
1.874705e-008 0.0715573
1.876372e-008 0.02719
1.878038e-008 -0.00422956
1.879705e-008 -0.0257226
1.881372e-008 -0.0341818
1.883038e-008 -0.0135519
1.884705e-008 -0.0235647
1.886372e-008 -0.0662919
1.888038e-008 -0.0391019
1.889705e-008 0.0342681
1.891372e-008 0.034786
1.893038e-008 0.00112213
1.894705e-008 0.0145877
1.896372e-008 0.0157098
1.898038e-008 -0.0141561
1.899705e-008 0.00276216
1.901372e-008 0.034527
1.903038e-008 0.0120845
1.904705e-008 -0.00630118
1.906372e-008 0.00707804
1.908038e-008 -0.00526537
1.909705e-008 -0.00906335
1.911372e-008 0.0314196
1.913038e-008 0.0185583
1.914705e-008 -0.0548117
1.916372e-008 -0.0502368
1.918038e-008 0.0167456
1.919705e-008 0.00500642
1.921372e-008 -0.0599044
1.923038e-008 -0.0668961
1.924705e-008 -0.0287438
1.926372e-008 0.00138108
1.928038e-008 0.00949493
1.929705e-008 -0.0176951
1.931372e-008 -0.0391882
1.933038e-008 0.00733699
1.934705e-008 0.0578328
1.936372e-008 0.0196804
1.938038e-008 -0.047302
1.939705e-008 -0.0506684
1.941372e-008 -0.0100128
1.943038e-008 0.0296069
1.944705e-008 0.0485968
1.946372e-008 0.0248595
1.948038e-008 -0.0150193
1.949705e-008 -0.0182993
1.951372e-008 -0.00328007
1.953038e-008 -0.0044022
1.954705e-008 -0.00422956
1.956372e-008 -0.00535169
1.958038e-008 -0.020112
1.959705e-008 -0.00604223
1.961372e-008 0.0306427
1.963038e-008 0.00181267
1.964705e-008 -0.082088
1.966372e-008 -0.0985747
1.968038e-008 -0.0230468
1.969705e-008 0.0394471
1.971372e-008 0.0162277
1.973038e-008 -0.0510137
1.974705e-008 -0.0660329
1.976372e-008 -0.013034
1.978038e-008 0.0110486
1.979705e-008 -0.0267584
1.981372e-008 -0.0387566
1.983038e-008 -0.0160551
1.984705e-008 -0.0259816
1.986372e-008 -0.0234784
1.988038e-008 0.0253774
1.989705e-008 0.0106171
1.991372e-008 -0.0533443
1.993038e-008 8.63176e-005
1.994705e-008 0.108846
1.996372e-008 0.0760458
1.998038e-008 -0.0160551
1.999705e-008 -0.00405693
2.001372e-008 0.0222699
2.003038e-008 -0.0158824
2.004705e-008 -0.0216657
2.006372e-008 -0.00258953
2.008038e-008 -0.0393608
2.009705e-008 -0.0517042
2.011372e-008 0.0168319
2.013038e-008 0.0610265
2.014705e-008 0.0487694
2.016372e-008 0.0386703
2.018038e-008 0.0164003
2.019705e-008 -0.00250321
2.021372e-008 0.0321101
2.023038e-008 0.0277943
2.024705e-008 -0.0685362
2.026372e-008 -0.0940862
2.028038e-008 -0.00284848
2.029705e-008 0.0296069
2.031372e-008 -0.00561064
2.033038e-008 0.0223563
2.034705e-008 0.0466115
2.036372e-008 -0.0164003
2.038038e-008 -0.0428998
2.039705e-008 0.012516
2.041372e-008 0.0282258
2.043038e-008 -0.000949493
2.044705e-008 -0.00172635
2.046372e-008 -0.00371166
2.048038e-008 -0.0136382
2.049705e-008 0.0109623
2.051372e-008 0.0189035
2.053038e-008 -0.0123434
2.054705e-008 0.00725068
2.056372e-008 0.0590412
2.058038e-008 0.0361671
2.059705e-008 -0.0138971
2.061372e-008 -0.00630118
2.063038e-008 0.0049201
2.064705e-008 -0.00431588
2.066372e-008 0.0138108
2.068038e-008 0.0155372
2.069705e-008 -0.032887
2.071372e-008 -0.0454894
2.073038e-008 -0.00699172
2.074705e-008 0.00284848
2.076372e-008 -0.00768226
2.078038e-008 -0.0120845
2.079705e-008 -0.0474747
2.081372e-008 -0.0615444
2.083038e-008 0.0177814
2.084705e-008 0.07829
2.086372e-008 0.025291
2.088038e-008 -0.018472
2.089705e-008 0.0251184
2.091372e-008 0.0541211
2.093038e-008 0.0246005
2.094705e-008 -0.011135
2.096372e-008 -0.0485968
2.098038e-008 -0.0736289
2.099705e-008 -0.0384113
2.101372e-008 0.0160551
2.103038e-008 0.0201983
2.104705e-008 -0.000258953
2.106372e-008 -0.00172635
2.108038e-008 0.0188172
2.109705e-008 0.0480789
2.111372e-008 0.0243416
2.113038e-008 -0.0762184
2.114705e-008 -0.121104
2.116372e-008 -0.0321965
2.118038e-008 0.0470431
2.119705e-008 0.0318512
2.121372e-008 0.0260679
2.123038e-008 0.0428998
2.124705e-008 0.0083728
2.126372e-008 -0.00172635
2.128038e-008 0.0720752
2.129705e-008 0.0960715
2.131372e-008 0.0197667
2.133038e-008 -0.0281395
2.134705e-008 -0.0208025
2.136372e-008 -0.0247731
2.138038e-008 -0.00759595
2.139705e-008 0.0403103
2.141372e-008 0.0365987
2.143038e-008 0.00500642
2.144705e-008 0.027449
2.146372e-008 0.0395334
2.148038e-008 -0.025809
2.149705e-008 -0.0722478
2.151372e-008 -0.0315059
2.153038e-008 0.016314
2.154705e-008 0.00034527
2.156372e-008 -0.0577465
2.158038e-008 -0.0984884
2.159705e-008 -0.0706941
2.161372e-008 0.00215794
2.163038e-008 0.0315059
2.164705e-008 -0.000863176
2.166372e-008 -0.0263269
2.168038e-008 -0.0100128
2.169705e-008 0.0286574
2.171372e-008 0.0510137
2.173038e-008 0.014674
2.174705e-008 -0.0389292
2.176372e-008 -0.0139834
2.178038e-008 0.042123
2.179705e-008 0.0110486
2.181372e-008 -0.0424682
2.183038e-008 -0.0151056
2.184705e-008 0.00552432
2.186372e-008 -0.0238237
2.188038e-008 0.0200257
2.189705e-008 0.100474
2.191372e-008 0.0510137
2.193038e-008 -0.0427272
2.194705e-008 -0.0134655
2.196372e-008 0.0316785
2.198038e-008 -0.0142424
2.199705e-008 -0.02555
2.201372e-008 0.0162277
2.203038e-008 -0.0252047
2.204705e-008 -0.083728
2.206372e-008 -0.0316785
2.208038e-008 0.00776858
2.209705e-008 -0.0506684
2.211372e-008 -0.0480789
2.213038e-008 0.0393608
2.214705e-008 0.0314196
2.216372e-008 -0.0497189
2.218038e-008 -0.0321101
2.219705e-008 0.0426409
2.221372e-008 0.0468704
2.223038e-008 0.0153645
2.224705e-008 -0.00863176
2.226372e-008 -0.0596454
2.228038e-008 -0.0832101
2.229705e-008 -0.0106171
2.231372e-008 0.0554159
2.233038e-008 0.00871807
2.234705e-008 -0.0571422
2.236372e-008 -0.02391
2.238038e-008 0.056538
2.239705e-008 0.0813112
2.241372e-008 0.0542074
2.243038e-008 0.0283985
2.244705e-008 -0.00241689
2.246372e-008 -0.0609402
2.248038e-008 -0.0942588
2.249705e-008 -0.0472157
2.251372e-008 0.0145014
2.253038e-008 0.00569696
2.254705e-008 -0.0234784
2.256372e-008 -0.00509274
2.258038e-008 0.00690541
2.259705e-008 -0.0223563
2.261372e-008 -0.0249458
2.263038e-008 0.00949493
2.264705e-008 0.0204573
2.266372e-008 0.019853
2.268038e-008 0.0260679
2.269705e-008 -0.0117392
2.271372e-008 -0.0648245
2.273038e-008 -0.042123
2.274705e-008 -0.000431588
2.276372e-008 -0.0317649
2.278038e-008 -0.0503231
2.279705e-008 0.00759595
2.281372e-008 0.0202846
2.283038e-008 -0.049201
2.284705e-008 -0.0624939
2.286372e-008 8.63176e-005
2.288038e-008 0.0176088
2.289705e-008 -0.011135
2.291372e-008 0.00181267
2.293038e-008 0.0530853
2.294705e-008 0.0853681
2.296372e-008 0.0637887
2.298038e-008 -0.0132066
2.299705e-008 -0.0735426
2.301372e-008 -0.0577465
2.303038e-008 -0.0458346
2.304705e-008 -0.0953809
2.306372e-008 -0.0964167
2.308038e-008 -0.0093223
2.309705e-008 0.0275353
2.311372e-008 -0.0126024
2.313038e-008 -0.00431588
2.314705e-008 0.041864
2.316372e-008 0.0265858
2.318038e-008 -0.00811385
2.319705e-008 -0.0114802
2.321372e-008 -0.0520495
2.323038e-008 -0.112644
2.324705e-008 -0.0774269
2.326372e-008 0.0116529
2.328038e-008 0.0237373
2.329705e-008 -0.00034527
2.331372e-008 0.0358218
2.333038e-008 0.0686225
2.334705e-008 0.0228742
2.336372e-008 -0.0300385
2.338038e-008 -0.0324554
2.339705e-008 -0.0423819
2.341372e-008 -0.0736289
2.343038e-008 -0.052999
2.344705e-008 0.00750963
2.346372e-008 0.00949493
2.348038e-008 -0.038066
2.349705e-008 -0.0321965
2.351372e-008 0.0233057
2.353038e-008 0.0386703
2.354705e-008 0.0136382
2.356372e-008 -0.000863176
2.358038e-008 -0.0131203
2.359705e-008 -0.0141561
2.361372e-008 0.0343544
2.363038e-008 0.0684498
2.364705e-008 0.010876
2.366372e-008 -0.0479926
2.368038e-008 -0.0149329
2.369705e-008 0.0160551
2.371372e-008 -0.0300385
2.373038e-008 -0.0618034
2.374705e-008 -0.032628
2.376372e-008 -0.0117392
2.378038e-008 -0.0098402
2.379705e-008 0.00414324
2.381372e-008 0.00353902
2.383038e-008 -0.00776858
2.384705e-008 0.00975389
2.386372e-008 0.0122571
2.388038e-008 -0.0333186
2.389705e-008 -0.0471294
2.391372e-008 -0.0116529
2.393038e-008 -0.0214068
2.394705e-008 -0.0660329
2.396372e-008 -0.0542938
2.398038e-008 -0.0253774
2.399705e-008 -0.04946
2.401372e-008 -0.0574012
2.403038e-008 0.00371166
2.404705e-008 0.0520495
2.406372e-008 0.0423819
2.408038e-008 0.0288301
2.409705e-008 0.023651
2.411372e-008 -0.00397061
2.413038e-008 -0.0281395
2.414705e-008 -0.0195941
2.416372e-008 -0.0192488
2.418038e-008 -0.0538622
2.419705e-008 -0.0713846
2.421372e-008 -0.0339228
2.423038e-008 0.0126024
2.424705e-008 0.0233921
2.426372e-008 0.0208025
2.428038e-008 0.0234784
2.429705e-008 0.0123434
2.431372e-008 0.00250321
2.433038e-008 0.0185583
2.434705e-008 0.00854544
2.436372e-008 -0.0578328
2.438038e-008 -0.0892524
2.439705e-008 -0.0346133
2.441372e-008 0.0212341
2.443038e-008 0.0405693
2.444705e-008 0.0731973
2.446372e-008 0.0895113
2.448038e-008 0.0444536
2.449705e-008 0.013034
2.451372e-008 0.0284848
2.453038e-008 0.00397061
2.454705e-008 -0.0525674
2.456372e-008 -0.0442809
2.458038e-008 -0.0093223
2.459705e-008 -0.0315922
2.461372e-008 -0.0602497
2.463038e-008 -0.0406556
2.464705e-008 -0.00699172
2.466372e-008 0.0289164
2.468038e-008 0.0481652
2.469705e-008 -0.00466115
2.471372e-008 -0.0618897
2.473038e-008 -0.0100992
2.474705e-008 0.0523948
2.476372e-008 -0.0106171
2.478038e-008 -0.0845049
2.479705e-008 -0.0416914
2.481372e-008 0.0156235
2.483038e-008 0.00733699
2.484705e-008 0.0176951
2.486372e-008 0.0672414
2.488038e-008 0.0772542
2.489705e-008 0.0415188
2.491372e-008 0.00517905
2.493038e-008 -0.0098402
2.494705e-008 0.0106171
2.496372e-008 0.0291753
2.498038e-008 -0.0120845
2.499705e-008 -0.0502368
2.501372e-008 0.000863176
2.503038e-008 0.0568833
2.504705e-008 0.0252047
2.506372e-008 -0.00681909
2.508038e-008 0.0309017
2.509705e-008 0.0502368
2.511372e-008 -0.00371166
2.513038e-008 -0.065774
2.514705e-008 -0.0738015
2.516372e-008 -0.0211478
2.518038e-008 0.0435041
2.519705e-008 0.0408282
2.521372e-008 -0.0109623
2.523038e-008 -0.0162277
2.524705e-008 -0.00181267
2.526372e-008 -0.0511
2.528038e-008 -0.0863176
2.529705e-008 -0.0187309
2.531372e-008 0.0512726
2.533038e-008 0.0466978
2.534705e-008 0.0500642
2.536372e-008 0.0805343
2.538038e-008 0.0611992
2.539705e-008 0.0131203
2.541372e-008 -0.00690541
2.543038e-008 -0.0262405
2.544705e-008 -0.0453167
2.546372e-008 -0.0391019
2.548038e-008 -0.0630981
2.549705e-008 -0.111781
2.551372e-008 -0.0646519
2.553038e-008 0.0433314
2.554705e-008 0.0377208
2.556372e-008 -0.0460073
2.558038e-008 -0.0374618
2.559705e-008 0.0280532
2.561372e-008 0.027449
2.563038e-008 -0.00310743
2.564705e-008 -0.0138971
2.566372e-008 -0.045403
2.568038e-008 -0.0702625
2.569705e-008 -0.0273627
2.571372e-008 0.025809
2.573038e-008 0.0233057
2.574705e-008 0.000517905
2.576372e-008 -0.0183856
2.578038e-008 -0.0410008
2.579705e-008 -0.0300385
2.581372e-008 0.0195941
2.583038e-008 0.0336639
2.584705e-008 -0.0128613
2.586372e-008 -0.0605949
2.588038e-008 -0.0615444
2.589705e-008 -0.0145877
2.591372e-008 0.029089
2.593038e-008 -0.000863176
2.594705e-008 -0.0646519
2.596372e-008 -0.0463525
2.598038e-008 0.0262405
2.599705e-008 0.0264995
2.601372e-008 -0.0250321
2.603038e-008 -0.0232194
2.604705e-008 0.0189035
2.606372e-008 0.0417777
2.608038e-008 0.0405693
2.609705e-008 0.00794122
2.611372e-008 -0.0356492
2.613038e-008 -0.0202846
2.614705e-008 0.0296932
2.616372e-008 0.0237373
2.618038e-008 -0.00621487
2.619705e-008 0.00466115
2.621372e-008 0.0063875
2.623038e-008 -0.0164867
2.624705e-008 0.00129476
2.626372e-008 0.0214068
2.628038e-008 -0.0216657
2.629705e-008 -0.0543801
2.631372e-008 -0.0339228
2.633038e-008 -0.030988
2.634705e-008 -0.0296069
2.636372e-008 0.0115666
2.638038e-008 -0.00120845
2.639705e-008 -0.0763911
2.641372e-008 -0.0635297
2.643038e-008 0.0145877
2.644705e-008 0.00630118
2.646372e-008 -0.0264132
2.648038e-008 0.0178677
2.649705e-008 0.0320238
2.651372e-008 -0.0119118
2.653038e-008 0.0206299
2.654705e-008 0.0818291
2.656372e-008 0.0321965
2.658038e-008 -0.0379797
2.659705e-008 -0.0256363
2.661372e-008 -0.019853
2.663038e-008 -0.0391882
2.664705e-008 -0.00750963
2.666372e-008 0.016314
2.668038e-008 -0.0113939
2.669705e-008 0.00448851
2.671372e-008 0.0425546
2.673038e-008 0.00189899
2.674705e-008 -0.0260679
2.676372e-008 0.0328007
2.678038e-008 0.0359944
2.679705e-008 -0.0400514
2.681372e-008 -0.0270174
2.683038e-008 0.0561927
2.684705e-008 0.060077
2.686372e-008 0.0195941
2.688038e-008 0.00224426
2.689705e-008 -0.0392745
2.691372e-008 -0.0663782
2.693038e-008 -0.0109623
2.694705e-008 0.0245142
2.696372e-008 -0.0154508
2.698038e-008 -0.0116529
2.699705e-008 0.0354765
2.701372e-008 0.00630118
2.703038e-008 -0.0459209
2.704705e-008 -0.0267584
2.706372e-008 -0.0113939
2.708038e-008 -0.0253774
2.709705e-008 0.0208025
2.711372e-008 0.0738015
2.713038e-008 0.025809
2.714705e-008 -0.0391019
2.716372e-008 -0.0286574
2.718038e-008 -0.00940862
2.719705e-008 -0.00189899
2.721372e-008 0.0416051
2.723038e-008 0.0564517
2.724705e-008 -0.00120845
2.726372e-008 -0.0166593
2.728038e-008 0.0415188
2.729705e-008 0.0434177
2.731372e-008 -0.0197667
2.733038e-008 -0.0286574
2.734705e-008 0.00431588
2.736372e-008 -0.00863176
2.738038e-008 -0.0354765
2.739705e-008 -0.0283985
2.741372e-008 -0.029348
2.743038e-008 -0.0362534
2.744705e-008 0.00725068
2.746372e-008 0.0583507
2.748038e-008 0.0416051
2.749705e-008 0.0115666
2.751372e-008 0.0431588
2.753038e-008 0.0692267
2.754705e-008 0.0114802
2.756372e-008 -0.0613718
2.758038e-008 -0.0537758
2.759705e-008 0.00448851
2.761372e-008 0.032887
2.763038e-008 0.0196804
2.764705e-008 -0.00474747
2.766372e-008 -0.0251184
2.768038e-008 -0.0335775
2.769705e-008 -0.025809
2.771372e-008 -0.0167456
2.773038e-008 -0.0156235
2.774705e-008 -0.00466115
2.776372e-008 0.0156235
2.778038e-008 0.00742331
2.779705e-008 -0.0241689
2.781372e-008 -0.0119118
2.783038e-008 0.0431588
2.784705e-008 0.0445399
2.786372e-008 -0.0129476
2.788038e-008 -0.00759595
2.789705e-008 0.0725068
2.791372e-008 0.0906335
2.793038e-008 0.0252047
2.794705e-008 0.00552432
2.796372e-008 0.0585233
2.798038e-008 0.0855407
2.799705e-008 0.0559338
2.801372e-008 0.0119118
2.803038e-008 -0.0264995
2.804705e-008 -0.043763
2.806372e-008 -0.0328007
2.808038e-008 -0.0176088
2.809705e-008 0.00561064
2.811372e-008 0.0403103
2.813038e-008 0.0286574
2.814705e-008 -0.00768226
2.816372e-008 0.0485105
2.818038e-008 0.130771
2.819705e-008 0.0563654
2.821372e-008 -0.0729383
2.823038e-008 -0.0377208
2.824705e-008 0.0523084
2.826372e-008 0.0164003
2.828038e-008 -0.019853
2.829705e-008 0.0353039
2.831372e-008 0.0317649
2.833038e-008 -0.0289164
2.834705e-008 0.0049201
2.836372e-008 0.0496326
2.838038e-008 -0.0126024
2.839705e-008 -0.0381524
2.841372e-008 0.0322828
2.843038e-008 0.029089
2.844705e-008 -0.0406556
2.846372e-008 -0.0203709
2.848038e-008 0.0251184
2.849705e-008 -0.0115666
2.851372e-008 -0.0260679
2.853038e-008 0.02391
2.854705e-008 0.0214931
2.856372e-008 -0.0189035
2.858038e-008 -0.00388429
2.859705e-008 0.00949493
2.861372e-008 -0.0211478
2.863038e-008 -0.0118255
2.864705e-008 0.0243416
2.866372e-008 -0.00647382
2.868038e-008 -0.0474747
2.869705e-008 -0.0114802
2.871372e-008 0.0206299
2.873038e-008 -0.0230468
2.874705e-008 -0.0528264
2.876372e-008 -0.0083728
2.878038e-008 0.0224426
2.879705e-008 -0.0202846
2.881372e-008 -0.0550706
2.883038e-008 -0.0103581
2.884705e-008 0.0462662
2.886372e-008 0.0337502
2.888038e-008 -0.00526537
2.889705e-008 -0.0188172
2.891372e-008 -0.0445399
2.893038e-008 -0.0724204
2.894705e-008 -0.0277079
2.896372e-008 0.0343544
2.898038e-008 0.000517905
2.899705e-008 -0.056538
2.901372e-008 -0.0211478
2.903038e-008 0.0252047
2.904705e-008 -0.00578328
2.906372e-008 -0.0286574
2.908038e-008 0.00656014
2.909705e-008 0.029089
2.911372e-008 0.0295206
2.913038e-008 0.0427272
2.914705e-008 0.0323691
2.916372e-008 -0.0058696
2.918038e-008 -0.00854544
2.919705e-008 0.0115666
2.921372e-008 -0.00034527
2.923038e-008 -0.0202846
2.924705e-008 -0.0257226
2.926372e-008 -0.0384113
2.928038e-008 -0.0197667
2.929705e-008 0.0583507
2.931372e-008 0.0922735
2.933038e-008 0.0201983
2.934705e-008 -0.0331459
2.936372e-008 0.0218383
2.938038e-008 0.0817427
2.939705e-008 0.0536032
2.941372e-008 -0.00379797
2.943038e-008 -0.0277943
2.944705e-008 -0.0374618
2.946372e-008 -0.0334912
2.948038e-008 0.0034527
2.949705e-008 0.0210615
2.951372e-008 -0.0216657
2.953038e-008 -0.0428998
2.954705e-008 0.0117392
2.956372e-008 0.0419503
2.958038e-008 -0.0014674
2.959705e-008 -0.0049201
2.961372e-008 0.0550706
2.963038e-008 0.0518769
2.964705e-008 -0.0112213
2.966372e-008 -0.0174361
2.968038e-008 0.00129476
2.969705e-008 -0.0289164
2.971372e-008 -0.0340091
2.973038e-008 0.0150193
2.974705e-008 0.0178677
2.976372e-008 -0.0191625
2.978038e-008 -0.0123434
2.979705e-008 -0.00258953
2.981372e-008 -0.0204573
2.983038e-008 0.00621487
2.984705e-008 0.0374618
2.986372e-008 -0.0176951
2.988038e-008 -0.0535169
2.989705e-008 0.0273627
2.991372e-008 0.0864039
2.993038e-008 0.0391019
2.994705e-008 -8.63176e-005
2.996372e-008 -0.00569696
2.998038e-008 -0.0435041
2.999705e-008 -0.047561
3.001372e-008 0.0202846
3.003038e-008 0.0267584
3.004705e-008 -0.0541211
3.006372e-008 -0.0681909
3.008038e-008 0.00716436
3.009705e-008 0.0471294
3.011372e-008 0.0375481
3.013038e-008 0.0438493
3.014705e-008 0.045662
3.016372e-008 0.0119981
3.018038e-008 -0.0117392
3.019705e-008 -0.00215794
3.021372e-008 -0.00474747
3.023038e-008 -0.0343544
3.024705e-008 -0.0384976
3.026372e-008 -0.00397061
3.028038e-008 -0.00103581
3.029705e-008 -0.0519632
3.031372e-008 -0.0706078
3.033038e-008 -0.0176088
3.034705e-008 0.0291753
3.036372e-008 0.0244279
3.038038e-008 0.000863176
3.039705e-008 -0.0324554
3.041372e-008 -0.0624939
3.043038e-008 -0.0450578
3.044705e-008 -0.0137245
3.046372e-008 -0.0367713
3.048038e-008 -0.0683635
3.049705e-008 -0.05274
3.051372e-008 -0.0320238
3.053038e-008 -0.00794122
3.054705e-008 0.0443672
3.056372e-008 0.0378071
3.058038e-008 -0.0451441
3.059705e-008 -0.044022
3.061372e-008 0.0533443
3.063038e-008 0.063875
3.064705e-008 -0.00923598
3.066372e-008 -0.0226152
3.068038e-008 -0.0161414
3.069705e-008 -0.0533443
3.071372e-008 -0.0466115
3.073038e-008 -0.0112213
3.074705e-008 -0.054639
3.076372e-008 -0.0874397
3.078038e-008 -0.00802753
3.079705e-008 0.0428135
3.081372e-008 -0.0175225
3.083038e-008 -0.0460936
3.084705e-008 0.00422956
3.086372e-008 0.0226152
3.088038e-008 -0.0049201
3.089705e-008 -0.0191625
3.091372e-008 -0.0169182
3.093038e-008 0.00129476
3.094705e-008 0.0227015
3.096372e-008 0.000431588
3.098038e-008 -0.0382387
3.099705e-008 -0.036426
3.101372e-008 -0.0329733
3.103038e-008 -0.0397061
3.104705e-008 0.0093223
3.106372e-008 0.0614581
3.108038e-008 0.0180404
3.109705e-008 -0.0272764
3.111372e-008 0.0264132
3.113038e-008 0.0645655
3.114705e-008 0.00172635
3.116372e-008 -0.0593002
3.118038e-008 -0.056797
3.119705e-008 -0.0398787
3.121372e-008 -0.0224426
3.123038e-008 -0.00250321
3.124705e-008 -0.00811385
3.126372e-008 -0.0242552
3.128038e-008 -0.016573
3.129705e-008 0.00431588
3.131372e-008 0.0233921
3.133038e-008 0.0238237
3.134705e-008 -0.0192488
3.136372e-008 -0.0599044
3.138038e-008 -0.0333186
3.139705e-008 0.0149329
3.141372e-008 0.0249458
3.143038e-008 0.0239963
3.144705e-008 0.0140698
3.146372e-008 -0.0223563
3.148038e-008 -0.0189035
3.149705e-008 0.0384113
3.151372e-008 0.0430725
3.153038e-008 -0.0123434
3.154705e-008 -0.0371166
3.156372e-008 -0.0480789
3.158038e-008 -0.0718162
3.159705e-008 -0.0411735
3.161372e-008 0.00699172
3.163038e-008 -0.0270174
3.164705e-008 -0.0653424
3.166372e-008 -0.0273627
3.168038e-008 -0.0118255
3.169705e-008 -0.0270174
3.171372e-008 0.038584
3.173038e-008 0.100215
3.174705e-008 0.0329733
3.176372e-008 -0.0279669
3.178038e-008 0.0210615
3.179705e-008 0.0471294
3.181372e-008 0.0123434
3.183038e-008 0.0136382
3.184705e-008 0.00466115
3.186372e-008 -0.0593865
3.188038e-008 -0.0588686
3.189705e-008 0.0123434
3.191372e-008 0.016573
3.193038e-008 -0.0272764
3.194705e-008 -0.0353039
3.196372e-008 -0.054639
3.198038e-008 -0.0679319
3.199705e-008 0.016314
3.201372e-008 0.0927051
3.203038e-008 0.0261542
3.204705e-008 -0.0531716
3.206372e-008 -0.0126024
3.208038e-008 0.0492873
3.209705e-008 0.058437
3.211372e-008 0.0574012
3.213038e-008 0.0254637
3.214705e-008 -0.0384976
3.216372e-008 -0.0294343
3.218038e-008 0.0353039
3.219705e-008 0.0132929
3.221372e-008 -0.0610265
3.223038e-008 -0.0331459
3.224705e-008 0.0642203
3.226372e-008 0.0840733
3.228038e-008 0.02391
3.229705e-008 -0.020112
3.231372e-008 -0.0219247
3.233038e-008 -0.016573
3.234705e-008 -0.016573
3.236372e-008 -0.00871807
3.238038e-008 -0.00336639
3.239705e-008 -0.0314196
3.241372e-008 -0.0679319
3.243038e-008 -0.0444536
3.244705e-008 0.0186446
3.246372e-008 0.0256363
3.248038e-008 -0.0205436
3.249705e-008 -0.0313333
3.251372e-008 -0.0044022
3.253038e-008 0.00138108
3.254705e-008 -0.00561064
3.256372e-008 0.00284848
3.258038e-008 0.00725068
3.259705e-008 0.00284848
3.261372e-008 0.0102718
3.263038e-008 0.0156235
3.264705e-008 0.00164003
3.266372e-008 -0.0112213
3.268038e-008 -0.00880439
3.269705e-008 0.00517905
3.271372e-008 0.0277079
3.273038e-008 0.0315059
3.274705e-008 0.000517905
3.276372e-008 -0.00958125
3.278038e-008 0.0302112
3.279705e-008 0.0408282
3.281372e-008 -0.0119118
3.283038e-008 -0.0355628
3.284705e-008 -0.00129476
3.286372e-008 0.00215794
3.288038e-008 -0.029348
3.289705e-008 -0.0145877
3.291372e-008 0.0119118
3.293038e-008 -0.0368576
3.294705e-008 -0.0972799
3.296372e-008 -0.0645655
3.298038e-008 0.00120845
3.299705e-008 -0.00966757
3.301372e-008 -0.0579191
3.303038e-008 -0.0405693
3.304705e-008 0.0281395
3.306372e-008 0.0505821
3.308038e-008 0.00569696
3.309705e-008 -0.025809
3.311372e-008 -0.0019853
3.313038e-008 0.011135
3.314705e-008 -0.0301248
3.316372e-008 -0.0635297
3.318038e-008 -0.0472157
3.319705e-008 -0.0252047
3.321372e-008 -0.0129476
3.323038e-008 0.0078549
3.324705e-008 -0.00172635
3.326372e-008 -0.0469568
3.328038e-008 -0.0330596
3.329705e-008 0.0428135
3.331372e-008 0.0499779
3.333038e-008 -0.0177814
3.334705e-008 -0.027449
3.336372e-008 0.0295206
3.338038e-008 0.051359
3.339705e-008 0.0289164
3.341372e-008 0.00509274
3.343038e-008 -0.0182993
3.344705e-008 -0.0185583
3.346372e-008 0.018213
3.348038e-008 0.0350449
3.349705e-008 0.0190762
3.351372e-008 0.0242552
3.353038e-008 0.0315922
3.354705e-008 0.00535169
3.356372e-008 0.00448851
3.358038e-008 0.0377208
3.359705e-008 0.0192488
3.361372e-008 -0.0261542
3.363038e-008 -0.00897703
3.364705e-008 0.0190762
3.366372e-008 -0.00138108
3.368038e-008 0.00164003
3.369705e-008 0.0333186
3.371372e-008 0.0106171
3.373038e-008 -0.0140698
3.374705e-008 0.0362534
3.376372e-008 0.060336
3.378038e-008 -0.00353902
3.379705e-008 -0.036685
3.381372e-008 -0.00707804
3.383038e-008 -0.0160551
3.384705e-008 -0.0410872
3.386372e-008 0.00302112
3.388038e-008 0.0460073
3.389705e-008 0.0058696
3.391372e-008 -0.030988
3.393038e-008 0.0177814
3.394705e-008 0.0745784
3.396372e-008 0.045403
3.398038e-008 -0.02555
3.399705e-008 -0.0348723
3.401372e-008 0.00880439
3.403038e-008 0.0063875
3.404705e-008 -0.0428135
3.406372e-008 -0.0397061
3.408038e-008 0.0119118
3.409705e-008 0.025291
3.411372e-008 0.0155372
3.413038e-008 0.0208889
3.414705e-008 -0.0151056
3.416372e-008 -0.0779448
3.418038e-008 -0.0552432
3.419705e-008 0.0147603
3.421372e-008 0.000863176
3.423038e-008 -0.054898
3.424705e-008 -0.0524811
3.426372e-008 -0.0283122
3.428038e-008 -0.00569696
3.429705e-008 0.0505821
3.431372e-008 0.0666372
3.433038e-008 -0.0113076
3.434705e-008 -0.0455757
3.436372e-008 0.0331459
3.438038e-008 0.0764774
3.439705e-008 0.0279669
3.441372e-008 0.0100128
3.443038e-008 0.0372892
3.444705e-008 0.0145014
3.446372e-008 -0.0353902
3.448038e-008 -0.0329733
3.449705e-008 0.00112213
3.451372e-008 0.0205436
3.453038e-008 0.0251184
3.454705e-008 0.0109623
3.456372e-008 -0.0170909
3.458038e-008 -0.0161414
3.459705e-008 0.0223563
3.461372e-008 0.0376345
3.463038e-008 -0.00604223
3.464705e-008 -0.0490284
3.466372e-008 -0.0172635
3.468038e-008 0.0520495
3.469705e-008 0.0582644
3.471372e-008 0.00414324
3.473038e-008 -0.0228742
3.474705e-008 -0.0177814
3.476372e-008 -0.0306427
3.478038e-008 -0.0396198
3.479705e-008 -0.0253774
3.481372e-008 -0.0396198
3.483038e-008 -0.0750963
3.484705e-008 -0.0561064
3.486372e-008 0.00336639
3.488038e-008 0.0346133
3.489705e-008 0.0485105
3.491372e-008 0.0640476
3.493038e-008 0.0465252
3.494705e-008 0.0116529
3.496372e-008 0.0119118
3.498038e-008 0.0227878
3.499705e-008 0.0034527
3.501372e-008 -0.0148466
3.503038e-008 -0.00578328
3.504705e-008 0.00509274
3.506372e-008 0.00371166
3.508038e-008 -0.00103581
3.509705e-008 -0.00310743
3.511372e-008 0.00595591
3.513038e-008 0.019853
3.514705e-008 0.0181267
3.516372e-008 0.00509274
3.518038e-008 -0.00621487
3.519705e-008 -0.0162277
3.521372e-008 -0.00690541
3.523038e-008 0.0213204
3.524705e-008 0.0100128
3.526372e-008 -0.0450578
3.528038e-008 -0.0589549
3.529705e-008 -0.0194215
3.531372e-008 0.00889071
3.533038e-008 0.0294343
3.534705e-008 0.0477336
3.536372e-008 0.00258953
3.538038e-008 -0.0629255
3.539705e-008 -0.025809
3.541372e-008 0.0562791
3.543038e-008 0.0426409
3.544705e-008 -0.0122571
3.546372e-008 -0.00690541
3.548038e-008 8.63176e-005
3.549705e-008 -0.0277943
3.551372e-008 -0.0231331
3.553038e-008 -0.00189899
3.554705e-008 -0.0154508
3.556372e-008 0.000949493
3.558038e-008 0.0656877
3.559705e-008 0.0649971
3.561372e-008 -0.011135
3.563038e-008 -0.0388429
3.564705e-008 -0.00526537
3.566372e-008 -0.0019853
3.568038e-008 -0.0355628
3.569705e-008 -0.0521358
3.571372e-008 -0.0390155
3.573038e-008 -0.00448851
3.574705e-008 0.0325417
3.576372e-008 0.0346997
3.578038e-008 0.0019853
3.579705e-008 -0.0227878
3.581372e-008 -0.02391
3.583038e-008 -0.0156235
3.584705e-008 -0.00353902
3.586372e-008 0.00353902
3.588038e-008 -0.00880439
3.589705e-008 -0.0283122
3.591372e-008 -0.0280532
3.593038e-008 -0.00561064
3.594705e-008 0.0123434
3.596372e-008 0.0063875
3.598038e-008 -0.00725068
3.599705e-008 -0.00284848
3.601372e-008 0.00958125
3.603038e-008 0.00914966
3.604705e-008 0.00250321
3.606372e-008 -0.00405693
3.608038e-008 -0.00656014
3.609705e-008 0.0218383
3.611372e-008 0.062235
3.613038e-008 0.0336639
3.614705e-008 -0.043763
3.616372e-008 -0.0441083
3.618038e-008 0.0237373
3.619705e-008 0.0268448
3.621372e-008 -0.0209752
3.623038e-008 -0.00940862
3.624705e-008 0.0237373
3.626372e-008 0.0029348
3.628038e-008 -0.00535169
3.629705e-008 0.0338365
3.631372e-008 0.0264995
3.633038e-008 -0.0287438
3.634705e-008 -0.0223563
3.636372e-008 0.0275353
3.638038e-008 0.0164867
3.639705e-008 -0.0288301
3.641372e-008 -0.0200257
3.643038e-008 0.0261542
3.644705e-008 0.0495463
3.646372e-008 0.0384113
3.648038e-008 0.00138108
3.649705e-008 -0.0296932
3.651372e-008 -0.00250321
3.653038e-008 0.0594728
3.654705e-008 0.0635297
3.656372e-008 -0.00319375
3.658038e-008 -0.0612855
3.659705e-008 -0.073111
3.661372e-008 -0.0651698
3.663038e-008 -0.0555885
3.664705e-008 -0.0542074
3.666372e-008 -0.0611992
3.668038e-008 -0.0351313
3.669705e-008 0.0346997
3.671372e-008 0.0640476
3.673038e-008 0.00975389
3.674705e-008 -0.0322828
3.676372e-008 0.00595591
3.678038e-008 0.0517905
3.679705e-008 0.0466978
3.681372e-008 0.0350449
3.683038e-008 0.0395334
3.684705e-008 0.0283122
3.686372e-008 0.00716436
3.688038e-008 0.00172635
3.689705e-008 -0.000949493
3.691372e-008 -0.0124297
3.693038e-008 -0.0230468
3.694705e-008 -0.0277079
3.696372e-008 -0.0103581
3.698038e-008 0.0311606
3.699705e-008 0.0397924
3.701372e-008 -0.00750963
3.703038e-008 -0.0360807
3.704705e-008 -0.016573
3.706372e-008 -0.0183856
3.708038e-008 -0.0469568
3.709705e-008 -0.0376345
3.711372e-008 -0.00863176
3.713038e-008 -0.0154508
3.714705e-008 -0.0317649
3.716372e-008 -0.0260679
3.718038e-008 -0.0171772
3.719705e-008 -0.00509274
3.721372e-008 0.00880439
3.723038e-008 -0.0100992
3.724705e-008 -0.0428135
3.726372e-008 -0.0384113
3.728038e-008 -0.0228742
3.729705e-008 -0.0224426
3.731372e-008 0.000863176
3.733038e-008 0.0235647
3.734705e-008 -0.0129476
3.736372e-008 -0.0397061
3.738038e-008 0.0101855
3.739705e-008 0.0395334
3.741372e-008 -0.00595591
3.743038e-008 -0.0215794
3.744705e-008 0.0102718
3.746372e-008 -0.0049201
3.748038e-008 -0.0335775
3.749705e-008 0.00362534
3.751372e-008 0.0259816
3.753038e-008 -0.0318512
3.754705e-008 -0.0623213
3.756372e-008 -0.00940862
3.758038e-008 0.0191625
3.759705e-008 -0.0249458
3.761372e-008 -0.0531716
3.763038e-008 -0.0226152
3.764705e-008 0.00664645
3.766372e-008 0.00181267
3.768038e-008 0.00828649
3.769705e-008 0.0477336
3.771372e-008 0.0539485
3.773038e-008 -0.0117392
3.774705e-008 -0.0579191
3.776372e-008 -0.0118255
3.778038e-008 0.0302975
3.779705e-008 -0.0218383
3.781372e-008 -0.07501
3.783038e-008 -0.034527
3.784705e-008 0.0227878
3.786372e-008 0.0126887
3.788038e-008 -0.022011
3.789705e-008 -0.030988
3.791372e-008 -0.0246005
3.793038e-008 -0.00103581
3.794705e-008 0.0435041
3.796372e-008 0.0629255
3.798038e-008 0.0242552
3.799705e-008 -0.0261542
3.801372e-008 -0.0334049
3.803038e-008 -0.0221836
3.804705e-008 -0.0458346
3.806372e-008 -0.0788079
3.808038e-008 -0.0543801
3.809705e-008 0.00422956
3.811372e-008 0.0153645
3.813038e-008 -0.0128613
3.814705e-008 -0.0157098
3.816372e-008 -0.00483378
3.818038e-008 -0.0164003
3.819705e-008 -0.0241689
3.821372e-008 -0.0232194
3.823038e-008 -0.0536895
3.824705e-008 -0.0898566
3.826372e-008 -0.0775132
3.828038e-008 -0.0470431
3.829705e-008 -0.0391019
3.831372e-008 -0.0302112
3.833038e-008 -0.0224426
3.834705e-008 -0.0387566
3.836372e-008 -0.0335775
3.838038e-008 0.00897703
3.839705e-008 -0.00250321
3.841372e-008 -0.0813975
3.843038e-008 -0.0976252
3.844705e-008 -0.0170909
3.846372e-008 0.029089
3.848038e-008 -0.0121708
3.849705e-008 -0.0391019
3.851372e-008 0.00768226
3.853038e-008 0.0609402
3.854705e-008 0.0534306
3.856372e-008 0.0049201
3.858038e-008 -0.0279669
3.859705e-008 -0.0279669
3.861372e-008 -0.0195941
3.863038e-008 -0.0194215
3.864705e-008 -0.0215794
3.866372e-008 -0.02391
3.868038e-008 -0.0252047
3.869705e-008 -0.0136382
3.871372e-008 0.00526537
3.873038e-008 0.00733699
3.874705e-008 -0.00699172
3.876372e-008 -0.0120845
3.878038e-008 0.00362534
3.879705e-008 0.0339228
3.881372e-008 0.0635297
3.883038e-008 0.0626666
3.884705e-008 0.0188172
3.886372e-008 -0.0243416
3.888038e-008 -0.0147603
3.889705e-008 0.0267584
3.891372e-008 0.0283985
3.893038e-008 -0.0266721
3.894705e-008 -0.0693993
3.896372e-008 -0.0478199
3.898038e-008 -0.00612855
3.899705e-008 -0.00405693
3.901372e-008 -0.02555
3.903038e-008 -0.0337502
3.904705e-008 -0.0359081
3.906372e-008 -0.0321965
3.908038e-008 -0.00233057
3.909705e-008 0.0273627
3.911372e-008 0.0128613
3.913038e-008 -0.0234784
3.914705e-008 -0.0314196
3.916372e-008 -0.0109623
3.918038e-008 0.00845912
3.919705e-008 0.00742331
3.921372e-008 -0.00897703
3.923038e-008 -0.00388429
3.924705e-008 0.0340954
3.926372e-008 0.0473883
3.928038e-008 0.00992652
3.929705e-008 -0.0172635
3.931372e-008 -0.0133792
3.933038e-008 -0.0268448
3.934705e-008 -0.0459209
3.936372e-008 -0.0294343
3.938038e-008 -0.0153645
3.939705e-008 -0.0214068
3.941372e-008 0.00958125
3.943038e-008 0.0516179
3.944705e-008 0.0160551
3.946372e-008 -0.049201
3.948038e-008 -0.0479926
3.949705e-008 -0.0247731
3.951372e-008 -0.031247
3.953038e-008 -0.0098402
3.954705e-008 0.0365123
3.956372e-008 0.0210615
3.958038e-008 -0.0315059
3.959705e-008 -0.0305564
3.961372e-008 0.00414324
3.963038e-008 0.0119118
3.964705e-008 0.000690541
3.966372e-008 -0.00897703
3.968038e-008 -0.00768226
3.969705e-008 0.0128613
3.971372e-008 0.0101855
3.973038e-008 -0.0405693
3.974705e-008 -0.052999
3.976372e-008 0.0112213
3.978038e-008 0.0354765
3.979705e-008 -0.0230468
3.981372e-008 -0.0424682
3.983038e-008 0.0104444
3.984705e-008 0.0313333
3.986372e-008 0.00466115
3.988038e-008 -0.0014674
3.989705e-008 0.00880439
3.991372e-008 0.0107897
3.993038e-008 0.0253774
3.994705e-008 0.0372892
3.996372e-008 0.00958125
3.998038e-008 -0.0302112
3.999705e-008 -0.0434177
4.001372e-008 -0.0369439
