LECROYSDA18000 15238 Waveform
Segments 1 SegmentSize 302
Segment TrigTime TimeSinceSegment1
#1 01-Jan-2002 00:50:58 0                 
Time Ampl
-2.91579e-009 0.0115558
-2.89912e-009 -0.00608747
-2.88245e-009 -0.0133036
-2.86579e-009 0.00102509
-2.84912e-009 -0.00415396
-2.83245e-009 -0.0227295
-2.81579e-009 -0.011888
-2.79912e-009 0.0113487
-2.78245e-009 0.00951874
-2.76579e-009 0.0011632
-2.74912e-009 0.00848293
-2.73245e-009 0.0141454
-2.71579e-009 0.00924253
-2.69912e-009 9.28639e-005
-2.68245e-009 -0.0186553
-2.66579e-009 -0.0366439
-2.64912e-009 -0.0283229
-2.63245e-009 -0.00536241
-2.61579e-009 0.000161918
-2.59912e-009 -0.00843531
-2.58245e-009 -0.0131655
-2.56579e-009 -0.0135798
-2.54912e-009 -0.00819362
-2.53245e-009 0.00230259
-2.51579e-009 0.000472661
-2.49912e-009 -0.0130965
-2.48245e-009 -0.0125095
-2.46579e-009 0.00185374
-2.44912e-009 0.00578982
-2.43245e-009 0.00109415
-2.41579e-009 -0.00032146
-2.39912e-009 -0.00888416
-2.38245e-009 -0.0235582
-2.36579e-009 -0.0190351
-2.34912e-009 0.00309672
-2.33245e-009 0.00931158
-2.31579e-009 -0.00577673
-2.29912e-009 -0.0101617
-2.28245e-009 0.00962232
-2.26579e-009 0.0254357
-2.24912e-009 0.0128333
-2.23245e-009 -0.00902227
-2.21579e-009 -0.00871153
-2.19912e-009 0.00444327
-2.18245e-009 0.00188827
-2.16579e-009 -0.00833173
-2.14912e-009 -0.00308362
-2.13245e-009 0.00634226
-2.11579e-009 0.00240617
-2.09912e-009 -0.0030491
-2.08245e-009 -0.00373964
-2.06579e-009 -0.0106796
-2.04912e-009 -0.0134072
-2.03245e-009 0.00219901
-2.01579e-009 0.011763
-1.99912e-009 -0.00222045
-1.98245e-009 -0.00954018
-1.96579e-009 0.00682563
-1.94912e-009 0.0167004
-1.93245e-009 0.00558266
-1.91579e-009 -0.00232403
-1.89912e-009 0.00288955
-1.88245e-009 0.00558266
-1.86579e-009 -0.00056315
-1.84912e-009 -0.00826268
-1.83245e-009 -0.00978187
-1.81579e-009 -0.00204781
-1.79912e-009 0.00713638
-1.78245e-009 0.00941516
-1.76579e-009 0.010451
-1.74912e-009 0.00944969
-1.73245e-009 -0.00550051
-1.71579e-009 -0.019484
-1.69912e-009 -0.00532788
-1.68245e-009 0.016873
-1.66579e-009 0.0128679
-1.64912e-009 0.00254428
-1.63245e-009 0.0123845
-1.61579e-009 0.0180124
-1.59912e-009 0.00454685
-1.58245e-009 -0.000735785
-1.56579e-009 0.00465043
-1.54912e-009 -0.00280741
-1.53245e-009 -0.0103343
-1.51579e-009 0.000334553
-1.49912e-009 0.00696374
-1.48245e-009 0.000438134
-1.46579e-009 0.00451232
-1.44912e-009 0.0116594
-1.43245e-009 -0.00329078
-1.41579e-009 -0.018897
-1.39912e-009 -0.00691612
-1.38245e-009 0.00965685
-1.36579e-009 0.00437422
-1.34912e-009 -0.00833173
-1.33245e-009 -0.00802099
-1.31579e-009 0.00558266
-1.29912e-009 0.0172873
-1.28245e-009 0.00675658
-1.26579e-009 -0.0175159
-1.24912e-009 -0.0180684
-1.23245e-009 0.00264786
-1.21579e-009 0.00185374
-1.19912e-009 -0.015099
-1.18245e-009 -0.00556957
-1.16579e-009 0.0199804
-1.14912e-009 0.0250559
-1.13245e-009 0.021327
-1.11579e-009 0.0269549
-1.09912e-009 0.0229843
-1.08245e-009 0.00623868
-1.06579e-009 0.00306219
-1.04912e-009 0.0141108
-1.03245e-009 0.0160444
-1.01579e-009 0.00492665
-9.99121e-010 -0.00494808
-9.82454e-010 -0.00273835
-9.65787e-010 0.00686016
-9.49121e-010 0.00492665
-9.32454e-010 -0.00809004
-9.15787e-010 -0.00425754
-8.99121e-010 0.0147669
-8.82454e-010 0.0153193
-8.65787e-010 0.00202638
-8.49121e-010 0.00306219
-8.32454e-010 0.00503023
-8.15787e-010 -0.00518977
-7.99121e-010 -0.000114298
-7.82454e-010 0.0168039
-7.65787e-010 0.00475401
-7.49121e-010 -0.0219354
-7.32454e-010 -0.0170671
-7.15787e-010 0.00478854
-6.99121e-010 0.00637678
-6.82454e-010 -0.00736497
-6.65787e-010 -0.0211067
-6.49121e-010 -0.0233855
-6.32454e-010 0.00278597
-6.15787e-010 0.0324102
-5.99121e-010 0.0180469
-5.82454e-010 -0.0139251
-5.65787e-010 -0.00743403
-5.49121e-010 0.0148014
-5.32454e-010 0.0153193
-5.15787e-010 0.0184612
-4.99121e-010 0.0278871
-4.82454e-010 0.0121773
-4.65787e-010 0.00140489
-4.49121e-010 0.0331007
-4.32454e-010 0.0544039
-4.15787e-010 0.0326864
-3.99121e-010 0.0373475
-3.82454e-010 0.0979425
-3.65787e-010 0.152288
-3.49121e-010 0.190509
-3.32454e-010 0.266262
-3.15787e-010 0.37112
-2.99121e-010 0.45768
-2.82454e-010 0.531153
-2.65787e-010 0.606905
-2.49121e-010 0.663875
-2.32454e-010 0.701233
-2.15787e-010 0.748915
-1.99121e-010 0.801776
-1.82454e-010 0.822112
-1.65787e-010 0.804435
-1.49121e-010 0.782924
-1.32454e-010 0.775708
-1.15787e-010 0.758065
-9.91205e-011 0.704582
-8.24539e-011 0.63173
-6.57872e-011 0.567441
-4.91205e-011 0.508711
-3.24539e-011 0.450602
-1.57872e-011 0.409307
8.79457e-013 0.378302
1.75461e-011 0.329722
3.42128e-011 0.276792
5.08795e-011 0.251242
6.75461e-011 0.233979
8.42128e-011 0.192995
1.00879e-010 0.147005
1.17546e-010 0.120454
1.34213e-010 0.0993235
1.50879e-010 0.0756035
1.67546e-010 0.066074
1.84213e-010 0.07184
2.00879e-010 0.0723579
2.17546e-010 0.0567862
2.34213e-010 0.0378309
2.50879e-010 0.0399716
2.67546e-010 0.0602044
2.84213e-010 0.0563374
3.00879e-010 0.0191863
3.17546e-010 0.0037182
3.34213e-010 0.026506
3.50879e-010 0.0280252
3.67546e-010 -0.00463734
3.84213e-010 -0.0104034
4.00879e-010 0.0151121
4.17546e-010 0.0127298
4.34213e-010 -0.0156169
4.50879e-010 -0.0158586
4.67546e-010 0.0151466
4.84213e-010 0.0396954
5.00879e-010 0.0410764
5.17546e-010 0.0248142
5.34213e-010 0.00996759
5.50879e-010 0.0147669
5.67546e-010 0.0237439
5.84213e-010 0.0152502
6.00879e-010 0.00699827
6.17546e-010 0.0128679
6.34213e-010 0.0129024
6.50879e-010 0.0106236
6.67546e-010 0.0266787
6.84213e-010 0.0358974
7.00879e-010 0.0150431
7.17546e-010 -0.000286933
7.34213e-010 0.0101057
7.50879e-010 0.0173219
7.67546e-010 0.0187375
7.84213e-010 0.0296825
8.00879e-010 0.0280943
8.17546e-010 0.00848293
8.34213e-010 0.00616962
8.50879e-010 0.0171147
8.67546e-010 0.0129024
8.84213e-010 0.0137656
9.00879e-010 0.0314434
9.17546e-010 0.0299587
9.34213e-010 0.0141108
9.50879e-010 0.0202912
9.67546e-010 0.0236403
9.84213e-010 -0.000183352
1.00088e-009 -0.00594937
1.01755e-009 0.0179088
1.03421e-009 0.0227426
1.05088e-009 0.012419
1.06755e-009 0.0189791
1.08421e-009 0.0172873
1.10088e-009 0.00036908
1.11755e-009 0.0103474
1.13421e-009 0.0307874
1.15088e-009 0.0151121
1.16755e-009 -0.00543146
1.18421e-009 0.00275145
1.20088e-009 0.00568624
1.21755e-009 -0.000873893
1.23421e-009 0.0137656
1.25088e-009 0.0227426
1.26755e-009 0.00361462
1.28421e-009 -0.00108106
1.30088e-009 0.0135584
1.31755e-009 0.00844841
1.33421e-009 0.00309672
1.35088e-009 0.0183922
1.36755e-009 0.0124881
1.38421e-009 -0.00884964
1.40088e-009 0.00813766
1.41755e-009 0.0306838
1.43421e-009 0.00848293
1.45088e-009 -0.00764119
1.46755e-009 0.0131096
1.48421e-009 0.0150085
1.50088e-009 -0.00218592
1.51755e-009 0.00834482
1.53421e-009 0.0154229
1.55088e-009 -0.0068816
1.56755e-009 -0.00453376
1.58421e-009 0.0224319
1.60088e-009 0.0120047
1.61755e-009 -0.0117499
1.63421e-009 0.00226807
1.65088e-009 0.0102093
1.66755e-009 -0.0179302
1.68421e-009 -0.0263548
1.70088e-009 -0.001012
1.71755e-009 0.0103474
1.73421e-009 0.00503023
1.75088e-009 0.00492665
1.76755e-009 0.00171563
1.78421e-009 -0.00108106
1.80088e-009 0.00824124
1.81755e-009 0.0115558
1.83421e-009 0.00561719
1.85088e-009 0.0101402
1.86755e-009 0.00979496
1.88421e-009 -0.00591484
1.90088e-009 0.00292408
1.91755e-009 0.0370023
1.93421e-009 0.0355176
1.95088e-009 -0.00242761
1.96755e-009 -0.0148228
1.98421e-009 0.00516834
2.00088e-009 0.0160444
2.01755e-009 0.011176
2.03421e-009 0.00855199
2.05088e-009 0.011176
2.06755e-009 0.0119011
2.08421e-009 0.00737807
2.10088e-009 0.00772334
