LECROYSDA18000 15238 Waveform
Segments 1 SegmentSize 302
Segment TrigTime TimeSinceSegment1
#1 01-Jan-2002 00:57:58 0                 
Time Ampl
-2.91077e-009 -0.00998903
-2.8941e-009 -0.00349795
-2.87744e-009 0.00164658
-2.86077e-009 0.0178052
-2.8441e-009 0.0288194
-2.82744e-009 0.00744712
-2.81077e-009 -0.0230402
-2.7941e-009 -0.0225569
-2.77744e-009 -0.000252406
-2.76077e-009 0.0122464
-2.7441e-009 0.00509928
-2.72744e-009 -0.0119225
-2.71077e-009 -0.0146502
-2.6941e-009 0.00368367
-2.67744e-009 0.00465043
-2.66077e-009 -0.0224533
-2.6441e-009 -0.020209
-2.62744e-009 0.0211889
-2.61077e-009 0.0316851
-2.5941e-009 0.0049957
-2.57744e-009 0.00250976
-2.56077e-009 0.0129024
-2.5441e-009 -0.00460281
-2.52744e-009 -0.00960923
-2.51077e-009 0.0217758
-2.4941e-009 0.029061
-2.47744e-009 0.000679823
-2.46077e-009 -0.00180612
-2.4441e-009 0.0200495
-2.42744e-009 0.0167004
-2.41077e-009 -0.00211687
-2.3941e-009 -0.00681254
-2.37744e-009 -0.00743403
-2.36077e-009 -0.0103688
-2.3441e-009 -0.00677801
-2.32744e-009 -0.00311815
-2.31077e-009 -0.00242761
-2.2941e-009 0.00157753
-2.27744e-009 0.00392536
-2.26077e-009 0.0070328
-2.2441e-009 0.0168385
-2.22744e-009 0.0113141
-2.21077e-009 -0.0132346
-2.1941e-009 -0.0141668
-2.17744e-009 0.0101402
-2.16077e-009 0.00910442
-2.1441e-009 -0.0120607
-2.12744e-009 -0.00781383
-2.11077e-009 0.00748165
-2.0941e-009 0.00188827
-2.07744e-009 -0.00598389
-2.06077e-009 -0.00232403
-2.0441e-009 -0.000597677
-2.02744e-009 0.00503023
-2.01077e-009 0.0152157
-1.9941e-009 0.00565172
-1.97744e-009 -0.0148573
-1.96077e-009 -0.0138906
-1.9441e-009 0.000265499
-1.92744e-009 0.00820672
-1.91077e-009 0.0166313
-1.8941e-009 0.0206019
-1.87744e-009 0.0121428
-1.86077e-009 0.00993307
-1.8441e-009 0.0128679
-1.82744e-009 5.83369e-005
-1.81077e-009 -0.00470639
-1.7941e-009 0.0168039
-1.77744e-009 0.0166313
-1.76077e-009 -0.0166182
-1.7441e-009 -0.0158586
-1.72744e-009 0.0259536
-1.71077e-009 0.0367951
-1.6941e-009 0.00893178
-1.67744e-009 0.000127391
-1.66077e-009 0.0180469
-1.6441e-009 0.0246761
-1.62744e-009 0.00672205
-1.61077e-009 -0.0130274
-1.5941e-009 5.83369e-005
-1.57744e-009 0.0389358
-1.56077e-009 0.0408002
-1.5441e-009 -0.00708876
-1.52744e-009 -0.0273561
-1.51077e-009 0.00530645
-1.4941e-009 0.0231914
-1.47744e-009 0.00913895
-1.46077e-009 0.00772334
-1.4441e-009 0.00993307
-1.42744e-009 -0.00864247
-1.41077e-009 -0.0154443
-1.3941e-009 -0.000217879
-1.37744e-009 0.00137036
-1.36077e-009 -0.00387774
-1.3441e-009 0.00637678
-1.32744e-009 0.0049957
-1.31077e-009 -0.0131655
-1.2941e-009 -0.00947112
-1.27744e-009 0.00268239
-1.26077e-009 -0.0141323
-1.2441e-009 -0.024663
-1.22744e-009 0.00761976
-1.21077e-009 0.0359319
-1.1941e-009 0.0209127
-1.17744e-009 -0.00505166
-1.16077e-009 -0.0127857
-1.1441e-009 -0.0107141
-1.12744e-009 -0.00491356
-1.11077e-009 0.00382178
-1.0941e-009 0.0110725
-1.07744e-009 0.0203948
-1.06077e-009 0.0307874
-1.0441e-009 0.0308219
-1.02744e-009 0.0239856
-1.01077e-009 0.0236058
-9.94103e-010 0.0287158
-9.77436e-010 0.0364153
-9.60769e-010 0.0530228
-9.44103e-010 0.0813695
-9.27436e-010 0.122284
-9.10769e-010 0.175421
-8.94103e-010 0.233427
-8.77436e-010 0.30034
-8.60769e-010 0.388039
-8.44103e-010 0.478292
-8.27436e-010 0.547968
-8.10769e-010 0.615779
-7.94103e-010 0.687526
-7.77436e-010 0.723814
-7.60769e-010 0.729545
-7.44103e-010 0.757996
-7.27436e-010 0.794042
-7.10769e-010 0.782406
-6.94103e-010 0.743943
-6.77436e-010 0.714975
-6.60769e-010 0.663737
-6.44103e-010 0.586051
-6.27436e-010 0.539923
-6.10769e-010 0.521624
-5.94103e-010 0.470247
-5.77436e-010 0.391698
-5.60769e-010 0.3339
-5.44103e-010 0.297854
-5.27436e-010 0.268126
-5.10769e-010 0.241299
-4.94103e-010 0.201834
-4.77436e-010 0.154325
-4.60769e-010 0.131468
-4.44103e-010 0.12439
-4.27436e-010 0.102707
-4.10769e-010 0.0885856
-3.94103e-010 0.095422
-3.77436e-010 0.0781585
-3.60769e-010 0.0395918
-3.44103e-010 0.0429754
-3.27436e-010 0.0724615
-3.10769e-010 0.05651
-2.94103e-010 0.0175635
-2.77436e-010 0.0213615
-2.60769e-010 0.0434588
-2.44103e-010 0.0344818
-2.27436e-010 0.0164241
-2.10769e-010 0.0157681
-1.94103e-010 0.01235
-1.77436e-010 0.00195732
-1.60769e-010 0.00938063
-1.44103e-010 0.0296135
-1.27436e-010 0.0295444
-1.10769e-010 0.00485759
-9.41026e-011 -0.00771024
-7.7436e-011 0.0155955
-6.07693e-011 0.0396263
-4.41026e-011 0.0191518
-2.7436e-011 -0.016342
-1.07693e-011 -0.00532788
5.89738e-012 0.0319268
2.2564e-011 0.0300623
3.92307e-011 0.000161918
5.58974e-011 -0.00322173
7.2564e-011 0.0131441
8.92307e-011 0.0156646
1.05897e-010 0.0146633
1.22564e-010 0.0226735
1.39231e-010 0.0189446
1.55897e-010 0.00195732
1.72564e-010 0.00237165
1.89231e-010 0.0231914
2.05897e-010 0.0285086
2.22564e-010 0.00330388
2.39231e-010 -0.0180338
2.55897e-010 -0.00439565
2.72564e-010 0.0175635
2.89231e-010 0.00679111
3.05897e-010 -0.0139251
3.22564e-010 0.00171563
3.39231e-010 0.030235
3.55897e-010 0.0246416
3.72564e-010 0.00924253
3.89231e-010 0.0201185
4.05897e-010 0.0257464
4.22564e-010 0.00599699
4.39231e-010 0.00527192
4.55897e-010 0.0309255
4.72564e-010 0.0280943
4.89231e-010 -0.00387774
5.05897e-010 -0.00822815
5.22564e-010 0.0127298
5.39231e-010 0.0103474
5.55897e-010 -0.0081591
5.72564e-010 -0.00232403
5.89231e-010 0.0196006
6.05897e-010 0.0236058
6.22564e-010 0.00951874
6.39231e-010 -0.00332531
6.55897e-010 -0.00884964
6.72564e-010 -0.00733045
6.89231e-010 0.00368367
7.05897e-010 0.0181505
7.22564e-010 0.021983
7.39231e-010 0.0135584
7.55897e-010 0.00775786
7.72564e-010 0.0126607
7.89231e-010 0.0178052
8.05897e-010 0.0146633
8.22564e-010 0.00855199
8.39231e-010 0.0033384
8.55897e-010 -0.0019097
8.72564e-010 -0.00325626
8.89231e-010 -4.52442e-005
9.05897e-010 0.000921513
9.22564e-010 0.000990567
9.39231e-010 0.00692922
9.55897e-010 0.0167694
9.72564e-010 0.027749
9.89231e-010 0.0349997
1.0059e-009 0.0224319
1.02256e-009 -0.00377416
1.03923e-009 -0.00501714
1.0559e-009 0.0177362
1.07256e-009 0.0144561
1.08923e-009 -0.0119225
1.1059e-009 -0.0065018
1.12256e-009 0.022639
1.13923e-009 0.0243308
1.1559e-009 0.00910442
1.17256e-009 0.00710185
1.18923e-009 -0.000114298
1.2059e-009 -0.0133036
1.22256e-009 -0.000839366
1.23923e-009 0.014318
1.2559e-009 -0.00657085
1.27256e-009 -0.0279086
1.28923e-009 -0.0156515
1.3059e-009 -0.00518977
1.32256e-009 -0.00878058
1.33923e-009 0.00509928
1.3559e-009 0.0214996
1.37256e-009 0.0106927
1.38923e-009 -0.000114298
1.4059e-009 0.00789597
1.42256e-009 0.00951874
1.43923e-009 0.00616962
1.4559e-009 0.011763
1.47256e-009 0.00520286
1.48923e-009 -0.00967829
1.5059e-009 0.000610769
1.52256e-009 0.0144561
1.53923e-009 0.00268239
1.5559e-009 0.00534097
1.57256e-009 0.0330662
1.58923e-009 0.0278871
1.6059e-009 -0.00463734
1.62256e-009 -0.00626011
1.63923e-009 0.00313124
1.6559e-009 -0.0099545
1.67256e-009 -0.00391227
1.68923e-009 0.0243999
1.7059e-009 0.0145942
1.72256e-009 -0.0153062
1.73923e-009 -0.00536241
1.7559e-009 0.0121773
1.77256e-009 -0.00477545
1.78923e-009 -0.017585
1.8059e-009 -0.0095747
1.82256e-009 -0.0115773
1.83923e-009 -0.010576
1.8559e-009 0.00817219
1.87256e-009 0.00572077
1.88923e-009 -0.0161348
1.9059e-009 -0.00657085
1.92256e-009 0.0198078
1.93923e-009 0.0182196
1.9559e-009 0.0104855
1.97256e-009 0.0175635
1.98923e-009 0.00913895
2.0059e-009 -0.011232
2.02256e-009 -0.0056041
2.03923e-009 0.0134203
2.0559e-009 0.013006
2.07256e-009 0.000852459
2.08923e-009 -0.0100581
2.1059e-009 -0.0194149
