LECROYSDA18000 15238 Waveform
Segments 1 SegmentSize 302
Segment TrigTime TimeSinceSegment1
#1 01-Jan-2002 00:57:10 0                 
Time Ampl
-2.90145e-009 0.00672205
-2.88478e-009 0.0205329
-2.86812e-009 0.021983
-2.85145e-009 -0.00353247
-2.83478e-009 0.00209543
-2.81812e-009 0.0324447
-2.80145e-009 0.0243654
-2.78478e-009 -0.00398133
-2.76812e-009 -0.00653633
-2.75145e-009 -0.00515524
-2.73478e-009 -0.0136489
-2.71812e-009 -0.00339437
-2.70145e-009 0.0192554
-2.68478e-009 0.0227081
-2.66812e-009 0.00592793
-2.65145e-009 -0.0142013
-2.63478e-009 -0.0160658
-2.61812e-009 0.00720543
-2.60145e-009 0.0185303
-2.58478e-009 0.00130131
-2.56812e-009 0.00237165
-2.55145e-009 0.0248142
-2.53478e-009 0.0115213
-2.51812e-009 -0.016998
-2.50145e-009 0.0024407
-2.48478e-009 0.0332733
-2.46812e-009 0.0209817
-2.45145e-009 0.00313124
-2.43478e-009 0.00637678
-2.41812e-009 0.0020609
-2.40145e-009 -0.00056315
-2.38478e-009 0.013731
-2.36812e-009 0.01052
-2.35145e-009 -0.00736497
-2.33478e-009 0.000265499
-2.31812e-009 0.0116594
-2.30145e-009 -0.00090842
-2.28478e-009 -0.00439565
-2.26812e-009 0.00161205
-2.25145e-009 -0.0150645
-2.23478e-009 -0.020865
-2.21812e-009 0.00765428
-2.20145e-009 0.0125571
-2.18478e-009 -0.0157896
-2.16812e-009 -0.0179648
-2.15145e-009 -0.0048445
-2.13478e-009 -0.0165837
-2.11812e-009 -0.0187244
-2.10145e-009 0.0032003
-2.08478e-009 0.00102509
-2.06812e-009 -0.0177231
-2.05145e-009 -0.00971281
-2.03478e-009 0.00237165
-2.01812e-009 -0.00684707
-2.00145e-009 -0.012475
-1.98478e-009 -0.0105069
-1.96812e-009 -0.00895322
-1.95145e-009 0.0101402
-1.93478e-009 0.0267477
-1.91812e-009 0.00616962
-1.90145e-009 -0.00974734
-1.88478e-009 0.0103129
-1.86812e-009 0.0095878
-1.85145e-009 -0.0195185
-1.83478e-009 -0.0105415
-1.81812e-009 0.0155955
-1.80145e-009 -0.00588031
-1.78478e-009 -0.0291861
-1.76812e-009 -0.00056315
-1.75145e-009 0.0227081
-1.73478e-009 0.00402895
-1.71812e-009 -0.00767572
-1.70145e-009 2.38098e-005
-1.68478e-009 -0.00453376
-1.66812e-009 -0.01503
-1.65145e-009 -0.0211413
-1.63478e-009 -0.032984
-1.61812e-009 -0.0317065
-1.60145e-009 -0.00598389
-1.58478e-009 0.00440874
-1.56812e-009 -0.0135453
-1.55145e-009 -0.022039
-1.53478e-009 -0.0161348
-1.51812e-009 -0.0153062
-1.50145e-009 -0.0043266
-1.48478e-009 0.0177362
-1.46812e-009 0.0138691
-1.45145e-009 -0.00912585
-1.43478e-009 -0.00556957
-1.41812e-009 0.0163551
-1.40145e-009 0.0151121
-1.38478e-009 -0.00346342
-1.36812e-009 -0.00947112
-1.35145e-009 -0.00287646
-1.33478e-009 0.00292408
-1.31812e-009 0.0046159
-1.30145e-009 0.00337293
-1.28478e-009 0.00326935
-1.26812e-009 0.00599699
-1.25145e-009 0.00644584
-1.23478e-009 0.00551361
-1.21812e-009 0.00668753
-1.20145e-009 0.000265499
-1.18478e-009 -0.013131
-1.16812e-009 -0.00964376
-1.15145e-009 0.00855199
-1.13478e-009 0.00385631
-1.11812e-009 -0.0233165
-1.10145e-009 -0.0269073
-1.08478e-009 0.000472661
-1.06812e-009 0.0196006
-1.05145e-009 0.0177016
-1.03478e-009 0.0113487
-1.01812e-009 0.00216449
-1.00145e-009 -0.00833173
-9.84784e-010 -0.00556957
-9.68117e-010 0.00565172
-9.5145e-010 0.0101402
-9.34784e-010 0.0156646
-9.18117e-010 0.024538
-9.0145e-010 0.0198078
-8.84784e-010 0.0148359
-8.68117e-010 0.0394882
-8.5145e-010 0.0751201
-8.34784e-010 0.0938683
-8.18117e-010 0.12256
-8.0145e-010 0.183604
-7.84784e-010 0.25176
-7.68117e-010 0.321436
-7.5145e-010 0.412933
-7.34784e-010 0.506086
-7.18117e-010 0.572827
-7.0145e-010 0.629141
-6.84784e-010 0.679067
-6.68117e-010 0.700681
-6.5145e-010 0.712455
-6.34784e-010 0.73904
-6.18117e-010 0.745083
-6.0145e-010 0.70983
-5.84784e-010 0.677375
-5.68117e-010 0.66094
-5.5145e-010 0.619404
-5.34784e-010 0.552249
-5.18117e-010 0.496868
-5.0145e-010 0.454261
-4.84784e-010 0.407857
-4.68117e-010 0.361902
-4.5145e-010 0.318501
-4.34784e-010 0.274203
-4.18117e-010 0.232805
-4.0145e-010 0.193651
-3.84784e-010 0.163095
-3.68117e-010 0.158434
-3.5145e-010 0.16054
-3.34784e-010 0.127843
-3.18117e-010 0.0767774
-3.0145e-010 0.0558885
-2.84784e-010 0.0592377
-2.68117e-010 0.0553706
-2.5145e-010 0.0463936
-2.34784e-010 0.041767
-2.18117e-010 0.0413527
-2.0145e-010 0.0487414
-1.84784e-010 0.0492248
-1.68117e-010 0.0271621
-1.5145e-010 0.0140763
-1.34784e-010 0.0337912
-1.18117e-010 0.0444946
-1.0145e-010 0.0200495
-8.47836e-011 -0.00298004
-6.8117e-011 -0.00556957
-5.14503e-011 -0.00194423
-3.47836e-011 0.0110379
-1.8117e-011 0.0247452
-1.45029e-012 0.0127298
1.52164e-011 -0.00270383
3.1883e-011 0.0117975
4.85497e-011 0.0250904
6.52164e-011 0.0138691
8.1883e-011 0.0130405
9.85497e-011 0.0232605
1.15216e-010 0.00851746
1.31883e-010 -0.00871153
1.4855e-010 0.00710185
1.65216e-010 0.0237439
1.81883e-010 0.0130405
1.9855e-010 0.000817932
2.15216e-010 0.000472661
2.31883e-010 0.00330388
2.4855e-010 0.0127298
2.65216e-010 0.0169075
2.81883e-010 -0.00232403
2.9855e-010 -0.0195875
3.15216e-010 -0.00978187
3.31883e-010 0.0046159
3.4855e-010 0.00696374
3.65216e-010 0.00713638
3.81883e-010 0.00385631
3.9855e-010 0.00119773
4.15216e-010 0.0115558
4.31883e-010 0.0121083
4.4855e-010 -0.00950565
4.65216e-010 -0.00878058
4.81883e-010 0.0195316
4.9855e-010 0.0150431
5.15216e-010 -0.0149264
5.31883e-010 -0.00391227
5.4855e-010 0.0269894
5.65216e-010 0.0152157
5.81883e-010 -0.00954018
5.9855e-010 0.00478854
6.15216e-010 0.0290956
6.31883e-010 0.0231224
6.4855e-010 0.00133584
6.65216e-010 -0.00795193
6.81883e-010 0.00492665
6.9855e-010 0.0248142
7.15216e-010 0.0214651
7.31883e-010 0.00071435
7.4855e-010 -0.000977474
7.65216e-010 0.00875915
7.81883e-010 0.000265499
7.9855e-010 -0.00653633
8.15216e-010 0.00599699
8.31883e-010 0.00451232
8.4855e-010 -0.0168254
8.65216e-010 -0.0214865
8.81883e-010 -0.0120607
8.9855e-010 -0.0101962
9.15216e-010 -0.00156443
9.31883e-010 0.0123845
9.4855e-010 0.00340746
9.65216e-010 -0.0123714
9.81883e-010 -0.0052243
9.9855e-010 0.00306219
1.01522e-009 -0.00329078
1.03188e-009 5.83369e-005
1.04855e-009 0.0105891
1.06522e-009 0.00592793
1.08188e-009 0.00036908
1.09855e-009 0.00696374
1.11522e-009 0.0114868
1.13188e-009 0.0170802
1.14855e-009 0.0245725
1.16522e-009 0.00620415
1.18188e-009 -0.0225569
1.19855e-009 -0.00960923
1.21522e-009 0.0211544
1.23188e-009 0.00862104
1.24855e-009 -0.0194494
1.26522e-009 -0.00836626
1.28188e-009 0.0171147
1.29855e-009 0.0226045
1.31522e-009 0.0239856
1.33188e-009 0.0228807
1.34855e-009 0.00582435
1.36522e-009 -0.0039468
1.38188e-009 0.00720543
1.39855e-009 0.00962232
1.41522e-009 -0.00187518
1.43188e-009 0.0020609
1.44855e-009 0.0178398
1.46522e-009 0.0188065
1.48188e-009 0.00637678
1.49855e-009 -0.00294551
1.51522e-009 -0.00146085
1.53188e-009 0.0105546
1.54855e-009 0.0169075
1.56522e-009 0.00430516
1.58188e-009 -0.00529335
1.59855e-009 0.00772334
1.61522e-009 0.0160789
1.63188e-009 -0.00249666
1.64855e-009 -0.0179648
1.66522e-009 -0.00201328
1.68188e-009 0.0234331
1.69855e-009 0.024538
1.71522e-009 0.00503023
1.73188e-009 -0.0031872
1.74855e-009 0.00989854
1.76522e-009 0.0145942
1.78188e-009 -0.00235856
1.79855e-009 -0.00515524
1.81522e-009 0.0189791
1.83188e-009 0.0255393
1.84855e-009 0.00347651
1.86522e-009 -0.00142633
1.88188e-009 0.0131096
1.89855e-009 0.00737807
1.91522e-009 -0.00418849
1.93188e-009 0.0102783
1.94855e-009 0.0201531
1.96522e-009 0.00095604
1.98188e-009 -0.0101271
1.99855e-009 0.00036908
2.01522e-009 -0.00146085
2.03188e-009 -0.0135453
2.04855e-009 -0.00791741
2.06522e-009 0.00344199
2.08188e-009 0.00337293
2.09855e-009 0.00523739
2.11522e-009 0.00668753
