LECROYSDA18000 15238 Waveform
Segments 1 SegmentSize 302
Segment TrigTime TimeSinceSegment1
#1 01-Jan-2002 00:57:27 0                 
Time Ampl
-2.91306e-009 0.0171147
-2.8964e-009 -0.0191387
-2.87973e-009 -0.0232129
-2.86306e-009 -0.00536241
-2.8464e-009 -0.0105415
-2.82973e-009 -0.0102652
-2.81306e-009 0.0156991
-2.7964e-009 0.0116939
-2.77973e-009 -0.0257334
-2.76306e-009 -0.0205888
-2.7464e-009 0.0214651
-2.72973e-009 0.0194971
-2.71306e-009 -0.0148919
-2.6964e-009 -0.0117499
-2.67973e-009 0.0121773
-2.66306e-009 0.00810313
-2.6464e-009 -0.00498261
-2.62973e-009 -0.00515524
-2.61306e-009 -0.0103343
-2.5964e-009 -0.0145121
-2.57973e-009 -0.00187518
-2.56306e-009 0.00299313
-2.5464e-009 -0.00871153
-2.52973e-009 -0.00681254
-2.51306e-009 0.00226807
-2.4964e-009 -0.00667443
-2.47973e-009 -0.00601842
-2.46306e-009 0.0177707
-2.4464e-009 0.0155955
-2.42973e-009 -0.0116463
-2.41306e-009 -0.000977474
-2.3964e-009 0.0278526
-2.37973e-009 0.00558266
-2.36306e-009 -0.0277704
-2.3464e-009 -0.0026693
-2.32973e-009 0.0286122
-2.31306e-009 0.00620415
-2.2964e-009 -0.0143394
-2.27973e-009 0.0053755
-2.26306e-009 0.0125916
-2.2464e-009 -0.00284193
-2.22973e-009 0.00534097
-2.21306e-009 0.0152848
-2.1964e-009 -0.0170671
-2.17973e-009 -0.0449994
-2.16306e-009 -0.0192077
-2.1464e-009 0.0130405
-2.12973e-009 0.00848293
-2.11306e-009 0.00413253
-2.0964e-009 0.0206364
-2.07973e-009 0.0166313
-2.06306e-009 -0.0157205
-2.0464e-009 -0.0253536
-2.02973e-009 -0.00125369
-2.01306e-009 0.0053755
-1.9964e-009 -0.0189315
-1.97973e-009 -0.0244213
-1.96306e-009 0.00188827
-1.9464e-009 0.0114177
-1.92973e-009 -0.00491356
-1.91306e-009 -0.00215139
-1.8964e-009 0.0190482
-1.87973e-009 0.0173219
-1.86306e-009 0.00285503
-1.8464e-009 0.00699827
-1.82973e-009 0.00862104
-1.81306e-009 -0.0113011
-1.7964e-009 -0.0213484
-1.77973e-009 -0.00733045
-1.76306e-009 0.00541003
-1.7464e-009 0.00886273
-1.72973e-009 0.00927705
-1.71306e-009 0.00375273
-1.6964e-009 0.00482307
-1.67973e-009 0.0207746
-1.66306e-009 0.0231224
-1.6464e-009 0.00402895
-1.62973e-009 -0.00222045
-1.61306e-009 0.00313124
-1.5964e-009 -0.00884964
-1.57973e-009 -0.0202436
-1.56306e-009 -0.0111629
-1.5464e-009 -0.00922943
-1.52973e-009 -0.0178267
-1.51306e-009 -0.00850437
-1.4964e-009 0.00168111
-1.47973e-009 -0.0099545
-1.46306e-009 -0.0115082
-1.4464e-009 0.00737807
-1.42973e-009 0.00955327
-1.41306e-009 -0.00329078
-1.3964e-009 -0.00339437
-1.37973e-009 0.000334553
-1.36306e-009 0.00288955
-1.3464e-009 0.0142835
-1.32973e-009 0.011763
-1.31306e-009 -0.0104034
-1.2964e-009 -0.0116463
-1.27973e-009 0.000161918
-1.26306e-009 -0.0146502
-1.2464e-009 -0.0224878
-1.22973e-009 0.00326935
-1.21306e-009 0.00368367
-1.1964e-009 -0.0265965
-1.17973e-009 -0.0159277
-1.16306e-009 0.0169075
-1.1464e-009 0.00654942
-1.12973e-009 -0.0099545
-1.11306e-009 0.00240617
-1.0964e-009 -0.00550051
-1.07973e-009 -0.0249047
-1.06306e-009 -0.00384322
-1.0464e-009 0.00962232
-1.02973e-009 -0.0224533
-1.01306e-009 -0.0235927
-9.96397e-010 0.0168385
-9.7973e-010 0.00775786
-9.63063e-010 -0.036195
-9.46397e-010 -0.0287717
-9.2973e-010 0.00264786
-9.13063e-010 -0.000839366
-8.96397e-010 -0.0121642
-8.7973e-010 -0.0115082
-8.63063e-010 -0.0153752
-8.46397e-010 -0.00840079
-8.2973e-010 0.00672205
-8.13063e-010 -0.00577673
-7.96397e-010 -0.0204507
-7.7973e-010 0.00219901
-7.63063e-010 0.0187029
-7.46397e-010 -0.000425042
-7.2973e-010 -0.00598389
-7.13063e-010 0.0141108
-6.96397e-010 0.0176326
-6.7973e-010 0.0058934
-6.63063e-010 0.00240617
-6.46397e-010 0.00164658
-6.2973e-010 0.00147395
-6.13063e-010 0.00126678
-5.96397e-010 -0.00722687
-5.7973e-010 -0.00601842
-5.63063e-010 0.00827577
-5.46397e-010 -0.00418849
-5.2973e-010 -0.025975
-5.13063e-010 0.000127391
-4.96397e-010 0.0290265
-4.7973e-010 0.00278597
-4.63063e-010 -0.0101617
-4.46397e-010 0.0171492
-4.2973e-010 -0.00733045
-4.13063e-010 -0.0606402
-3.96397e-010 -0.0287372
-3.7973e-010 0.026437
-3.63063e-010 -0.00308362
-3.46397e-010 -0.028461
-3.2973e-010 0.0210853
-3.13063e-010 0.035345
-2.96397e-010 -0.0148573
-2.7973e-010 -0.0210032
-2.63063e-010 0.00889726
-2.46397e-010 -0.00515524
-2.2973e-010 -0.0225914
-2.13063e-010 -0.000183352
-1.96397e-010 0.00799955
-1.7973e-010 -0.00622558
-1.63063e-010 0.000507188
-1.46397e-010 0.0071709
-1.2973e-010 -0.00543146
-1.13063e-010 -0.00218592
-9.63965e-011 0.00806861
-7.97299e-011 -0.0057422
-6.30632e-011 -0.00950565
-4.63965e-011 0.0131441
-2.97299e-011 0.0143525
-1.30632e-011 -0.00636369
3.60347e-012 -0.00515524
2.02701e-011 0.00547908
3.69368e-011 -0.001012
5.36035e-011 -0.00480997
7.02701e-011 0.00147395
8.69368e-011 0.00119773
1.03603e-010 0.00254428
1.2027e-010 0.0114523
1.36937e-010 0.00931158
1.53603e-010 -0.00525883
1.7027e-010 -0.0168599
1.86937e-010 -0.0177921
2.03603e-010 -0.003567
2.2027e-010 0.00851746
2.36937e-010 -0.00819362
2.53603e-010 -0.0245594
2.7027e-010 -0.00194423
2.86937e-010 0.0184958
3.03603e-010 0.00496118
3.2027e-010 0.00686016
3.36937e-010 0.0237784
3.53603e-010 -0.00546599
3.7027e-010 -0.0384738
3.86937e-010 -0.00218592
4.03603e-010 0.029648
4.2027e-010 -0.0130619
4.36937e-010 -0.0388191
4.53603e-010 0.00572077
4.7027e-010 0.0291646
4.86937e-010 0.00482307
5.03603e-010 0.00478854
5.2027e-010 0.0202566
5.36937e-010 0.00240617
5.53603e-010 -0.0130619
5.7027e-010 -0.00242761
5.86937e-010 -0.00843531
6.03603e-010 -0.0198638
6.2027e-010 0.00900084
6.36937e-010 0.0374166
6.53603e-010 0.0148359
6.7027e-010 -0.0125786
6.86937e-010 -0.00249666
7.03603e-010 0.0057553
7.2027e-010 -0.0108867
7.36937e-010 -0.0175159
7.53603e-010 -0.00536241
7.7027e-010 -0.00608747
7.86937e-010 -0.0233855
8.03603e-010 -0.0286336
8.2027e-010 -0.0141323
8.36937e-010 2.38098e-005
8.53603e-010 0.00344199
8.7027e-010 0.00468496
8.86937e-010 0.00623868
9.03603e-010 0.00278597
9.2027e-010 0.00195732
9.36937e-010 0.010451
9.53603e-010 0.011107
9.7027e-010 -0.00622558
9.86937e-010 -0.0190351
1.0036e-009 -0.0131655
1.02027e-009 -0.00518977
1.03694e-009 -0.00215139
1.0536e-009 0.00547908
1.07027e-009 0.0106236
1.08694e-009 0.00406347
1.1036e-009 -0.000873893
1.12027e-009 0.00347651
1.13694e-009 0.00547908
1.1536e-009 0.00302766
1.17027e-009 0.00444327
1.18694e-009 0.00848293
1.2036e-009 0.0127988
1.22027e-009 0.0146978
1.23694e-009 0.00330388
1.2536e-009 -0.0126821
1.27027e-009 -0.00546599
1.28694e-009 0.0131441
1.3036e-009 0.00378726
1.32027e-009 -0.0190006
1.33694e-009 -0.0126821
1.3536e-009 0.00516834
1.37027e-009 -0.000632204
1.38694e-009 -0.00750308
1.4036e-009 0.0053755
1.42027e-009 0.00979496
1.43694e-009 0.001543
1.4536e-009 0.00827577
1.47027e-009 0.013075
1.48694e-009 -0.00705423
1.5036e-009 -0.0130274
1.52027e-009 0.0129369
1.53694e-009 0.0180469
1.5536e-009 -0.00591484
1.57027e-009 -0.0044647
1.58694e-009 0.01235
1.6036e-009 -0.00543146
1.62027e-009 -0.0250083
1.63694e-009 0.000817932
1.6536e-009 0.0269204
1.67027e-009 0.0114868
1.68694e-009 -0.00584579
1.7036e-009 0.000403607
1.72027e-009 0.00351104
1.73694e-009 -0.00256572
1.7536e-009 -0.0043266
1.77027e-009 -0.00408491
1.78694e-009 0.0019228
1.8036e-009 0.0121773
1.82027e-009 0.00257881
1.83694e-009 -0.0140287
1.8536e-009 0.00423611
1.87027e-009 0.0321685
1.88694e-009 0.0187375
1.9036e-009 -0.00615653
1.92027e-009 -0.00184065
1.93694e-009 0.0019228
1.9536e-009 -0.00826268
1.97027e-009 -0.00429207
1.98694e-009 -0.00508619
2.0036e-009 -0.0335365
2.02027e-009 -0.0412705
2.03694e-009 -0.00771024
2.0536e-009 0.0109344
2.07027e-009 0.00105962
2.08694e-009 9.28639e-005
2.1036e-009 -0.00235856
