LECROYSDA18000 15238 Waveform
Segments 1 SegmentSize 302
Segment TrigTime TimeSinceSegment1
#1 01-Jan-2002 00:57:04 0                 
Time Ampl
-2.90303e-009 0.0019228
-2.88636e-009 0.0161825
-2.86969e-009 0.00855199
-2.85303e-009 -0.0206924
-2.83636e-009 -0.0250083
-2.81969e-009 -0.00090842
-2.80303e-009 -0.00121916
-2.78636e-009 -0.0233165
-2.76969e-009 -0.0184136
-2.75303e-009 -0.000942947
-2.73636e-009 -0.00601842
-2.71969e-009 -0.00581126
-2.70303e-009 0.0132477
-2.68636e-009 0.00924253
-2.66969e-009 -0.0116463
-2.65303e-009 -0.000977474
-2.63636e-009 0.0219139
-2.61969e-009 0.0139727
-2.60303e-009 -0.000735785
-2.58636e-009 0.00212996
-2.56969e-009 -0.000528623
-2.55303e-009 -0.00639822
-2.53636e-009 0.00523739
-2.51969e-009 0.00910442
-2.50303e-009 -0.00926396
-2.48636e-009 -0.010645
-2.46969e-009 0.00817219
-2.45303e-009 0.00133584
-2.43636e-009 -0.0232819
-2.41969e-009 -0.0180338
-2.40303e-009 0.00668753
-2.38636e-009 0.0109689
-2.36969e-009 -0.000114298
-2.35303e-009 -0.00518977
-2.33636e-009 -0.00605295
-2.31969e-009 -0.00632916
-2.30303e-009 -0.00591484
-2.28636e-009 -0.010576
-2.26969e-009 -0.0155479
-2.25303e-009 -0.00985092
-2.23636e-009 -0.00166801
-2.21969e-009 -0.00128822
-2.20303e-009 0.000541715
-2.18636e-009 0.006653
-2.16969e-009 0.00402895
-2.15303e-009 -0.00387774
-2.13636e-009 0.000817932
-2.11969e-009 0.0155264
-2.10303e-009 0.02257
-2.08636e-009 0.0167004
-2.06969e-009 0.00475401
-2.05303e-009 -0.00370511
-2.03636e-009 -0.00104653
-2.01969e-009 0.00451232
-2.00303e-009 -0.000873893
-1.98636e-009 -0.00546599
-1.96969e-009 0.00720543
-1.95303e-009 0.0154229
-1.93636e-009 -0.0022895
-1.91969e-009 -0.0181029
-1.90303e-009 -0.00916038
-1.88636e-009 -0.00239308
-1.86969e-009 -0.00764119
-1.85303e-009 0.00406347
-1.83636e-009 0.0196006
-1.81969e-009 -0.000770312
-1.80303e-009 -0.0273907
-1.78636e-009 -0.012544
-1.76969e-009 0.0088282
-1.75303e-009 -0.00360153
-1.73636e-009 -0.0123369
-1.71969e-009 0.00240617
-1.70303e-009 -0.000839366
-1.68636e-009 -0.0146157
-1.66969e-009 0.00875915
-1.65303e-009 0.0367951
-1.63636e-009 0.0123845
-1.61969e-009 -0.0237998
-1.60303e-009 -0.0142013
-1.58636e-009 0.009208
-1.56969e-009 0.00837935
-1.55303e-009 0.0071709
-1.53636e-009 0.0170456
-1.51969e-009 0.016217
-1.50303e-009 0.00979496
-1.48636e-009 0.0100712
-1.46969e-009 0.00130131
-1.45303e-009 -0.0108177
-1.43636e-009 0.00195732
-1.41969e-009 0.0175981
-1.40303e-009 -0.00180612
-1.38636e-009 -0.0193459
-1.36969e-009 0.0100712
-1.35303e-009 0.0364498
-1.33636e-009 0.00723996
-1.31969e-009 -0.0235927
-1.30303e-009 -0.00270383
-1.28636e-009 0.0208091
-1.26969e-009 0.00554813
-1.25303e-009 -0.00746856
-1.23636e-009 -0.00235856
-1.21969e-009 -0.0138561
-1.20303e-009 -0.024007
-1.18636e-009 0.00185374
-1.16969e-009 0.0158372
-1.15303e-009 -0.0184482
-1.13636e-009 -0.0374035
-1.11969e-009 -0.00909133
-1.10303e-009 0.00592793
-1.08636e-009 -0.00291099
-1.06969e-009 0.0112796
-1.05303e-009 0.0198769
-1.03636e-009 -0.0183446
-1.01969e-009 -0.0386465
-1.00303e-009 0.0046159
-9.86361e-010 0.0333079
-9.69694e-010 -0.00218592
-9.53027e-010 -0.0351938
-9.36361e-010 -0.020209
-9.19694e-010 0.00592793
-9.03027e-010 0.014974
-8.86361e-010 0.0171492
-8.69694e-010 0.0220521
-8.53027e-010 0.0291646
-8.36361e-010 0.028336
-8.19694e-010 0.0141454
-8.03027e-010 0.00996759
-7.86361e-010 0.026506
-7.69694e-010 0.0292682
-7.53027e-010 0.0120047
-7.36361e-010 0.0215341
-7.19694e-010 0.0621034
-7.03027e-010 0.0881713
-6.86361e-010 0.100705
-6.69694e-010 0.133885
-6.53027e-010 0.186504
-6.36361e-010 0.253038
-6.19694e-010 0.340184
-6.03027e-010 0.421806
-5.86361e-010 0.479155
-5.69694e-010 0.55111
-5.53027e-010 0.650271
-5.36361e-010 0.719498
-5.19694e-010 0.73797
-5.03027e-010 0.75475
-4.86361e-010 0.791729
-4.69694e-010 0.819074
-4.53027e-010 0.812583
-4.36361e-010 0.770391
-4.19694e-010 0.711557
-4.03027e-010 0.666257
-3.86361e-010 0.630453
-3.69694e-010 0.576418
-3.53027e-010 0.516479
-3.36361e-010 0.473458
-3.19694e-010 0.42374
-3.03027e-010 0.359036
-2.86361e-010 0.321091
-2.69694e-010 0.306658
-2.53027e-010 0.258907
-2.36361e-010 0.183431
-2.19694e-010 0.13865
-2.03027e-010 0.127083
-1.86361e-010 0.113618
-1.69694e-010 0.0982187
-1.53027e-010 0.089
-1.36361e-010 0.0757416
-1.19694e-010 0.0627594
-1.03027e-010 0.0600663
-8.63607e-011 0.0557504
-6.9694e-011 0.0453923
-5.30274e-011 0.0452542
-3.63607e-011 0.0561302
-1.9694e-011 0.0612057
-3.02735e-012 0.0516762
1.36393e-011 0.0287158
3.0306e-011 0.00734354
4.69726e-011 0.00879368
6.36393e-011 0.0210853
8.0306e-011 0.0135239
9.69726e-011 -0.000701258
1.13639e-010 0.00758523
1.30306e-010 0.0173219
1.46973e-010 0.00485759
1.63639e-010 -0.00194423
1.80306e-010 0.0103474
1.96973e-010 0.00986401
2.13639e-010 -0.00505166
2.30306e-010 -0.000770312
2.46973e-010 0.0198769
2.63639e-010 0.0285431
2.80306e-010 0.0218104
2.96973e-010 0.0106236
3.13639e-010 0.00889726
3.30306e-010 0.0273002
3.46973e-010 0.0370023
3.63639e-010 0.00330388
3.80306e-010 -0.0320173
3.96973e-010 -0.0112665
4.13639e-010 0.0278871
4.30306e-010 0.0262989
4.46973e-010 0.00786145
4.63639e-010 0.00592793
4.80306e-010 0.00375273
4.96973e-010 0.00257881
5.13639e-010 0.0178398
5.30306e-010 0.0210162
5.46973e-010 2.38098e-005
5.63639e-010 -0.00332531
5.80306e-010 0.014905
5.96973e-010 0.0163551
6.13639e-010 0.0133858
6.30306e-010 0.030235
6.46973e-010 0.0320649
6.63639e-010 0.00292408
6.80306e-010 -0.0108522
6.96973e-010 0.00558266
7.13639e-010 0.0174254
7.30306e-010 0.0132822
7.46973e-010 0.001543
7.63639e-010 -0.011819
7.80306e-010 -0.00491356
7.96973e-010 0.0223628
8.13639e-010 0.0259191
8.30306e-010 0.00247523
8.46973e-010 -0.00125369
8.63639e-010 0.00720543
8.80306e-010 -0.0114737
8.96973e-010 -0.0273907
9.13639e-010 -0.00159896
9.30306e-010 0.0271275
9.46973e-010 0.0202912
9.63639e-010 0.0020609
9.80306e-010 -0.00346342
9.96973e-010 0.00123226
1.01364e-009 0.0123845
1.03031e-009 0.0135929
1.04697e-009 -0.00629464
1.06364e-009 -0.015686
1.08031e-009 0.00661847
1.09697e-009 0.0261262
1.11364e-009 0.0185994
1.13031e-009 0.00389084
1.14697e-009 -0.00726139
1.16364e-009 -0.0178612
1.18031e-009 -0.0172397
1.19697e-009 -0.00791741
1.21364e-009 -0.00846984
1.23031e-009 -0.0133727
1.24697e-009 -0.0094366
1.26364e-009 -0.00425754
1.28031e-009 0.00147395
1.29697e-009 0.0116249
1.31364e-009 0.00630773
1.33031e-009 -0.0167909
1.34697e-009 -0.0193113
1.36364e-009 0.00599699
1.38031e-009 0.0162515
1.39697e-009 -0.00360153
1.41364e-009 -0.0216937
1.43031e-009 -0.0149609
1.44697e-009 0.00865557
1.46364e-009 0.0233296
1.48031e-009 0.0114177
1.49697e-009 -0.00691612
1.51364e-009 -0.00667443
1.53031e-009 -0.00757214
1.54697e-009 -0.0226604
1.56364e-009 -0.0159622
1.58031e-009 0.0141454
1.59697e-009 0.0133167
1.61364e-009 -0.0150645
1.63031e-009 -0.0111629
1.64697e-009 0.0189446
1.66364e-009 0.0241927
1.68031e-009 0.0114177
1.69697e-009 0.00789597
1.71364e-009 0.00364915
1.73031e-009 0.000127391
1.74697e-009 0.0163206
1.76364e-009 0.0331007
1.78031e-009 0.0247106
1.79697e-009 0.00879368
1.81364e-009 0.00175016
1.83031e-009 -0.00860795
1.84697e-009 -0.0211413
1.86364e-009 -0.0206924
1.88031e-009 -0.00884964
1.89697e-009 0.00523739
1.91364e-009 0.0120737
1.93031e-009 0.00123226
1.94697e-009 -0.0124059
1.96364e-009 -0.00401585
1.98031e-009 0.0083103
1.99697e-009 -0.00363606
2.01364e-009 -0.016929
2.03031e-009 -0.00812457
2.04697e-009 -0.00332531
2.06364e-009 -0.013131
2.08031e-009 -0.0065018
2.09697e-009 0.0151812
2.11364e-009 0.0154574
