LECROYSDA18000 15238 Waveform
Segments 1 SegmentSize 302
Segment TrigTime TimeSinceSegment1
#1 01-Jan-2002 00:53:13 0                 
Time Ampl
-2.90851e-009 0.000852459
-2.89184e-009 0.00931158
-2.87518e-009 -0.0160313
-2.85851e-009 -0.0183791
-2.84184e-009 0.0213615
-2.82518e-009 0.0338258
-2.80851e-009 0.0011632
-2.79184e-009 -0.00919491
-2.77518e-009 0.0142489
-2.75851e-009 0.0135584
-2.74184e-009 -0.0121642
-2.72518e-009 -0.0115082
-2.70851e-009 0.0119011
-2.69184e-009 0.0127298
-2.67518e-009 -0.00719234
-2.65851e-009 -0.0116809
-2.64184e-009 -0.00170254
-2.62518e-009 -0.000735785
-2.60851e-009 -0.00056315
-2.59184e-009 0.0102438
-2.57518e-009 0.00837935
-2.55851e-009 -0.00874606
-2.54184e-009 -0.00329078
-2.52518e-009 0.0140763
-2.50851e-009 -0.00760666
-2.49184e-009 -0.038094
-2.47518e-009 -0.0123714
-2.45851e-009 0.0245725
-2.44184e-009 0.00316577
-2.42518e-009 -0.0264584
-2.40851e-009 -0.00940207
-2.39184e-009 0.0053755
-2.37518e-009 -0.00436112
-2.35851e-009 0.00837935
-2.34184e-009 0.0276109
-2.32518e-009 0.00806861
-2.30851e-009 -0.00988545
-2.29184e-009 0.00630773
-2.27518e-009 0.00869009
-2.25851e-009 -0.00967829
-2.24184e-009 -0.00408491
-2.22518e-009 0.00862104
-2.20851e-009 0.00416705
-2.19184e-009 0.017529
-2.17518e-009 0.0366225
-2.15851e-009 0.00910442
-2.14184e-009 -0.0196566
-2.12518e-009 0.00965685
-2.10851e-009 0.0326173
-2.09184e-009 0.00195732
-2.07518e-009 -0.0121297
-2.05851e-009 0.0100712
-2.04184e-009 0.00454685
-2.02518e-009 -0.011819
-2.00851e-009 0.0136965
-1.99184e-009 0.0303731
-1.97518e-009 -0.00415396
-1.95851e-009 -0.0215901
-1.94184e-009 0.0100712
-1.92518e-009 0.0235712
-1.90851e-009 -0.00218592
-1.89184e-009 -0.0142013
-1.87518e-009 -0.000459569
-1.85851e-009 0.00713638
-1.84184e-009 0.00641131
-1.82518e-009 0.0120392
-1.80851e-009 0.014905
-1.79184e-009 -0.000977474
-1.77518e-009 -0.0243177
-1.75851e-009 -0.0236617
-1.74184e-009 0.00223354
-1.72518e-009 0.0109689
-1.70851e-009 -0.00998903
-1.69184e-009 -0.0142359
-1.67518e-009 0.0128333
-1.65851e-009 0.0248487
-1.64184e-009 0.0113832
-1.62518e-009 0.0100366
-1.60851e-009 0.0187029
-1.59184e-009 0.009208
-1.57518e-009 -0.00515524
-1.55851e-009 -0.0052243
-1.54184e-009 -0.00322173
-1.52518e-009 -0.00197876
-1.50851e-009 0.00582435
-1.49184e-009 0.00551361
-1.47518e-009 -0.00449923
-1.45851e-009 0.00119773
-1.44184e-009 0.0173564
-1.42518e-009 0.0150431
-1.40851e-009 0.00257881
-1.39184e-009 0.00150847
-1.37518e-009 0.000748877
-1.35851e-009 -0.00622558
-1.34184e-009 -0.000148825
-1.32518e-009 0.0192208
-1.30851e-009 0.0257464
-1.29184e-009 0.00893178
-1.27518e-009 -0.0138561
-1.25851e-009 -0.015755
-1.24184e-009 0.00893178
-1.22518e-009 0.0245725
-1.20851e-009 0.00137036
-1.19184e-009 -0.0269418
-1.17518e-009 -0.0156169
-1.15851e-009 0.0143525
-1.14184e-009 0.0183231
-1.12518e-009 -0.00239308
-1.10851e-009 -0.0207269
-1.09184e-009 -0.0193113
-1.07518e-009 0.00420158
-1.05851e-009 0.0247797
-1.04184e-009 0.0147669
-1.02518e-009 -0.00529335
-1.00851e-009 -0.00315268
-9.91845e-010 0.00406347
-9.75178e-010 -0.000770312
-9.58511e-010 0.00741259
-9.41845e-010 0.0256083
-9.25178e-010 0.013731
-9.08511e-010 -0.0130274
-8.91845e-010 -0.00346342
-8.75178e-010 0.0252631
-8.58511e-010 0.0223628
-8.41845e-010 -0.000632204
-8.25178e-010 -0.00501714
-8.08511e-010 0.00758523
-7.91845e-010 0.0209127
-7.75178e-010 0.0324792
-7.58511e-010 0.0419051
-7.41845e-010 0.0573387
-7.25178e-010 0.0915204
-7.08511e-010 0.13644
-6.91845e-010 0.183639
-6.75178e-010 0.250448
-6.58511e-010 0.344569
-6.41845e-010 0.445077
-6.25178e-010 0.537748
-6.08511e-010 0.617505
-5.91845e-010 0.672956
-5.75178e-010 0.713801
-5.58511e-010 0.764349
-5.41845e-010 0.811133
-5.25178e-010 0.823977
-5.08511e-010 0.813377
-4.91845e-010 0.79853
-4.75178e-010 0.769321
-4.58511e-010 0.725299
-4.41845e-010 0.681346
-4.25178e-010 0.627414
-4.08511e-010 0.556358
-3.91845e-010 0.494554
-3.75178e-010 0.449842
-3.58511e-010 0.399674
-3.41845e-010 0.350335
-3.25178e-010 0.320607
-3.08511e-010 0.290189
-2.91845e-010 0.242369
-2.75178e-010 0.199521
-2.58511e-010 0.169413
-2.41845e-010 0.134852
-2.25178e-010 0.105573
-2.08511e-010 0.100601
-1.91845e-010 0.105124
-1.75178e-010 0.09922
-1.58511e-010 0.0842352
-1.41845e-010 0.0632083
-1.25178e-010 0.0430445
-1.08511e-010 0.0389358
-9.18446e-011 0.0466353
-7.51779e-011 0.0471877
-5.85112e-011 0.0387977
-4.18446e-011 0.0268168
-2.51779e-011 0.0137656
-8.51122e-012 0.0140073
8.15544e-012 0.0298897
2.48221e-011 0.0326864
4.14888e-011 0.0149395
5.81554e-011 0.00865557
7.48221e-011 0.02257
9.14888e-011 0.0321685
1.08155e-010 0.0307874
1.24822e-010 0.0265406
1.41489e-010 0.0208091
1.58155e-010 0.021327
1.74822e-010 0.0271966
1.91489e-010 0.0175981
2.08155e-010 0.00216449
2.24822e-010 0.0160444
2.41489e-010 0.0404895
2.58155e-010 0.0292337
2.74822e-010 0.00195732
2.91489e-010 0.00330388
3.08155e-010 0.0187375
3.24822e-010 0.0185648
3.41489e-010 0.0133512
3.58155e-010 0.0160789
3.74822e-010 0.0223628
3.91489e-010 0.0301659
4.08155e-010 0.0324792
4.24822e-010 0.0212925
4.41489e-010 0.00623868
4.58155e-010 -0.00608747
4.74822e-010 -0.016998
4.91489e-010 -0.00881511
5.08155e-010 0.0202221
5.24822e-010 0.0281979
5.41489e-010 0.00679111
5.58155e-010 0.00143942
5.74822e-010 0.0146633
5.91489e-010 0.0103474
6.08155e-010 0.0044778
6.24822e-010 0.0221556
6.41489e-010 0.029648
6.58155e-010 0.0104855
6.74822e-010 0.00157753
6.91489e-010 0.00865557
7.08155e-010 0.00641131
7.24822e-010 0.00361462
7.41489e-010 0.0119702
7.58155e-010 0.0191863
7.74822e-010 0.0269894
7.91489e-010 0.0294754
8.08155e-010 0.00119773
8.24822e-010 -0.0281502
8.41489e-010 -0.00812457
8.58155e-010 0.0178743
8.74822e-010 -0.00398133
8.91489e-010 -0.0164801
9.08155e-010 0.018841
9.24822e-010 0.0279216
9.41489e-010 -0.0115082
9.58155e-010 -0.0197257
9.74822e-010 0.0107617
9.91489e-010 0.0103819
1.00816e-009 -0.0157205
1.02482e-009 -0.017654
1.04149e-009 -0.00615653
1.05816e-009 -0.00494808
1.07482e-009 -0.00090842
1.09149e-009 0.00889726
1.10816e-009 0.0127643
1.12482e-009 0.0142489
1.14149e-009 0.0134894
1.15816e-009 0.00427063
1.17482e-009 -0.00322173
1.19149e-009 -0.00056315
1.20816e-009 0.0046159
1.22482e-009 0.00675658
1.24149e-009 0.000990567
1.25816e-009 -0.0143049
1.27482e-009 -0.0188625
1.29149e-009 -0.00370511
1.30816e-009 0.00271692
1.32482e-009 -0.00909133
1.34149e-009 -0.0102307
1.35816e-009 0.00402895
1.37482e-009 0.0129714
1.39149e-009 0.0141799
1.40816e-009 0.0075507
1.42482e-009 -0.00736497
1.44149e-009 -0.00536241
1.45816e-009 0.0174945
1.47482e-009 0.0217068
1.49149e-009 0.00465043
1.50816e-009 0.000783404
1.52482e-009 0.000161918
1.54149e-009 -0.0105069
1.55816e-009 -0.000252406
1.57482e-009 0.0210508
1.59149e-009 0.0102093
1.60816e-009 -0.00152991
1.62482e-009 0.0212579
1.64149e-009 0.0269549
1.65816e-009 0.00316577
1.67482e-009 0.0101057
1.69149e-009 0.025781
1.70816e-009 -0.00339437
1.72482e-009 -0.0178957
1.74149e-009 0.0168039
1.75816e-009 0.0154919
1.77482e-009 -0.0244904
1.79149e-009 -0.00947112
1.80816e-009 0.0282324
1.82482e-009 0.00430516
1.84149e-009 -0.0240415
1.85816e-009 0.000576242
1.87482e-009 0.0163551
1.89149e-009 0.00527192
1.90816e-009 0.0102438
1.92482e-009 0.00351104
1.94149e-009 -0.0246285
1.95816e-009 -0.00715781
1.97482e-009 0.0313744
1.99149e-009 0.00886273
2.00816e-009 -0.0210032
2.02482e-009 0.00713638
2.04149e-009 0.0131096
2.05816e-009 -0.03036
2.07482e-009 -0.0210722
2.09149e-009 0.0304766
2.10816e-009 0.0165968
