LECROYSDA18000 15238 Waveform
Segments 1 SegmentSize 302
Segment TrigTime TimeSinceSegment1
#1 01-Jan-2002 00:51:00 0                 
Time Ampl
-2.91242e-009 -0.0103343
-2.89575e-009 -0.0328114
-2.87908e-009 -0.0134417
-2.86242e-009 -4.52442e-005
-2.84575e-009 0.000679823
-2.82908e-009 0.0183577
-2.81242e-009 0.0246416
-2.79575e-009 -0.00826268
-2.77908e-009 -0.0343306
-2.76242e-009 -0.0203471
-2.74575e-009 -0.003567
-2.72908e-009 -0.0120607
-2.71242e-009 -0.0245249
-2.69575e-009 -0.0215901
-2.67908e-009 -0.0113011
-2.66242e-009 -0.00784835
-2.64575e-009 -0.0107486
-2.62908e-009 -0.00556957
-2.61242e-009 0.00596246
-2.59575e-009 0.00275145
-2.57908e-009 -0.00774477
-2.56242e-009 0.00278597
-2.54575e-009 0.0187029
-2.52908e-009 0.0101057
-2.51242e-009 0.00161205
-2.49575e-009 0.0148359
-2.47908e-009 0.0132477
-2.46242e-009 -0.0140977
-2.44575e-009 -0.0201054
-2.42908e-009 0.00354557
-2.41242e-009 0.0163896
-2.39575e-009 0.00944969
-2.37908e-009 -0.00349795
-2.36242e-009 -0.0187244
-2.34575e-009 -0.0162384
-2.32908e-009 0.011176
-2.31242e-009 0.0201185
-2.29575e-009 -0.00367058
-2.27908e-009 -0.0114392
-2.26242e-009 0.00523739
-2.24575e-009 0.00651489
-2.22908e-009 0.000265499
-2.21242e-009 0.00855199
-2.19575e-009 0.00385631
-2.17908e-009 -0.0167218
-2.16242e-009 -0.0153752
-2.14575e-009 -0.00632916
-2.12908e-009 -0.0171016
-2.11242e-009 -0.00891869
-2.09575e-009 0.0279216
-2.07908e-009 0.0290956
-2.06242e-009 -0.0052243
-2.04575e-009 -0.00708876
-2.02908e-009 0.0119011
-2.01242e-009 0.000230972
-1.99575e-009 -0.0126821
-1.97908e-009 0.00606604
-1.96242e-009 0.0168039
-1.94575e-009 0.00181922
-1.92908e-009 -0.00598389
-1.91242e-009 -0.00152991
-1.89575e-009 0.00485759
-1.87908e-009 0.0213615
-1.86242e-009 0.0326519
-1.84575e-009 0.021327
-1.82908e-009 0.0145597
-1.81242e-009 0.0177707
-1.79575e-009 -0.00339437
-1.77908e-009 -0.0243177
-1.76242e-009 0.00133584
-1.74575e-009 0.0252285
-1.72908e-009 -0.000701258
-1.71242e-009 -0.0130274
-1.69575e-009 0.0234677
-1.67908e-009 0.0342401
-1.66242e-009 -0.0013918
-1.64575e-009 -0.0123023
-1.62908e-009 0.006653
-1.61242e-009 0.00423611
-1.59575e-009 -0.00601842
-1.57908e-009 -0.000873893
-1.56242e-009 -0.00960923
-1.54575e-009 -0.023351
-1.52908e-009 0.000472661
-1.51242e-009 0.0257464
-1.49575e-009 -0.00121916
-1.47908e-009 -0.0337091
-1.46242e-009 -0.0185172
-1.44575e-009 0.00430516
-1.42908e-009 -0.00163349
-1.41242e-009 -0.0100926
-1.39575e-009 -0.0120261
-1.37908e-009 -0.0198292
-1.36242e-009 -0.0161694
-1.34575e-009 0.00095604
-1.32908e-009 0.00095604
-1.31242e-009 -0.00480997
-1.29575e-009 0.0133858
-1.27908e-009 0.023295
-1.26242e-009 2.38098e-005
-1.24575e-009 -0.00470639
-1.22908e-009 0.0254357
-1.21242e-009 0.0249869
-1.19575e-009 -0.0128548
-1.17908e-009 -0.0164456
-1.16242e-009 0.0133512
-1.14575e-009 0.0110379
-1.12908e-009 -0.0113701
-1.11242e-009 0.00126678
-1.09575e-009 0.0270585
-1.07908e-009 0.0200495
-1.06242e-009 0.00168111
-1.04575e-009 0.00185374
-1.02908e-009 0.0020609
-1.01242e-009 -0.00736497
-9.95751e-010 -0.00850437
-9.79085e-010 -0.00791741
-9.62418e-010 -0.0204162
-9.45751e-010 -0.0207615
-9.29085e-010 0.01052
-9.12418e-010 0.0382798
-8.95751e-010 0.0344818
-8.79085e-010 0.0236748
-8.62418e-010 0.02074
-8.45751e-010 0.00817219
-8.29085e-010 -0.0019097
-8.12418e-010 0.0174254
-7.95751e-010 0.038556
-7.79085e-010 0.0317196
-7.62418e-010 0.0409383
-7.45751e-010 0.103501
-7.29085e-010 0.1777
-7.12418e-010 0.231113
-6.95751e-010 0.291708
-6.79085e-010 0.372087
-6.62418e-010 0.459337
-6.45751e-010 0.559431
-6.29085e-010 0.65545
-6.12418e-010 0.707586
-5.95751e-010 0.742666
-5.79085e-010 0.809545
-5.62418e-010 0.865927
-5.45751e-010 0.863407
-5.29085e-010 0.850321
-5.12418e-010 0.85588
-4.95751e-010 0.828776
-4.79085e-010 0.767283
-4.62418e-010 0.722536
-4.45751e-010 0.677997
-4.29085e-010 0.602693
-4.12418e-010 0.53761
-3.95751e-010 0.500666
-3.79085e-010 0.448047
-3.62418e-010 0.381375
-3.45751e-010 0.336731
-3.29085e-010 0.300823
-3.12418e-010 0.260565
-2.95751e-010 0.236983
-2.79085e-010 0.21568
-2.62418e-010 0.171347
-2.45751e-010 0.132573
-2.29085e-010 0.115068
-2.12418e-010 0.0910025
-1.95751e-010 0.0724615
-1.79085e-010 0.086445
-1.62418e-010 0.0958708
-1.45751e-010 0.0765012
-1.29085e-010 0.0707697
-1.12418e-010 0.0804718
-9.57514e-011 0.0591341
-7.90847e-011 0.0278871
-6.2418e-011 0.0380381
-4.57514e-011 0.0625868
-2.90847e-011 0.0548182
-1.2418e-011 0.0312708
4.24863e-012 0.0217068
2.09153e-011 0.024538
3.7582e-011 0.0288539
5.42486e-011 0.0226735
7.09153e-011 0.00516834
8.7582e-011 -4.52442e-005
1.04249e-010 0.0164587
1.20915e-010 0.0313398
1.37582e-010 0.0311327
1.54249e-010 0.0201876
1.70915e-010 0.000576242
1.87582e-010 -0.0090568
2.04249e-010 0.0114523
2.20915e-010 0.0355867
2.37582e-010 0.0298897
2.54249e-010 0.0133858
2.70915e-010 0.0122809
2.87582e-010 0.0182886
3.04249e-010 0.0221902
3.20915e-010 0.0204638
3.37582e-010 0.00616962
3.54249e-010 -0.00346342
3.70915e-010 0.00692922
3.87582e-010 0.00869009
4.04249e-010 -0.00881511
4.20915e-010 -0.00743403
4.37582e-010 0.00955327
4.54249e-010 0.00223354
4.70915e-010 -0.00708876
4.87582e-010 0.0119356
5.04249e-010 0.0153883
5.20915e-010 -0.0131655
5.37582e-010 -0.015755
5.54249e-010 0.0109689
5.70915e-010 0.014974
5.87582e-010 0.00824124
6.04249e-010 0.0168385
6.20915e-010 0.00727449
6.37582e-010 -0.0147538
6.54249e-010 0.00623868
6.70915e-010 0.0426647
6.87582e-010 0.0297171
7.04249e-010 0.00168111
7.20915e-010 0.00965685
7.37582e-010 0.0180124
7.54249e-010 0.00361462
7.70915e-010 0.0019228
7.87582e-010 0.00886273
8.04249e-010 -0.00705423
8.20915e-010 -0.0204852
8.37582e-010 -0.00249666
8.54249e-010 0.0163896
8.70915e-010 0.0112796
8.87582e-010 0.00226807
9.04249e-010 0.00523739
9.20915e-010 0.013075
9.37582e-010 0.0141108
9.54249e-010 0.00161205
9.70915e-010 -0.0116463
9.87582e-010 -0.00615653
1.00425e-009 0.00520286
1.02092e-009 0.000265499
1.03758e-009 -0.00916038
1.05425e-009 -0.0111629
1.07092e-009 -0.0177231
1.08758e-009 -0.019553
1.10425e-009 0.00358009
1.12092e-009 0.0266441
1.13758e-009 0.0187029
1.15425e-009 0.00188827
1.17092e-009 0.00416705
1.18758e-009 0.0138001
1.20425e-009 0.0148359
1.22092e-009 0.00679111
1.23758e-009 -0.00833173
1.25425e-009 -0.0181374
1.27092e-009 -0.011819
1.28758e-009 -0.00308362
1.30425e-009 -0.000390515
1.32092e-009 0.00827577
1.33758e-009 0.015561
1.35425e-009 0.00630773
1.37092e-009 2.38098e-005
1.38758e-009 0.00951874
1.40425e-009 0.00737807
1.42092e-009 -0.0099545
1.43758e-009 -0.00974734
1.45425e-009 0.0057553
1.47092e-009 0.00893178
1.48758e-009 0.00527192
1.50425e-009 0.00606604
1.52092e-009 0.0024407
1.53758e-009 -0.000597677
1.55425e-009 0.00382178
1.57092e-009 -0.000390515
1.58758e-009 -0.00936754
1.60425e-009 -0.00111558
1.62092e-009 0.00616962
1.63758e-009 -0.00743403
1.65425e-009 -0.0109558
1.67092e-009 0.00648036
1.68758e-009 0.0109344
1.70425e-009 0.0100366
1.72092e-009 0.0290956
1.73758e-009 0.0314779
1.75425e-009 -0.00104653
1.77092e-009 -0.0114392
1.78758e-009 0.00896631
1.80425e-009 0.00271692
1.82092e-009 -0.0177576
1.83758e-009 -0.00425754
1.85425e-009 0.00982949
1.87092e-009 -0.00677801
1.88758e-009 -0.00809004
1.90425e-009 0.013075
1.92092e-009 0.00965685
1.93758e-009 0.00299313
1.95425e-009 0.0345508
1.97092e-009 0.054542
1.98758e-009 0.0164587
2.00425e-009 -0.0307052
2.02092e-009 -0.0377488
2.03758e-009 -0.0160313
2.05425e-009 0.0112106
2.07092e-009 0.0184267
2.08758e-009 -0.0081591
2.10425e-009 -0.0282538
