LECROYSDA18000 15238 Waveform
Segments 1 SegmentSize 3002
Segment TrigTime TimeSinceSegment1
#1 02-Nov-2018 13:13:06 0                 
Time Ampl
-1.001411e-008 -0.0727657
-9.997445e-009 -0.0221836
-9.980778e-009 0.0323691
-9.964111e-009 -0.00604223
-9.947445e-009 -0.0462662
-9.930778e-009 -0.0254637
-9.914111e-009 -0.00794122
-9.897445e-009 -0.0121708
-9.880778e-009 0.00302112
-9.864111e-009 0.0153645
-9.847445e-009 -0.00750963
-9.830778e-009 -0.0212341
-9.814111e-009 0.00215794
-9.797445e-009 0.0135519
-9.780778e-009 -0.00103581
-9.764111e-009 0.0162277
-9.747445e-009 0.0609402
-9.730778e-009 0.0485105
-9.714111e-009 -0.019853
-9.697445e-009 -0.0438493
-9.680778e-009 -0.0136382
-9.664111e-009 -0.0180404
-9.647445e-009 -0.0542938
-9.630778e-009 -0.0400514
-9.614111e-009 0.0098402
-9.597445e-009 0.0229605
-9.580778e-009 0.0128613
-9.564111e-009 0.0190762
-9.547445e-009 0.0233057
-9.530778e-009 0.0205436
-9.514111e-009 0.0304701
-9.497445e-009 0.0318512
-9.480778e-009 0.0149329
-9.464111e-009 0.0170909
-9.447445e-009 0.022011
-9.430778e-009 -0.0167456
-9.414111e-009 -0.0452304
-9.397445e-009 -0.00509274
-9.380778e-009 0.0250321
-9.364111e-009 -0.0136382
-9.347445e-009 -0.0360807
-9.330778e-009 -0.00362534
-9.314111e-009 0.0029348
-9.297445e-009 -0.0241689
-9.280778e-009 -0.0251184
-9.264111e-009 -0.0321965
-9.247445e-009 -0.0656014
-9.230778e-009 -0.0300385
-9.214111e-009 0.0687951
-9.197445e-009 0.0729383
-9.180778e-009 -0.0243416
-9.164111e-009 -0.0594728
-9.147445e-009 -0.016314
-9.130778e-009 -0.00535169
-9.114111e-009 -0.0105307
-9.097445e-009 0.0186446
-9.080778e-009 0.0140698
-9.064111e-009 -0.0346997
-9.047445e-009 -0.0206299
-9.030778e-009 0.0470431
-9.014111e-009 0.0501505
-8.997445e-009 -0.00656014
-8.980778e-009 -0.0342681
-8.964111e-009 -0.0172635
-8.947445e-009 0.0224426
-8.930778e-009 0.0502368
-8.914111e-009 0.00958125
-8.897445e-009 -0.0508411
-8.880778e-009 -0.0123434
-8.864111e-009 0.0645655
-8.847445e-009 0.0358218
-8.830778e-009 -0.0237373
-8.814111e-009 0.00906335
-8.797445e-009 0.030988
-8.780778e-009 -0.0365123
-8.764111e-009 -0.0573149
-8.747445e-009 0.00811385
-8.730778e-009 0.0185583
-8.714111e-009 -0.027449
-8.697445e-009 -0.0143287
-8.680778e-009 0.0249458
-8.664111e-009 0.0120845
-8.647445e-009 -0.0104444
-8.630778e-009 -0.0140698
-8.614111e-009 -0.0304701
-8.597445e-009 -0.032628
-8.580778e-009 -0.00034527
-8.564111e-009 0.00914966
-8.547445e-009 -0.00854544
-8.530778e-009 0.00535169
-8.514111e-009 0.0369439
-8.497445e-009 0.0372029
-8.480778e-009 0.0083728
-8.464111e-009 -0.0410008
-8.447445e-009 -0.0855407
-8.430778e-009 -0.0611128
-8.414111e-009 0.0106171
-8.397445e-009 0.0233057
-8.380778e-009 -0.018472
-8.364111e-009 -0.0229605
-8.347445e-009 -0.00267584
-8.330778e-009 -0.0178677
-8.314111e-009 -0.0359081
-8.297445e-009 -0.0170909
-8.280778e-009 0.00535169
-8.264111e-009 0.0131203
-8.247445e-009 0.0321101
-8.230778e-009 0.058437
-8.214111e-009 0.0479063
-8.197445e-009 -0.0145877
-8.180778e-009 -0.0634434
-8.164111e-009 -0.0247731
-8.147445e-009 0.0430725
-8.130778e-009 0.0207162
-8.114111e-009 -0.0509274
-8.097445e-009 -0.0472157
-8.080778e-009 0.00181267
-8.064111e-009 0.00923598
-8.047445e-009 0.00215794
-8.030778e-009 -0.0093223
-8.014111e-009 -0.0591275
-7.997445e-009 -0.0643066
-7.980778e-009 0.0167456
-7.964111e-009 0.0204573
-7.947445e-009 -0.091065
-7.930778e-009 -0.104272
-7.914111e-009 0.00811385
-7.897445e-009 0.0393608
-7.880778e-009 -0.0119981
-7.864111e-009 -0.00673277
-7.847445e-009 0.00164003
-7.830778e-009 -0.0417777
-7.814111e-009 -0.0230468
-7.797445e-009 0.0490284
-7.780778e-009 0.0334049
-7.764111e-009 -0.034527
-7.747445e-009 -0.0436767
-7.730778e-009 -0.0292617
-7.714111e-009 -0.0213204
-7.697445e-009 0.00759595
-7.680778e-009 -0.00561064
-7.664111e-009 -0.0782037
-7.647445e-009 -0.0773405
-7.630778e-009 0.00820017
-7.614111e-009 0.0346997
-7.597445e-009 0.00664645
-7.580778e-009 0.0181267
-7.564111e-009 0.022011
-7.547445e-009 -0.0186446
-7.530778e-009 -0.0211478
-7.514111e-009 0.00845912
-7.497445e-009 -0.0101855
-7.480778e-009 -0.0323691
-7.464111e-009 0.0063875
-7.447445e-009 0.0523084
-7.430778e-009 0.0630981
-7.414111e-009 0.0531716
-7.397445e-009 0.014674
-7.380778e-009 -0.0295206
-7.364111e-009 -0.0305564
-7.347445e-009 -0.022011
-7.330778e-009 -0.0286574
-7.314111e-009 0.0078549
-7.297445e-009 0.0534306
-7.280778e-009 0.00716436
-7.264111e-009 -0.0562791
-7.247445e-009 -0.0189035
-7.230778e-009 0.0318512
-7.214111e-009 0.0126887
-7.197445e-009 0.0116529
-7.180778e-009 0.0333186
-7.164111e-009 -0.0246868
-7.147445e-009 -0.0919282
-7.130778e-009 -0.0459209
-7.114111e-009 0.0156235
-7.097445e-009 -0.0178677
-7.080778e-009 -0.0515316
-7.064111e-009 -0.0107034
-7.047445e-009 0.0271037
-7.030778e-009 0.0190762
-7.014111e-009 0
-6.997445e-009 -0.0213204
-6.980778e-009 -0.031247
-6.964111e-009 -0.00707804
-6.947445e-009 0.00509274
-6.930778e-009 -0.0333186
-6.914111e-009 -0.061976
-6.897445e-009 -0.0388429
-6.880778e-009 -0.00923598
-6.864111e-009 0.00733699
-6.847445e-009 0.0303838
-6.830778e-009 0.031247
-6.814111e-009 -0.0102718
-6.797445e-009 -0.0340091
-6.780778e-009 0.000172635
-6.764111e-009 0.0378934
-6.747445e-009 0.0266721
-6.730778e-009 -0.0137245
-6.714111e-009 -0.0431588
-6.697445e-009 -0.0441083
-6.680778e-009 -0.0160551
-6.664111e-009 0.0220973
-6.647445e-009 0.0376345
-6.630778e-009 0.0196804
-6.614111e-009 -0.00543801
-6.597445e-009 -0.00828649
-6.580778e-009 0.00673277
-6.564111e-009 0.00966757
-6.547445e-009 -0.0115666
-6.530778e-009 -0.0319375
-6.514111e-009 -0.0278806
-6.497445e-009 -0.0192488
-6.480778e-009 -0.0370302
-6.464111e-009 -0.0547253
-6.447445e-009 -0.0161414
-6.430778e-009 0.0583507
-6.414111e-009 0.0762184
-6.397445e-009 0.0132929
-6.380778e-009 -0.0452304
-6.364111e-009 -0.0397924
-6.347445e-009 -0.0107897
-6.330778e-009 -0.00561064
-6.314111e-009 -0.0120845
-6.297445e-009 -0.0118255
-6.280778e-009 -0.0137245
-6.264111e-009 -0.0177814
-6.247445e-009 -0.00621487
-6.230778e-009 0.02391
-6.214111e-009 0.0495463
-6.197445e-009 0.0428998
-6.180778e-009 0.00336639
-6.164111e-009 -0.0266721
-6.147445e-009 -0.00569696
-6.130778e-009 0.0389292
-6.114111e-009 0.0414324
-6.097445e-009 0.00647382
-6.080778e-009 0.00750963
-6.064111e-009 0.0550706
-6.047445e-009 0.069313
-6.030778e-009 0.0227015
-6.014111e-009 -0.00733699
-5.997445e-009 0.0221836
-5.980778e-009 0.04946
-5.964111e-009 0.0263269
-5.947445e-009 -0.00871807
-5.930778e-009 -0.0162277
-5.914111e-009 -0.0118255
-5.897445e-009 -0.0132929
-5.880778e-009 -0.00880439
-5.864111e-009 0.00889071
-5.847445e-009 0.0194215
-5.830778e-009 -0.00164003
-5.814111e-009 -0.0398787
-5.797445e-009 -0.0482515
-5.780778e-009 -0.0192488
-5.764111e-009 -0.00258953
-5.747445e-009 -0.0164003
-5.730778e-009 -0.0180404
-5.714111e-009 0.00897703
-5.697445e-009 0.0275353
-5.680778e-009 0.0157961
-5.664111e-009 -0.0110486
-5.647445e-009 -0.0230468
-5.630778e-009 0.00319375
-5.614111e-009 0.0375481
-5.597445e-009 0.0182993
-5.580778e-009 -0.027449
-5.564111e-009 -0.0105307
-5.547445e-009 0.0420367
-5.530778e-009 0.0307291
-5.514111e-009 -0.0100128
-5.497445e-009 0.0164867
-5.480778e-009 0.0656014
-5.464111e-009 0.0457483
-5.447445e-009 -0.00517905
-5.430778e-009 -0.018472
-5.414111e-009 -0.0149329
-5.397445e-009 -0.0228742
-5.380778e-009 -0.0216657
-5.364111e-009 -0.0034527
-5.347445e-009 0.0157961
-5.330778e-009 0.0227015
-5.314111e-009 0.00379797
-5.297445e-009 -0.0263269
-5.280778e-009 -0.0196804
-5.264111e-009 0.0205436
-5.247445e-009 0.0285711
-5.230778e-009 -0.00776858
-5.214111e-009 -0.0259816
-5.197445e-009 -0.00448851
-5.180778e-009 0.0098402
-5.164111e-009 -0.00155372
-5.147445e-009 -0.00138108
-5.130778e-009 0.018472
-5.114111e-009 0.0137245
-5.097445e-009 -0.0177814
-5.080778e-009 -0.0162277
-5.064111e-009 0.0233057
-5.047445e-009 0.0400514
-5.030778e-009 0.0426409
-5.014111e-009 0.0793259
-4.997445e-009 0.0930503
-4.980778e-009 0.0271037
-4.964111e-009 -0.0172635
-4.947445e-009 0.0310743
-4.930778e-009 0.0577465
-4.914111e-009 0.000949493
-4.897445e-009 -0.032887
-4.880778e-009 -0.013034
-4.864111e-009 -0.0159688
-4.847445e-009 -0.0162277
-4.830778e-009 0.0288301
-4.814111e-009 0.0353902
-4.797445e-009 -0.0117392
-4.780778e-009 0.00647382
-4.764111e-009 0.0769953
-4.747445e-009 0.065515
-4.730778e-009 -0.00742331
-4.714111e-009 -0.0278806
-4.697445e-009 8.63176e-005
-4.680778e-009 0.034786
-4.664111e-009 0.0718162
-4.647445e-009 0.0570559
-4.630778e-009 -0.0240826
-4.614111e-009 -0.0562791
-4.597445e-009 -0.0029348
-4.580778e-009 0.0176088
-4.564111e-009 -0.0207162
-4.547445e-009 -0.0292617
-4.530778e-009 -0.0189035
-4.514111e-009 -0.0337502
-4.497445e-009 -0.0141561
-4.480778e-009 0.043763
-4.464111e-009 0.0358218
-4.447445e-009 -0.0243416
-4.430778e-009 -0.0231331
-4.414111e-009 0.0203709
-4.397445e-009 0.0225289
-4.380778e-009 0.00992652
-4.364111e-009 0.0133792
-4.347445e-009 -0.00906335
-4.330778e-009 -0.034786
-4.314111e-009 -0.00112213
-4.297445e-009 0.0375481
-4.280778e-009 0.00707804
-4.264111e-009 -0.0288301
-4.247445e-009 0.00742331
-4.230778e-009 0.0668961
-4.214111e-009 0.0746647
-4.197445e-009 0.0395334
-4.180778e-009 0.0159688
-4.164111e-009 0.0351313
-4.147445e-009 0.060077
-4.130778e-009 0.0215794
-4.114111e-009 -0.0529127
-4.097445e-009 -0.0549843
-4.080778e-009 0.0114802
-4.064111e-009 0.0365123
-4.047445e-009 0.0103581
-4.030778e-009 0.00258953
-4.014111e-009 -0.00250321
-3.997445e-009 -0.029348
-3.980778e-009 -0.0166593
-3.964111e-009 0.0340091
-3.947445e-009 0.0299522
-3.930778e-009 -0.0159688
-3.914111e-009 -0.0149329
-3.897445e-009 0.00725068
-3.880778e-009 -0.0100128
-3.864111e-009 -0.0238237
-3.847445e-009 -0.00820017
-3.830778e-009 -0.012516
-3.814111e-009 -0.025809
-3.797445e-009 -0.00379797
-3.780778e-009 0.00621487
-3.764111e-009 -0.0334049
-3.747445e-009 -0.058437
-3.730778e-009 -0.0325417
-3.714111e-009 0.00302112
-3.697445e-009 0.0299522
-3.680778e-009 0.0400514
-3.664111e-009 0.00759595
-3.647445e-009 -0.0227878
-3.630778e-009 0.0209752
-3.614111e-009 0.0824333
-3.597445e-009 0.0567106
-3.580778e-009 -0.0230468
-3.564111e-009 -0.0511
-3.547445e-009 -0.0128613
-3.530778e-009 0.0280532
-3.514111e-009 0.0214931
-3.497445e-009 -0.0248595
-3.480778e-009 -0.0537758
-3.464111e-009 -0.0317649
-3.447445e-009 0.0093223
-3.430778e-009 0.0388429
-3.414111e-009 0.0542938
-3.397445e-009 0.038066
-3.380778e-009 0.00457483
-3.364111e-009 0.0214931
-3.347445e-009 0.0715573
-3.330778e-009 0.0460936
-3.314111e-009 -0.0474747
-3.297445e-009 -0.0814838
-3.280778e-009 -0.0367713
-3.264111e-009 -0.0109623
-3.247445e-009 -0.0302975
-3.230778e-009 -0.043763
-3.214111e-009 -0.0372029
-3.197445e-009 -0.0265858
-3.180778e-009 -0.00880439
-3.164111e-009 0.0151919
-3.147445e-009 0.020112
-3.130778e-009 -0.00707804
-3.114111e-009 -0.0246005
-3.097445e-009 0.0129476
-3.080778e-009 0.0522221
-3.064111e-009 0.0078549
-3.047445e-009 -0.0630118
-3.030778e-009 -0.0479063
-3.014111e-009 0.00120845
-2.997445e-009 -0.0132929
-2.980778e-009 -0.0299522
-2.964111e-009 0.00656014
-2.947445e-009 0.0132066
-2.930778e-009 -0.0149329
-2.914111e-009 0.0128613
-2.897445e-009 0.0384113
-2.880778e-009 -0.032628
-2.864111e-009 -0.0908061
-2.847445e-009 -0.0369439
-2.830778e-009 0.0272764
-2.814111e-009 0.045403
-2.797445e-009 0.0768226
-2.780778e-009 0.07501
-2.764111e-009 -0.014674
-2.747445e-009 -0.0686225
-2.730778e-009 -0.0195941
-2.714111e-009 0.00138108
-2.697445e-009 -0.0441946
-2.680778e-009 -0.0322828
-2.664111e-009 0.0382387
-2.647445e-009 0.0406556
-2.630778e-009 -0.0307291
-2.614111e-009 -0.063875
-2.597445e-009 -0.0100992
-2.580778e-009 0.0605086
-2.564111e-009 0.0512726
-2.547445e-009 -0.0189035
-2.530778e-009 -0.0301248
-2.514111e-009 0.0256363
-2.497445e-009 0.0290027
-2.480778e-009 -0.0264132
-2.464111e-009 -0.0433314
-2.447445e-009 -0.0279669
-2.430778e-009 -0.0193351
-2.414111e-009 0.0189035
-2.397445e-009 0.0563654
-2.380778e-009 0.0235647
-2.364111e-009 -0.00535169
-2.347445e-009 0.0259816
-2.330778e-009 0.011135
-2.314111e-009 -0.0482515
-2.297445e-009 -0.0173498
-2.280778e-009 0.0327144
-2.264111e-009 -0.0346133
-2.247445e-009 -0.0835554
-2.230778e-009 -0.00612855
-2.214111e-009 0.0205436
-2.197445e-009 -0.0539485
-2.180778e-009 -0.0426409
-2.164111e-009 0.0400514
-2.147445e-009 0.0372029
-2.130778e-009 0.0156235
-2.114111e-009 0.0465252
-2.097445e-009 0.00474747
-2.080778e-009 -0.0863176
-2.064111e-009 -0.0477336
-2.047445e-009 0.0495463
-2.030778e-009 0.025809
-2.014111e-009 -0.0403966
-1.997445e-009 -0.0235647
-1.980778e-009 0.0157961
-1.964111e-009 0.0340954
-1.947445e-009 0.0510137
-1.930778e-009 0.0175225
-1.914111e-009 -0.0543801
-1.897445e-009 -0.0536032
-1.880778e-009 0.00319375
-1.864111e-009 0.0191625
-1.847445e-009 0.0203709
-1.830778e-009 0.0336639
-1.814111e-009 0.0044022
-1.797445e-009 -0.0277079
-1.780778e-009 8.63176e-005
-1.764111e-009 0.00215794
-1.747445e-009 -0.0498916
-1.730778e-009 -0.0219247
-1.714111e-009 0.0834691
-1.697445e-009 0.101423
-1.680778e-009 0.02719
-1.664111e-009 -0.0115666
-1.647445e-009 -0.000517905
-1.630778e-009 0.0137245
-1.614111e-009 0.025291
-1.597445e-009 0.0155372
-1.580778e-009 -0.0107034
-1.564111e-009 -0.00690541
-1.547445e-009 0.00034527
-1.530778e-009 -0.0328007
-1.514111e-009 -0.0388429
-1.497445e-009 0.0192488
-1.480778e-009 0.0493737
-1.464111e-009 0.0216657
-1.447445e-009 0.00889071
-1.430778e-009 0.0170046
-1.414111e-009 0.0160551
-1.397445e-009 0.0280532
-1.380778e-009 0.039965
-1.364111e-009 0.0237373
-1.347445e-009 0.0268448
-1.330778e-009 0.0508411
-1.314111e-009 0.0195078
-1.297445e-009 -0.0271037
-1.280778e-009 0.0044022
-1.264111e-009 0.0448851
-1.247445e-009 0.0164867
-1.230778e-009 0.000258953
-1.214111e-009 0.0282258
-1.197445e-009 0.0235647
-1.180778e-009 0.0102718
-1.164111e-009 0.0401377
-1.147445e-009 0.0354765
-1.130778e-009 -0.0207162
-1.114111e-009 -0.0191625
-1.097445e-009 0.0209752
-1.080778e-009 -0.00172635
-1.064111e-009 -0.02391
-1.047445e-009 0.0213204
-1.030778e-009 0.0258953
-1.014111e-009 -0.0384113
-9.974446e-010 -0.032887
-9.80778e-010 0.0412598
-9.641113e-010 0.036685
-9.474446e-010 -0.0357355
-9.30778e-010 -0.0498916
-9.141113e-010 -0.0123434
-8.974446e-010 0.0019853
-8.80778e-010 0.00483378
-8.641113e-010 0.0187309
-8.474446e-010 0.0107034
-8.30778e-010 -0.014415
-8.141113e-010 -0.000431588
-7.974446e-010 0.0467841
-7.80778e-010 0.0562791
-7.641113e-010 0.0235647
-7.474446e-010 0.021752
-7.30778e-010 0.0522221
-7.141113e-010 0.0277079
-6.974446e-010 -0.0449715
-6.80778e-010 -0.0478199
-6.641113e-010 0.0285711
-6.474446e-010 0.0601633
-6.30778e-010 0.0220973
-6.141113e-010 0.0138108
-5.974446e-010 0.0484242
-5.80778e-010 0.0431588
-5.641113e-010 -0.0063875
-5.474446e-010 -0.0339228
-5.30778e-010 -0.0330596
-5.141113e-010 -0.0369439
-4.974446e-010 -0.0317649
-4.80778e-010 0.00561064
-4.641113e-010 0.0419503
-4.474446e-010 0.0321965
-4.30778e-010 -0.00543801
-4.141113e-010 -0.0138108
-3.974446e-010 0.02555
-3.80778e-010 0.0699172
-3.641113e-010 0.0587823
-3.474446e-010 -0.0150193
-3.30778e-010 -0.0684498
-3.141113e-010 -0.0179541
-2.974446e-010 0.0809659
-2.80778e-010 0.103322
-2.641113e-010 0.0568833
-2.474446e-010 0.0335775
-2.30778e-010 0.0185583
-2.141113e-010 -0.0316785
-1.974446e-010 -0.0457483
-1.80778e-010 0.00992652
-1.641113e-010 0.0375481
-1.474446e-010 0.0120845
-1.30778e-010 0.0176951
-1.141113e-010 0.0486831
-9.744465e-011 0.0542074
-8.077798e-011 0.0792395
-6.411131e-011 0.13267
-4.744465e-011 0.134224
-3.077798e-011 0.110659
-1.411131e-011 0.156407
2.555354e-012 0.22736
1.922202e-011 0.258435
3.588869e-011 0.313678
5.255535e-011 0.409404
6.922202e-011 0.453513
8.588869e-011 0.455412
1.025554e-010 0.515834
1.19222e-010 0.634693
1.358887e-010 0.737584
1.525554e-010 0.788943
1.69222e-010 0.801027
1.858887e-010 0.845135
2.025554e-010 0.980654
2.19222e-010 1.12092
2.358887e-010 1.15769
2.525554e-010 1.15614
2.69222e-010 1.2037
2.858887e-010 1.24876
3.025554e-010 1.26585
3.19222e-010 1.30598
3.358887e-010 1.33732
3.525554e-010 1.32342
3.69222e-010 1.34509
3.858887e-010 1.41069
4.025554e-010 1.3974
4.19222e-010 1.30926
4.358887e-010 1.27923
4.525554e-010 1.31557
4.69222e-010 1.33335
4.858887e-010 1.32523
5.025554e-010 1.31341
5.19222e-010 1.292
5.358887e-010 1.27534
5.525554e-010 1.27103
5.69222e-010 1.2567
5.858887e-010 1.23158
6.025554e-010 1.19489
6.19222e-010 1.13818
6.358887e-010 1.10797
6.525554e-010 1.11971
6.69222e-010 1.07543
6.858887e-010 0.958298
7.025554e-010 0.891661
7.19222e-010 0.866542
7.358887e-010 0.755451
7.525554e-010 0.609575
7.69222e-010 0.536636
7.858887e-010 0.444622
8.025554e-010 0.277856
8.19222e-010 0.182044
8.358887e-010 0.175311
8.525554e-010 0.0873534
8.69222e-010 -0.0872671
8.858887e-010 -0.217693
9.025554e-010 -0.323605
9.19222e-010 -0.46249
9.358887e-010 -0.571422
9.525554e-010 -0.653251
9.69222e-010 -0.800854
9.858887e-010 -0.967275
1.002555e-009 -1.03253
1.019222e-009 -1.04211
1.035889e-009 -1.11237
1.052555e-009 -1.21984
1.069222e-009 -1.26826
1.085889e-009 -1.24893
1.102555e-009 -1.22899
1.119222e-009 -1.24358
1.135889e-009 -1.26145
1.152555e-009 -1.2554
1.169222e-009 -1.24556
1.185889e-009 -1.24004
1.202555e-009 -1.22252
1.219222e-009 -1.21397
1.235889e-009 -1.22381
1.252555e-009 -1.19886
1.269222e-009 -1.15053
1.285889e-009 -1.16736
1.302555e-009 -1.21492
1.319222e-009 -1.18065
1.335889e-009 -1.11237
1.352555e-009 -1.11168
1.369222e-009 -1.11652
1.385889e-009 -1.06792
1.402555e-009 -1.04841
1.419222e-009 -1.07232
1.435889e-009 -1.05066
1.452555e-009 -0.998176
1.469222e-009 -0.973921
1.485889e-009 -0.931712
1.502555e-009 -0.847811
1.519222e-009 -0.774873
1.535889e-009 -0.698741
1.552555e-009 -0.593865
1.569222e-009 -0.521358
1.585889e-009 -0.474574
1.602555e-009 -0.36849
1.619222e-009 -0.256277
1.635889e-009 -0.243675
1.652555e-009 -0.255932
1.669222e-009 -0.185842
1.685889e-009 -0.0863176
1.702555e-009 -0.0222699
1.719222e-009 0.0218383
1.735889e-009 0.0455757
1.752555e-009 0.0656877
1.769222e-009 0.133102
1.785889e-009 0.193697
1.802555e-009 0.154077
1.819222e-009 0.0779448
1.835889e-009 0.061976
1.852555e-009 0.0629255
1.869222e-009 0.0447125
1.885889e-009 0.0541211
1.902555e-009 0.0594728
1.919222e-009 -0.00319375
1.935889e-009 -0.061976
1.952555e-009 -0.0369439
1.969222e-009 0.000949493
1.985889e-009 -0.0277079
2.002555e-009 -0.0892524
2.019222e-009 -0.128095
2.035889e-009 -0.123175
2.052555e-009 -0.0768226
2.069222e-009 -0.0393608
2.085889e-009 -0.0605949
2.102555e-009 -0.0984884
2.119222e-009 -0.0784627
2.135889e-009 -0.0162277
2.152555e-009 0.00811385
2.169222e-009 -0.0321101
2.185889e-009 -0.0719025
2.202555e-009 -0.0490284
2.219222e-009 -0.0063875
2.235889e-009 -0.0178677
2.252555e-009 -0.0531716
2.269222e-009 -0.0593002
2.285889e-009 -0.0835554
2.302555e-009 -0.141302
2.319222e-009 -0.133792
2.335889e-009 -0.0587823
2.352555e-009 -0.0540348
2.369222e-009 -0.129735
2.385889e-009 -0.15589
2.402555e-009 -0.12283
2.419222e-009 -0.123089
2.435889e-009 -0.15753
2.452555e-009 -0.183511
2.469222e-009 -0.204573
2.485889e-009 -0.201983
2.502555e-009 -0.162968
2.519222e-009 -0.151315
2.535889e-009 -0.186964
2.552555e-009 -0.190934
2.569222e-009 -0.149502
2.585889e-009 -0.12775
2.602555e-009 -0.11299
2.619222e-009 -0.0636161
2.635889e-009 -0.0283985
2.652555e-009 -0.0377208
2.669222e-009 -0.0301248
2.685889e-009 0.00604223
2.702555e-009 0.0058696
2.719222e-009 -0.0286574
2.735889e-009 -0.0374618
2.752555e-009 -0.0227878
2.769222e-009 -0.0225289
2.785889e-009 -0.0291753
2.802555e-009 -0.016314
2.819222e-009 0.018213
2.835889e-009 0.0560201
2.852555e-009 0.0711257
2.869222e-009 0.060077
2.885889e-009 0.04946
2.902555e-009 0.0410008
2.919222e-009 0.00828649
2.935889e-009 -0.0279669
2.952555e-009 -0.0273627
2.969222e-009 -0.0213204
2.985889e-009 -0.0460936
3.002555e-009 -0.0521358
3.019222e-009 -0.0170909
3.035889e-009 -0.0183856
3.052555e-009 -0.064134
3.069222e-009 -0.0476473
3.085889e-009 0.0323691
3.102555e-009 0.0533443
3.119222e-009 0.0136382
3.135889e-009 0.016314
3.152555e-009 0.0462662
3.169222e-009 0.0352176
3.185889e-009 0.0288301
3.202555e-009 0.0541211
3.219222e-009 0.0285711
3.235889e-009 -0.0416051
3.252555e-009 -0.0476473
3.269222e-009 -0.013034
3.285889e-009 -0.0386703
3.302555e-009 -0.0761321
3.319222e-009 -0.036685
3.335889e-009 0.0282258
3.352555e-009 0.0551569
3.369222e-009 0.0654287
3.385889e-009 0.0548117
3.402555e-009 0.0098402
3.419222e-009 -0.0138108
3.435889e-009 0.00207162
3.452555e-009 8.63176e-005
3.469222e-009 -0.014415
3.485889e-009 -0.00397061
3.502555e-009 -0.0105307
3.519222e-009 -0.0449715
3.535889e-009 -0.0335775
3.552555e-009 0.0107897
3.569222e-009 0.00561064
3.585889e-009 -0.0117392
3.602555e-009 0.0268448
3.619222e-009 0.0562791
3.635889e-009 0.0189035
3.652555e-009 -0.0226152
3.669222e-009 -0.0315059
3.685889e-009 -0.0422093
3.702555e-009 -0.0512726
3.719222e-009 -0.0415188
3.735889e-009 -0.0365987
3.752555e-009 -0.0419503
3.769222e-009 -0.0442809
3.785889e-009 -0.0506684
3.802555e-009 -0.0419503
3.819222e-009 -0.00405693
3.835889e-009 -0.00561064
3.852555e-009 -0.0683635
3.869222e-009 -0.0716436
3.885889e-009 0.0238237
3.902555e-009 0.0718162
3.919222e-009 0.00854544
3.935889e-009 -0.0490284
3.952555e-009 -0.036685
3.969222e-009 -0.0058696
3.985889e-009 0.0136382
4.002555e-009 0.00811385
4.019222e-009 -0.0416051
4.035889e-009 -0.07829
4.052555e-009 -0.0444536
4.069222e-009 -0.0143287
4.085889e-009 -0.0517042
4.102555e-009 -0.0680182
4.119222e-009 -0.0034527
4.135889e-009 0.0509274
4.152555e-009 0.0340091
4.169222e-009 0.00431588
4.185889e-009 0.00181267
4.202555e-009 0.00103581
4.219222e-009 -0.0173498
4.235889e-009 -0.0556748
4.252555e-009 -0.0914966
4.269222e-009 -0.074751
4.285889e-009 -0.0232194
4.302555e-009 -0.0189899
4.319222e-009 -0.040224
4.335889e-009 0.00129476
4.352555e-009 0.0490284
4.369222e-009 0.00880439
4.385889e-009 -0.0229605
4.402555e-009 0.0454894
4.419222e-009 0.0803617
4.435889e-009 -0.00172635
4.452555e-009 -0.0455757
4.469222e-009 0.0162277
4.485889e-009 0.0360807
4.502555e-009 -0.0215794
4.519222e-009 -0.0401377
4.535889e-009 -0.0251184
4.552555e-009 -0.0441083
4.569222e-009 -0.042123
4.585889e-009 0.00569696
4.602555e-009 0.0133792
4.619222e-009 -0.0119981
4.635889e-009 0.00958125
4.652555e-009 0.0346997
4.669222e-009 0.00561064
4.685889e-009 -0.00845912
4.702555e-009 0.0222699
4.719222e-009 0.0218383
4.735889e-009 -0.0105307
4.752555e-009 -0.0078549
4.769222e-009 0.0149329
4.785889e-009 0.0167456
4.802555e-009 0.0135519
4.819222e-009 0.0093223
4.835889e-009 -0.00422956
4.852555e-009 0.000172635
4.869222e-009 0.0138971
4.885889e-009 -0.0136382
4.902555e-009 -0.0533443
4.919222e-009 -0.0302112
4.935889e-009 0.0277943
4.952555e-009 0.0307291
4.969222e-009 -0.0220973
4.985889e-009 -0.0504095
5.002555e-009 -0.0223563
5.019222e-009 -0.000517905
5.035889e-009 -0.0350449
5.052555e-009 -0.0668961
5.069222e-009 -0.0314196
5.085889e-009 0.0152782
5.102555e-009 0.0126887
5.119222e-009 0.00975389
5.135889e-009 0.0260679
5.152555e-009 0.000690541
5.169222e-009 -0.0448851
5.185889e-009 -0.0409145
5.202555e-009 -0.0328007
5.219222e-009 -0.0649108
5.235889e-009 -0.056797
5.252555e-009 0.0149329
5.269222e-009 0.0551569
5.285889e-009 0.0490284
5.302555e-009 0.0553296
5.319222e-009 0.05274
5.335889e-009 0.012775
5.352555e-009 -0.0172635
5.369222e-009 -0.0157098
5.385889e-009 -0.00949493
5.402555e-009 -0.00647382
5.419222e-009 -0.0157961
5.435889e-009 -0.0310743
5.452555e-009 -0.00871807
5.469222e-009 0.0209752
5.485889e-009 -0.0148466
5.502555e-009 -0.0381524
5.519222e-009 0.0529127
5.535889e-009 0.133188
5.552555e-009 0.0680182
5.569222e-009 -0.0249458
5.585889e-009 -0.0234784
5.602555e-009 -0.000172635
5.619222e-009 -0.00707804
5.635889e-009 -0.00241689
5.652555e-009 -0.00379797
5.669222e-009 -0.0357355
5.685889e-009 -0.047302
5.702555e-009 -0.0302112
5.719222e-009 -0.0246868
5.735889e-009 -0.0103581
5.752555e-009 0.0260679
5.769222e-009 0.0367713
5.785889e-009 0.0252047
5.802555e-009 0.0332323
5.819222e-009 0.0313333
5.835889e-009 -0.0119118
5.852555e-009 -0.0514453
5.869222e-009 -0.0485968
5.885889e-009 -0.014674
5.902555e-009 0.0207162
5.919222e-009 0.0187309
5.935889e-009 -0.0143287
5.952555e-009 -0.00768226
5.969222e-009 0.0428998
5.985889e-009 0.0517042
6.002555e-009 0.0058696
6.019222e-009 -0.0205436
6.035889e-009 -0.00664645
6.052555e-009 0.0117392
6.069222e-009 0.00690541
6.085889e-009 -0.0306427
6.102555e-009 -0.0668098
6.119222e-009 -0.0608539
6.135889e-009 -0.0481652
6.152555e-009 -0.0502368
6.169222e-009 -0.00820017
6.185889e-009 0.0447988
6.202555e-009 -0.00215794
6.219222e-009 -0.0729383
6.235889e-009 -0.0181267
6.252555e-009 0.0703488
6.269222e-009 0.0479926
6.285889e-009 -0.00284848
6.302555e-009 0.00250321
6.319222e-009 -0.00612855
6.335889e-009 -0.0295206
6.352555e-009 -0.00267584
6.369222e-009 0.0155372
6.385889e-009 -0.02555
6.402555e-009 -0.0398787
6.419222e-009 0.00276216
6.435889e-009 0.0221836
6.452555e-009 -0.000517905
6.469222e-009 -0.018472
6.485889e-009 -0.0128613
6.502555e-009 0.00561064
6.519222e-009 -0.00509274
6.535889e-009 -0.0627529
6.552555e-009 -0.0824333
6.569222e-009 -0.0271037
6.585889e-009 -0.0078549
6.602555e-009 -0.0479926
6.619222e-009 -0.029348
6.635889e-009 0.0212341
6.652555e-009 -0.0174361
6.669222e-009 -0.0752689
6.685889e-009 -0.0478199
6.702555e-009 -0.0195078
6.719222e-009 -0.0453167
6.735889e-009 -0.0384113
6.752555e-009 0.0101855
6.769222e-009 0.029089
6.785889e-009 0.0195078
6.802555e-009 -0.00474747
6.819222e-009 -0.039965
6.835889e-009 -0.0218383
6.852555e-009 0.0514453
6.869222e-009 0.0699172
6.885889e-009 0.016314
6.902555e-009 -0.0186446
6.919222e-009 -0.0116529
6.935889e-009 0.016314
6.952555e-009 0.0420367
6.969222e-009 0.0019853
6.985889e-009 -0.0652561
7.002555e-009 -0.0141561
7.019222e-009 0.0908061
7.035889e-009 0.05274
7.052555e-009 -0.0372892
7.069222e-009 0.0105307
7.085889e-009 0.0727657
7.102555e-009 0.00595591
7.119222e-009 -0.0535169
7.135889e-009 -0.0334912
7.152555e-009 -0.0435904
7.169222e-009 -0.064134
7.185889e-009 -0.0240826
7.202555e-009 0.000517905
7.219222e-009 0.00138108
7.235889e-009 0.0554159
7.252555e-009 0.0712983
7.269222e-009 -0.0114802
7.285889e-009 -0.0182993
7.302555e-009 0.0784627
7.319222e-009 0.0675003
7.335889e-009 -0.0277079
7.352555e-009 -0.0044022
7.369222e-009 0.058696
7.385889e-009 -0.00241689
7.402555e-009 -0.0702625
7.419222e-009 -0.0288301
7.435889e-009 0.00552432
7.452555e-009 -0.0270174
7.469222e-009 -0.0419503
7.485889e-009 -0.0300385
7.502555e-009 -0.0246005
7.519222e-009 0.0093223
7.535889e-009 0.0610265
7.552555e-009 0.0554159
7.569222e-009 -0.00155372
7.585889e-009 -0.0413461
7.602555e-009 -0.0429862
7.619222e-009 -0.018213
7.635889e-009 0.0218383
7.652555e-009 0.0519632
7.669222e-009 0.0449715
7.685889e-009 -0.00189899
7.702555e-009 -0.0450578
7.719222e-009 -0.0138108
7.735889e-009 0.0724204
7.752555e-009 0.0864039
7.769222e-009 0.00733699
7.785889e-009 -0.0226152
7.802555e-009 0.0341818
7.819222e-009 0.0455757
7.835889e-009 -0.016314
7.852555e-009 -0.0359081
7.869222e-009 -0.00172635
7.885889e-009 -0.00120845
7.902555e-009 -0.020112
7.919222e-009 0.00759595
7.935889e-009 0.0451441
7.952555e-009 0.0318512
7.969222e-009 0.0078549
7.985889e-009 0.0346997
8.002555e-009 0.0806206
8.019222e-009 0.0696583
8.035889e-009 -0.00328007
8.052555e-009 -0.063875
8.069222e-009 -0.0642203
8.085889e-009 -0.0441946
8.102555e-009 -0.0486831
8.119222e-009 -0.042123
8.135889e-009 0.0170046
8.152555e-009 0.0794122
8.169222e-009 0.0839007
8.185889e-009 0.0656014
8.202555e-009 0.0737152
8.219222e-009 0.067673
8.235889e-009 0.012775
8.252555e-009 -0.0323691
8.269222e-009 -0.0362534
8.285889e-009 -0.0536032
8.302555e-009 -0.0806206
8.319222e-009 -0.0457483
8.335889e-009 0.0113939
8.352555e-009 -0.0118255
8.369222e-009 -0.065515
8.385889e-009 -0.0334049
8.402555e-009 0.0420367
8.419222e-009 0.0547253
8.435889e-009 0.0257226
8.452555e-009 0.0196804
8.469222e-009 0.0281395
8.485889e-009 0.0309017
8.502555e-009 0.025809
8.519222e-009 -0.00328007
8.535889e-009 -0.0416051
8.552555e-009 -0.0449715
8.569222e-009 -0.0229605
8.585889e-009 -0.00517905
8.602555e-009 0.0292617
8.619222e-009 0.0743194
8.635889e-009 0.0683635
8.652555e-009 0.0168319
8.669222e-009 -0.00526537
8.685889e-009 0.0126024
8.702555e-009 0.0233057
8.719222e-009 0.0156235
8.735889e-009 0.00112213
8.752555e-009 -0.00914966
8.769222e-009 0.00923598
8.785889e-009 0.0424682
8.802555e-009 0.029089
8.819222e-009 -0.0222699
8.835889e-009 -0.0279669
8.852555e-009 0.0167456
8.869222e-009 0.0331459
8.885889e-009 0.0121708
8.902555e-009 0.0122571
8.919222e-009 0.0292617
8.935889e-009 0.0153645
8.952555e-009 -0.0173498
8.969222e-009 -0.0275353
8.985889e-009 -0.023651
9.002555e-009 -0.0263269
9.019222e-009 -0.0187309
9.035889e-009 0.00129476
9.052555e-009 0.000517905
9.069222e-009 -0.018472
9.085889e-009 -0.0155372
9.102555e-009 0.00681909
9.119222e-009 0.0222699
9.135889e-009 0.0390155
9.152555e-009 0.0432451
9.169222e-009 -0.00768226
9.185889e-009 -0.0621487
9.202555e-009 -0.0256363
9.219222e-009 0.0443672
9.235889e-009 0.0297796
9.252555e-009 -0.0204573
9.269222e-009 -0.00664645
9.285889e-009 0.0249458
9.302555e-009 0.0214931
9.319222e-009 0.0313333
9.335889e-009 0.0432451
9.352555e-009 -0.000517905
9.369222e-009 -0.0340954
9.385889e-009 0.00535169
9.402555e-009 0.0231331
9.419222e-009 -0.0289164
9.435889e-009 -0.0472157
9.452555e-009 -0.00794122
9.469222e-009 0.000949493
9.485889e-009 -0.0164867
9.502555e-009 -0.00871807
9.519222e-009 -0.00120845
9.535889e-009 0.00319375
9.552555e-009 0.0354765
9.569222e-009 0.038066
9.585889e-009 -0.0219247
9.602555e-009 -0.0423819
9.619222e-009 0.00336639
9.635889e-009 0.00388429
9.652555e-009 -0.0338365
9.669222e-009 -0.00517905
9.685889e-009 0.0378934
9.702555e-009 0.00535169
9.719222e-009 -0.0145877
9.735889e-009 0.042123
9.752555e-009 0.060077
9.769222e-009 -0.00371166
9.785889e-009 -0.0263269
9.802555e-009 0.0232194
9.819222e-009 0.0395334
9.835889e-009 -0.00181267
9.852555e-009 -0.0262405
9.869222e-009 -0.00673277
9.885889e-009 0.0253774
9.902555e-009 0.0403966
9.919222e-009 0.0219247
9.935889e-009 -0.0145014
9.952555e-009 -0.0248595
9.969222e-009 -0.00250321
9.985889e-009 0.00802753
1.000256e-008 -0.0170909
1.001922e-008 -0.0463525
1.003589e-008 -0.0408282
1.005256e-008 -0.00414324
1.006922e-008 0.0302112
1.008589e-008 0.0476473
1.010256e-008 0.0504958
1.011922e-008 0.0218383
1.013589e-008 -0.0340954
1.015256e-008 -0.0467841
1.016922e-008 0.0158824
1.018589e-008 0.0611992
1.020256e-008 0.0216657
1.021922e-008 -0.0179541
1.023589e-008 0.0153645
1.025256e-008 0.0439356
1.026922e-008 0.000258953
1.028589e-008 -0.0455757
1.030256e-008 -0.0323691
1.031922e-008 -0.0063875
1.033589e-008 -0.0014674
1.035256e-008 0.0100992
1.036922e-008 0.0196804
1.038589e-008 -0.00189899
1.040256e-008 -0.0135519
1.041922e-008 0.0225289
1.043589e-008 0.0480789
1.045256e-008 0.021752
1.046922e-008 0.00336639
1.048589e-008 0.019853
1.050256e-008 0.0161414
1.051922e-008 -0.00284848
1.053589e-008 0.0145877
1.055256e-008 0.0254637
1.056922e-008 -0.0166593
1.058589e-008 -0.0279669
1.060256e-008 0.0413461
1.061922e-008 0.0829512
1.063589e-008 0.0332323
1.065256e-008 -0.0209752
1.066922e-008 -0.0203709
1.068589e-008 -0.000863176
1.070256e-008 0.00431588
1.071922e-008 -0.0227015
1.073589e-008 -0.0718162
1.075256e-008 -0.0723341
1.076922e-008 -0.0132066
1.078589e-008 0.00854544
1.080256e-008 -0.0158824
1.081922e-008 0.00258953
1.083589e-008 0.0300385
1.085256e-008 -0.00828649
1.086922e-008 -0.0254637
1.088589e-008 0.0294343
1.090256e-008 0.0247731
1.091922e-008 -0.0590412
1.093589e-008 -0.0590412
1.095256e-008 0.0318512
1.096922e-008 0.0687088
1.098589e-008 0.0485105
1.100256e-008 0.0392745
1.101922e-008 0.0100992
1.103589e-008 -0.0308154
1.105256e-008 -0.0100992
1.106922e-008 0.0260679
1.108589e-008 -0.00604223
1.110256e-008 -0.0431588
1.111922e-008 -0.0109623
1.113589e-008 0.0340091
1.115256e-008 0.0321965
1.116922e-008 0.00250321
1.118589e-008 -0.0245142
1.120256e-008 -0.0265858
1.121922e-008 -0.00474747
1.123589e-008 -0.00129476
1.125256e-008 -0.0209752
1.126922e-008 -0.0128613
1.128589e-008 0.0220973
1.130256e-008 0.0404829
1.131922e-008 0.0453167
1.133589e-008 0.0410008
1.135256e-008 0.00889071
1.136922e-008 -0.0214068
1.138589e-008 -0.0219247
1.140256e-008 -0.032628
1.141922e-008 -0.0545527
1.143589e-008 -0.0333186
1.145256e-008 0.0063875
1.146922e-008 0.0158824
1.148589e-008 0.0379797
1.150256e-008 0.0757868
1.151922e-008 0.0428135
1.153589e-008 -0.0336639
1.155256e-008 -0.0307291
1.156922e-008 0.0296932
1.158589e-008 0.0337502
1.160256e-008 -0.00914966
1.161922e-008 -0.0228742
1.163589e-008 -0.0044022
1.165256e-008 0.00897703
1.166922e-008 -0.00543801
1.168589e-008 -0.0393608
1.170256e-008 -0.039965
1.171922e-008 0.0115666
1.173589e-008 0.0452304
1.175256e-008 0.0254637
1.176922e-008 0.0107897
1.178589e-008 0.0233057
1.180256e-008 0.0213204
1.181922e-008 0.00552432
1.183589e-008 0.00267584
1.185256e-008 0.00189899
1.186922e-008 -0.00595591
1.188589e-008 -0.0132929
1.190256e-008 -0.0193351
1.191922e-008 -0.00992652
1.193589e-008 0.0145877
1.195256e-008 0.00500642
1.196922e-008 -0.0375481
1.198589e-008 -0.0372029
1.200256e-008 -0.000604223
1.201922e-008 -0.00448851
1.203589e-008 -0.0208889
1.205256e-008 0.00958125
1.206922e-008 0.0261542
1.208589e-008 -0.0109623
1.210256e-008 -0.0239963
1.211922e-008 -0.00656014
1.213589e-008 -0.0414324
1.215256e-008 -0.0859723
1.216922e-008 -0.0353039
1.218589e-008 0.0489421
1.220256e-008 0.0433314
1.221922e-008 -0.0188172
1.223589e-008 -0.040224
1.225256e-008 -0.0253774
1.226922e-008 -0.0179541
1.228589e-008 -0.0126024
1.230256e-008 -0.00466115
1.231922e-008 -0.0112213
1.233589e-008 -0.0141561
1.235256e-008 0.0190762
1.236922e-008 0.0522221
1.238589e-008 0.0220973
1.240256e-008 -0.0367713
1.241922e-008 -0.0372892
1.243589e-008 0.00379797
1.245256e-008 0.00725068
1.246922e-008 -0.0105307
1.248589e-008 0.00707804
1.250256e-008 0.0260679
1.251922e-008 0.0169182
1.253589e-008 0.0389292
1.255256e-008 0.0855407
1.256922e-008 0.0511
1.258589e-008 -0.0469568
1.260256e-008 -0.0643929
1.261922e-008 0.00336639
1.263589e-008 0.0249458
1.265256e-008 -0.00811385
1.266922e-008 0.000258953
1.268589e-008 0.0263269
1.270256e-008 -0.0133792
1.271922e-008 -0.0625802
1.273589e-008 -0.0264995
1.275256e-008 0.0329733
1.276922e-008 0.0143287
1.278589e-008 -0.0409145
1.280256e-008 -0.0521358
1.281922e-008 -0.0340091
1.283589e-008 -0.0151919
1.285256e-008 0.0106171
1.286922e-008 0.0138971
1.288589e-008 -0.0240826
1.290256e-008 -0.0465252
1.291922e-008 -0.0339228
1.293589e-008 -0.0409145
1.295256e-008 -0.0535169
1.296922e-008 -0.0156235
1.298589e-008 0.0248595
1.300256e-008 0.00768226
1.301922e-008 -0.0143287
1.303589e-008 0.000517905
1.305256e-008 0.0156235
1.306922e-008 0.0181267
1.308589e-008 0.00630118
1.310256e-008 -0.0357355
1.311922e-008 -0.0455757
1.313589e-008 0.0220973
1.315256e-008 0.045662
1.316922e-008 -0.0379797
1.318589e-008 -0.0691404
1.320256e-008 0.0156235
1.321922e-008 0.0571422
1.323589e-008 0.0102718
1.325256e-008 -0.0142424
1.326922e-008 -0.012775
1.328589e-008 -0.0164867
1.330256e-008 0.02391
1.331922e-008 0.0611128
1.333589e-008 0.00612855
1.335256e-008 -0.0460073
1.336922e-008 -0.0134655
1.338589e-008 -0.00302112
1.340256e-008 -0.0305564
1.341922e-008 0.00664645
1.343589e-008 0.0322828
1.345256e-008 -0.0422093
1.346922e-008 -0.0693993
1.348589e-008 0.0029348
1.350256e-008 0.00189899
1.351922e-008 -0.0569696
1.353589e-008 -0.0128613
1.355256e-008 0.0393608
1.356922e-008 -0.0227878
1.358589e-008 -0.0434177
1.360256e-008 0.0405693
1.361922e-008 0.0398787
1.363589e-008 -0.0478199
1.365256e-008 -0.0379797
1.366922e-008 0.0241689
1.368589e-008 -0.00543801
1.370256e-008 -0.0498052
1.371922e-008 -0.0172635
1.373589e-008 0.00863176
1.375256e-008 -0.0170909
1.376922e-008 -0.032628
1.378589e-008 -0.0246868
1.380256e-008 -0.0106171
1.381922e-008 0.0133792
1.383589e-008 0.0143287
1.385256e-008 -0.0199394
1.386922e-008 -0.0223563
1.388589e-008 0.0138108
1.390256e-008 0.00958125
1.391922e-008 -0.02555
1.393589e-008 -0.0172635
1.395256e-008 0.0044022
1.396922e-008 -0.0223563
1.398589e-008 -0.0452304
1.400256e-008 -0.00871807
1.401922e-008 0.021752
1.403589e-008 -0.016314
1.405256e-008 -0.0643066
1.406922e-008 -0.049201
1.408589e-008 -0.00258953
1.410256e-008 0.0112213
1.411922e-008 0.00284848
1.413589e-008 0.014674
1.415256e-008 0.0422956
1.416922e-008 0.0683635
1.418589e-008 0.0915829
1.420256e-008 0.0830375
1.421922e-008 0.0267584
1.423589e-008 -0.0049201
1.425256e-008 0.0378071
1.426922e-008 0.0696583
1.428589e-008 0.0214068
1.430256e-008 -0.0311606
1.431922e-008 -0.0185583
1.433589e-008 0.0202846
1.435256e-008 0.054898
1.436922e-008 0.0851954
1.438589e-008 0.0719025
1.440256e-008 0.0186446
1.441922e-008 0.0114802
1.443589e-008 0.0572286
1.445256e-008 0.0623213
1.446922e-008 0.018472
1.448589e-008 -0.00276216
1.450256e-008 -0.00181267
1.451922e-008 -0.00457483
1.453589e-008 0.0221836
1.455256e-008 0.0644792
1.456922e-008 0.0458346
1.458589e-008 -0.0106171
1.460256e-008 -0.00319375
1.461922e-008 0.0570559
1.463589e-008 0.0693993
1.465256e-008 0.0214068
1.466922e-008 -0.0115666
1.468589e-008 0.00319375
1.470256e-008 0.0221836
1.471922e-008 -0.00258953
1.473589e-008 -0.0508411
1.475256e-008 -0.0544664
1.476922e-008 -0.0103581
1.478589e-008 0.00224426
1.480256e-008 -0.038066
1.481922e-008 -0.0624939
1.483589e-008 -0.0544664
1.485256e-008 -0.0595591
1.486922e-008 -0.0611992
1.488589e-008 -0.0257226
1.490256e-008 -0.00759595
1.491922e-008 -0.0479926
1.493589e-008 -0.0827786
1.495256e-008 -0.0661193
1.496922e-008 -0.0377208
1.498589e-008 -0.0226152
1.500256e-008 -0.0145877
1.501922e-008 -0.0227878
1.503589e-008 -0.02719
1.505256e-008 0.00241689
1.506922e-008 0.00828649
1.508589e-008 -0.0608539
1.510256e-008 -0.104703
1.511922e-008 -0.0356492
1.513589e-008 0.034786
1.515256e-008 -0.00958125
1.516922e-008 -0.0820017
1.518589e-008 -0.0760458
1.520256e-008 -0.0474747
1.521922e-008 -0.0587823
1.523589e-008 -0.0531716
1.525256e-008 -0.00699172
1.526922e-008 -0.00431588
1.528589e-008 -0.0621487
1.530256e-008 -0.0775995
1.531922e-008 -0.0238237
1.533589e-008 -0.00224426
1.535256e-008 -0.040224
1.536922e-008 -0.0434177
1.538589e-008 0.0113076
1.540256e-008 0.0543801
1.541922e-008 0.0829512
1.543589e-008 0.122657
1.545256e-008 0.113335
1.546922e-008 0.0434177
1.548589e-008 0.0266721
1.550256e-008 0.0767363
1.551922e-008 0.0596454
1.553589e-008 -0.0280532
1.555256e-008 -0.0443672
1.556922e-008 0.0141561
1.558589e-008 0.0251184
1.560256e-008 -0.0188172
1.561922e-008 -0.0372892
1.563589e-008 -0.0152782
1.565256e-008 0.0225289
1.566922e-008 0.0539485
1.568589e-008 0.0473883
1.570256e-008 0.0210615
1.571922e-008 0.0266721
1.573589e-008 0.0335775
1.575256e-008 -0.00405693
1.576922e-008 -0.0244279
1.578589e-008 0.00517905
1.580256e-008 -0.0063875
1.581922e-008 -0.0681909
1.583589e-008 -0.0663782
1.585256e-008 -0.0171772
1.586922e-008 -0.0382387
1.588589e-008 -0.0794122
1.590256e-008 -0.0271037
1.591922e-008 0.0373755
1.593589e-008 0.0109623
1.595256e-008 -0.0118255
1.596922e-008 0.0353039
1.598589e-008 0.038325
1.600256e-008 -0.0228742
1.601922e-008 -0.00690541
1.603589e-008 0.0666372
1.605256e-008 0.0262405
1.606922e-008 -0.085627
1.608589e-008 -0.0685362
1.610256e-008 0.0536032
1.611922e-008 0.0949493
1.613589e-008 0.0433314
1.615256e-008 0.00716436
1.616922e-008 -0.00699172
1.618589e-008 -0.0288301
1.620256e-008 -0.0302975
1.621922e-008 -0.0164003
1.623589e-008 -0.0296932
1.625256e-008 -0.0593002
1.626922e-008 -0.0757868
1.628589e-008 -0.0780311
1.630256e-008 -0.0561927
1.631922e-008 -0.0233057
1.633589e-008 -0.0291753
1.635256e-008 -0.0539485
1.636922e-008 -0.0284848
1.638589e-008 0.0162277
1.640256e-008 0.00250321
1.641922e-008 -0.0502368
1.643589e-008 -0.0899429
1.645256e-008 -0.102804
1.646922e-008 -0.0652561
1.648589e-008 0.000172635
1.650256e-008 -0.000949493
1.651922e-008 -0.0532579
1.653589e-008 -0.0346997
1.655256e-008 0.0303838
1.656922e-008 0.0219247
1.658589e-008 -0.0209752
1.660256e-008 -0.00500642
1.661922e-008 0.0227015
1.663589e-008 0.0140698
1.665256e-008 0.00656014
1.666922e-008 -0.00828649
1.668589e-008 -0.039965
1.670256e-008 -0.0179541
1.671922e-008 0.0365987
1.673589e-008 0.00362534
1.675256e-008 -0.0717299
1.676922e-008 -0.0400514
1.678589e-008 0.054639
1.680256e-008 0.0686225
1.681922e-008 0.0180404
1.683589e-008 -0.0119981
1.685256e-008 -0.0204573
1.686922e-008 -0.0143287
1.688589e-008 0.0228742
1.690256e-008 0.0518769
1.691922e-008 0.0223563
1.693589e-008 -0.0381524
1.695256e-008 -0.0642203
1.696922e-008 -0.038066
1.698589e-008 -0.00422956
1.700256e-008 -0.00621487
1.701922e-008 -0.0231331
1.703589e-008 -0.0173498
1.705256e-008 -0.0083728
1.706922e-008 -0.0164867
1.708589e-008 -0.0162277
1.710256e-008 -0.0141561
1.711922e-008 -0.0320238
1.713589e-008 -0.019853
1.715256e-008 0.0333186
1.716922e-008 0.025809
1.718589e-008 -0.0462662
1.720256e-008 -0.0447125
1.721922e-008 0.0320238
1.723589e-008 0.0496326
1.725256e-008 0.0223563
1.726922e-008 0.0390155
1.728589e-008 0.0365123
1.730256e-008 -0.0269311
1.731922e-008 -0.0276216
1.733589e-008 0.0495463
1.735256e-008 0.0467841
1.736922e-008 -0.0321965
1.738589e-008 -0.0273627
1.740256e-008 0.038325
1.741922e-008 0.0279669
1.743589e-008 -0.012516
1.745256e-008 0.00889071
1.746922e-008 0.0135519
1.748589e-008 -0.0341818
1.750256e-008 -0.00414324
1.751922e-008 0.0950356
1.753589e-008 0.07501
1.755256e-008 -0.0448851
1.756922e-008 -0.0539485
1.758589e-008 0.0225289
1.760256e-008 -0.0102718
1.761922e-008 -0.0983157
1.763589e-008 -0.0672414
1.765256e-008 0.00863176
1.766922e-008 -0.0119118
1.768589e-008 -0.0509274
1.770256e-008 -0.023651
1.771922e-008 -0.00863176
1.773589e-008 -0.0287438
1.775256e-008 -0.00302112
1.776922e-008 0.0451441
1.778589e-008 0.0328007
1.780256e-008 -0.0113076
1.781922e-008 -0.0237373
1.783589e-008 -0.0113076
1.785256e-008 0.0112213
1.786922e-008 0.0375481
1.788589e-008 0.0416051
1.790256e-008 0.0271037
1.791922e-008 0.0199394
1.793589e-008 0.0078549
1.795256e-008 -0.0147603
1.796922e-008 -0.0218383
1.798589e-008 -0.0258953
1.800256e-008 -0.0427272
1.801922e-008 -0.0273627
1.803589e-008 0.0175225
1.805256e-008 0.00914966
1.806922e-008 -0.0422093
1.808589e-008 -0.0375481
1.810256e-008 0.00630118
1.811922e-008 -0.0014674
1.813589e-008 -0.0346133
1.815256e-008 -0.0215794
1.816922e-008 0.00405693
1.818589e-008 -0.00768226
1.820256e-008 -0.0238237
1.821922e-008 -0.0200257
1.823589e-008 -0.0310743
1.825256e-008 -0.0583507
1.826922e-008 -0.0519632
1.828589e-008 -0.00958125
1.830256e-008 0.00742331
1.831922e-008 -0.0241689
1.833589e-008 -0.0548117
1.835256e-008 -0.0430725
1.836922e-008 0.00267584
1.838589e-008 0.0530853
1.840256e-008 0.063875
1.841922e-008 0.0129476
1.843589e-008 -0.02719
1.845256e-008 0.018213
1.846922e-008 0.0725068
1.848589e-008 0.0375481
1.850256e-008 -0.00647382
1.851922e-008 0.0316785
1.853589e-008 0.064134
1.855256e-008 0.0227878
1.856922e-008 -0.00181267
1.858589e-008 0.0232194
1.860256e-008 0.0157098
1.861922e-008 -0.0189899
1.863589e-008 -0.0189035
1.865256e-008 -0.0212341
1.866922e-008 -0.0553296
1.868589e-008 -0.0511863
1.870256e-008 0.00466115
1.871922e-008 0.0316785
1.873589e-008 0.0110486
1.875256e-008 -0.00595591
1.876922e-008 -0.00284848
1.878589e-008 0.0101855
1.880256e-008 0.0254637
1.881922e-008 0.02391
1.883589e-008 -0.000690541
1.885256e-008 -0.0273627
1.886922e-008 -0.0433314
1.888589e-008 -0.041864
1.890256e-008 -0.0136382
1.891922e-008 0.0207162
1.893589e-008 0.0297796
1.895256e-008 0.0254637
1.896922e-008 0.0384113
1.898589e-008 0.0642203
1.900256e-008 0.0643066
1.901922e-008 0.0155372
1.903589e-008 -0.0337502
1.905256e-008 -0.0143287
1.906922e-008 0.0257226
1.908589e-008 -0.0134655
1.910256e-008 -0.0762184
1.911922e-008 -0.0460936
1.913589e-008 0.0214068
1.915256e-008 0.0340954
1.916922e-008 0.0452304
1.918589e-008 0.0693993
1.920256e-008 0.0252047
1.921922e-008 -0.0291753
1.923589e-008 0.0160551
1.925256e-008 0.0629255
1.926922e-008 0.0118255
1.928589e-008 -0.0258953
1.930256e-008 0.0019853
1.931922e-008 -0.00690541
1.933589e-008 -0.0320238
1.935256e-008 0.00820017
1.936922e-008 0.0213204
1.938589e-008 -0.0515316
1.940256e-008 -0.07501
1.941922e-008 -0.00820017
1.943589e-008 0.0211478
1.945256e-008 -0.00828649
1.946922e-008 -0.0235647
1.948589e-008 -0.0336639
1.950256e-008 -0.039965
1.951922e-008 0.0019853
1.953589e-008 0.0419503
1.955256e-008 0.0139834
1.956922e-008 -0.0194215
1.958589e-008 -0.0093223
1.960256e-008 -0.0103581
1.961922e-008 -0.0299522
1.963589e-008 -0.0197667
1.965256e-008 -0.0034527
1.966922e-008 -0.0156235
1.968589e-008 -0.0234784
1.970256e-008 -0.0124297
1.971922e-008 -0.0029348
1.973589e-008 0.014415
1.975256e-008 0.0389292
1.976922e-008 0.0387566
1.978589e-008 0.025809
1.980256e-008 0.0285711
1.981922e-008 0.0225289
1.983589e-008 -0.00215794
1.985256e-008 -0.0063875
1.986922e-008 0.00120845
1.988589e-008 -0.0210615
1.990256e-008 -0.0446262
1.991922e-008 -0.0268448
1.993589e-008 -0.00181267
1.995256e-008 0.00215794
1.996922e-008 0.0167456
1.998589e-008 0.0395334
2.000256e-008 0.0301248
2.001922e-008 0.00897703
2.003589e-008 0.0155372
2.005256e-008 0.0179541
2.006922e-008 -0.00422956
2.008589e-008 0.000863176
2.010256e-008 0.029089
2.011922e-008 0.000431588
2.013589e-008 -0.0637887
2.015256e-008 -0.0592139
2.016922e-008 -0.00750963
2.018589e-008 -0.00690541
2.020256e-008 -0.0294343
2.021922e-008 -0.00647382
2.023589e-008 0.00940862
2.025256e-008 -0.0214931
2.026922e-008 -0.0196804
2.028589e-008 0.0441083
2.030256e-008 0.0822606
2.031922e-008 0.0512726
2.033589e-008 -0.00500642
2.035256e-008 -0.0377208
2.036922e-008 -0.0119981
2.038589e-008 0.0517905
2.040256e-008 0.0585233
2.041922e-008 -0.00845912
2.043589e-008 -0.0363397
2.045256e-008 0.00483378
2.046922e-008 0.0151919
2.048589e-008 -0.0170909
2.050256e-008 -0.0117392
2.051922e-008 0.0185583
2.053589e-008 0.0151919
2.055256e-008 0.00250321
2.056922e-008 0.000863176
2.058589e-008 -0.0321101
2.060256e-008 -0.0870081
2.061922e-008 -0.0935682
2.063589e-008 -0.0464389
2.065256e-008 -0.0126887
2.066922e-008 -0.0259816
2.068589e-008 -0.0498916
2.070256e-008 -0.0388429
2.071922e-008 -0.00138108
2.073589e-008 0.022011
2.075256e-008 0.0206299
2.076922e-008 0.00319375
2.078589e-008 -0.0228742
2.080256e-008 -0.0155372
2.081922e-008 0.0479926
2.083589e-008 0.0780311
2.085256e-008 0.00871807
2.086922e-008 -0.0526537
2.088589e-008 -0.0205436
2.090256e-008 0.00673277
2.091922e-008 -0.0309017
2.093589e-008 -0.0425546
2.095256e-008 -0.0093223
2.096922e-008 -0.00914966
2.098589e-008 -0.0194215
2.100256e-008 0.0147603
2.101922e-008 0.0359944
2.103589e-008 0.0105307
2.105256e-008 0.000949493
2.106922e-008 0.0126024
2.108589e-008 0.00103581
2.110256e-008 -0.00794122
2.111922e-008 0.00207162
2.113589e-008 -0.0188172
2.115256e-008 -0.0554159
2.116922e-008 -0.0406556
2.118589e-008 -0.00863176
2.120256e-008 -0.0295206
2.121922e-008 -0.0611992
2.123589e-008 -0.0386703
2.125256e-008 -0.00474747
2.126922e-008 -0.0215794
2.128589e-008 -0.0552432
2.130256e-008 -0.0468704
2.131922e-008 -0.0215794
2.133589e-008 -0.0267584
2.135256e-008 -0.0277943
2.136922e-008 0.0106171
2.138589e-008 0.019853
2.140256e-008 -0.0315059
2.141922e-008 -0.0303838
2.143589e-008 0.0562791
2.145256e-008 0.0779448
2.146922e-008 -0.00742331
2.148589e-008 -0.0503231
2.150256e-008 -0.0172635
2.151922e-008 -0.0131203
2.153589e-008 -0.0176088
2.155256e-008 0.0344407
2.156922e-008 0.0597318
2.158589e-008 0.00975389
2.160256e-008 -0.00958125
2.161922e-008 0.0324554
2.163589e-008 0.0449715
2.165256e-008 0.0238237
2.166922e-008 0.0216657
2.168589e-008 0.0138971
2.170256e-008 -0.0161414
2.171922e-008 -0.0314196
2.173589e-008 -0.0378934
2.175256e-008 -0.0460073
2.176922e-008 -0.0132929
2.178589e-008 0.0447988
2.180256e-008 0.0502368
2.181922e-008 0.0152782
2.183589e-008 0.00914966
2.185256e-008 0.0172635
2.186922e-008 -0.00120845
2.188589e-008 -0.0226152
2.190256e-008 -0.0263269
2.191922e-008 -0.0338365
2.193589e-008 -0.045403
2.195256e-008 -0.0378934
2.196922e-008 -0.0138971
2.198589e-008 0.00233057
2.200256e-008 0.000863176
2.201922e-008 -0.00103581
2.203589e-008 0.0164003
2.205256e-008 0.0378934
2.206922e-008 0.0353039
2.208589e-008 0.013034
2.210256e-008 -0.00914966
2.211922e-008 -0.016573
2.213589e-008 0.00258953
2.215256e-008 0.0142424
2.216922e-008 -0.036685
2.218589e-008 -0.0920145
2.220256e-008 -0.0457483
2.221922e-008 0.036426
2.223589e-008 0.0208889
2.225256e-008 -0.0295206
2.226922e-008 0.00716436
2.228589e-008 0.0693993
2.230256e-008 0.0701762
2.231922e-008 0.0555022
2.233589e-008 0.0489421
2.235256e-008 0.0172635
2.236922e-008 -0.000863176
2.238589e-008 0.0175225
2.240256e-008 0.000258953
2.241922e-008 -0.0551569
2.243589e-008 -0.0698309
2.245256e-008 -0.0539485
2.246922e-008 -0.0478199
2.248589e-008 -0.0201983
2.250256e-008 0.0138971
2.251922e-008 0.00466115
2.253589e-008 0.0153645
2.255256e-008 0.0879576
2.256922e-008 0.105394
2.258589e-008 0.0200257
2.260256e-008 -0.0430725
2.261922e-008 -0.0304701
2.263589e-008 -0.00802753
2.265256e-008 0.0093223
2.266922e-008 0.0214931
2.268589e-008 -0.00802753
2.270256e-008 -0.0323691
2.271922e-008 0.0151919
2.273589e-008 0.0571422
2.275256e-008 0.0143287
2.276922e-008 -0.0334912
2.278589e-008 -0.0133792
2.280256e-008 0.021752
2.281922e-008 0.0228742
2.283589e-008 0.00569696
2.285256e-008 -0.00673277
2.286922e-008 -0.00034527
2.288589e-008 0.00621487
2.290256e-008 -0.0200257
2.291922e-008 -0.0331459
2.293589e-008 0.0195941
2.295256e-008 0.0514453
2.296922e-008 -0.0172635
2.298589e-008 -0.0800164
2.300256e-008 -0.038066
2.301922e-008 0.0239963
2.303589e-008 0.021752
2.305256e-008 -0.000863176
2.306922e-008 -0.000517905
2.308589e-008 0.00802753
2.310256e-008 0.00828649
2.311922e-008 -0.0063875
2.313589e-008 -0.016573
2.315256e-008 0.00889071
2.316922e-008 0.0344407
2.318589e-008 0.0104444
2.320256e-008 -0.0139834
2.321922e-008 0.00906335
2.323589e-008 0.0280532
2.325256e-008 0.0175225
2.326922e-008 0.0119981
2.328589e-008 -0.00759595
2.330256e-008 -0.0454894
2.331922e-008 -0.02391
2.333589e-008 0.0415188
2.335256e-008 0.0334912
2.336922e-008 -0.0304701
2.338589e-008 -0.0384976
2.340256e-008 -0.0029348
2.341922e-008 0.0106171
2.343589e-008 0.00811385
2.345256e-008 -0.00906335
2.346922e-008 -0.0370302
2.348589e-008 -0.0208889
2.350256e-008 0.0177814
2.351922e-008 -0.00405693
2.353589e-008 -0.0426409
2.355256e-008 -0.029348
2.356922e-008 -0.0346997
2.358589e-008 -0.0689677
2.360256e-008 -0.0188172
2.361922e-008 0.0636161
2.363589e-008 0.0233057
2.365256e-008 -0.0630981
2.366922e-008 -0.0485105
2.368589e-008 -0.00673277
2.370256e-008 -0.0177814
2.371922e-008 -0.00362534
2.373589e-008 0.0381524
2.375256e-008 0.0282258
2.376922e-008 0.016573
2.378589e-008 0.056538
2.380256e-008 0.058437
2.381922e-008 -0.00414324
2.383589e-008 -0.0263269
2.385256e-008 0.0113939
2.386922e-008 0.0351313
2.388589e-008 0.0297796
2.390256e-008 0.0112213
2.391922e-008 -0.0170909
2.393589e-008 -0.0228742
2.395256e-008 0.00457483
2.396922e-008 0.023651
2.398589e-008 0.0269311
2.400256e-008 0.025809
2.401922e-008 -0.00328007
2.403589e-008 -0.0297796
2.405256e-008 0.00975389
2.406922e-008 0.0467841
2.408589e-008 -0.0133792
2.410256e-008 -0.0758731
2.411922e-008 -0.0246005
2.413589e-008 0.0469568
2.415256e-008 0.0235647
2.416922e-008 -0.0291753
2.418589e-008 -0.0282258
2.420256e-008 -0.0137245
2.421922e-008 -0.0263269
2.423589e-008 -0.0354765
2.425256e-008 -0.0234784
2.426922e-008 -0.00854544
2.428589e-008 0.0139834
2.430256e-008 0.0594728
2.431922e-008 0.0905471
2.433589e-008 0.0512726
2.435256e-008 -0.0180404
2.436922e-008 -0.0174361
2.438589e-008 0.0342681
2.440256e-008 0.0276216
2.441922e-008 -0.0195078
2.443589e-008 -0.00725068
2.445256e-008 0.0192488
2.446922e-008 -0.0275353
2.448589e-008 -0.0574875
2.450256e-008 0.0185583
2.451922e-008 0.0769953
2.453589e-008 0.0149329
2.455256e-008 -0.0435041
2.456922e-008 0.0098402
2.458589e-008 0.0758731
2.460256e-008 0.0514453
2.461922e-008 -0.00517905
2.463589e-008 -0.0159688
2.465256e-008 -0.0126024
2.466922e-008 -0.0453167
2.468589e-008 -0.0761321
2.470256e-008 -0.0472157
2.471922e-008 0.00958125
2.473589e-008 0.0267584
2.475256e-008 0.0138108
2.476922e-008 0.0141561
2.478589e-008 0.0155372
2.480256e-008 -0.00328007
2.481922e-008 -0.0220973
2.483589e-008 -0.0291753
2.485256e-008 -0.0264132
2.486922e-008 0
2.488589e-008 0.0334049
2.490256e-008 0.0321101
2.491922e-008 0.0109623
2.493589e-008 0.00612855
2.495256e-008 0.00120845
2.496922e-008 -0.00914966
2.498589e-008 -0.00129476
2.500256e-008 -0.00509274
2.501922e-008 -0.042123
2.503589e-008 -0.0438493
2.505256e-008 0.0107034
2.506922e-008 0.0412598
2.508589e-008 0.0356492
2.510256e-008 0.0407419
2.511922e-008 0.0171772
2.513589e-008 -0.0481652
2.515256e-008 -0.0479063
2.516922e-008 0.0296069
2.518589e-008 0.0485968
2.520256e-008 -0.0164003
2.521922e-008 -0.0589549
2.523589e-008 -0.0465252
2.525256e-008 -0.0121708
2.526922e-008 0.0320238
2.528589e-008 0.0544664
2.530256e-008 0.0360807
2.531922e-008 0.0177814
2.533589e-008 0.00172635
2.535256e-008 -0.0388429
2.536922e-008 -0.0486831
2.538589e-008 -0.00258953
2.540256e-008 0.00958125
2.541922e-008 -0.0164003
2.543589e-008 0.0159688
2.545256e-008 0.0615444
2.546922e-008 0.0214931
2.548589e-008 -0.0242552
2.550256e-008 0.000776858
2.551922e-008 0.00483378
2.553589e-008 -0.0370302
2.555256e-008 -0.0332323
2.556922e-008 -0.0137245
2.558589e-008 -0.0457483
2.560256e-008 -0.0379797
2.561922e-008 0.0542074
2.563589e-008 0.0839007
2.565256e-008 -0.00595591
2.566922e-008 -0.0660329
2.568589e-008 -0.0164867
2.570256e-008 0.0423819
2.571922e-008 0.0285711
2.573589e-008 -0.0138971
2.575256e-008 -0.0162277
2.576922e-008 0.00811385
2.578589e-008 0.0029348
2.580256e-008 -0.0220973
2.581922e-008 -0.0187309
2.583589e-008 -0.00448851
2.585256e-008 -0.00578328
2.586922e-008 0.0136382
2.588589e-008 0.0416914
2.590256e-008 0.011135
2.591922e-008 -0.0359944
2.593589e-008 -0.0145014
2.595256e-008 0.0277079
2.596922e-008 0.0264132
2.598589e-008 0.016314
2.600256e-008 -0.00302112
2.601922e-008 -0.0486831
2.603589e-008 -0.0403103
2.605256e-008 0.0251184
2.606922e-008 0.0183856
2.608589e-008 -0.0369439
2.610256e-008 -0.0143287
2.611922e-008 0.00725068
2.613589e-008 -0.0632708
2.615256e-008 -0.0814838
2.616922e-008 0.0029348
2.618589e-008 0.0210615
2.620256e-008 -0.0200257
2.621922e-008 0.0228742
2.623589e-008 0.0634434
2.625256e-008 -0.00250321
2.626922e-008 -0.0373755
2.628589e-008 0.0122571
2.630256e-008 0.0114802
2.631922e-008 -0.0222699
2.633589e-008 0.00776858
2.635256e-008 0.0195941
2.636922e-008 -0.0224426
2.638589e-008 0.00310743
2.640256e-008 0.0669824
2.641922e-008 0.0375481
2.643589e-008 -0.0208025
2.645256e-008 -0.0177814
2.646922e-008 -0.0281395
2.648589e-008 -0.060336
2.650256e-008 -0.029089
2.651922e-008 0.00966757
2.653589e-008 -0.0157961
2.655256e-008 -0.016314
2.656922e-008 0.0392745
2.658589e-008 0.0450578
2.660256e-008 -0.00422956
2.661922e-008 -0.0225289
2.663589e-008 -0.0120845
2.665256e-008 -0.00647382
2.666922e-008 -0.00336639
2.668589e-008 -0.0179541
2.670256e-008 -0.0321965
2.671922e-008 0.0029348
2.673589e-008 0.0340954
2.675256e-008 -0.00207162
2.676922e-008 -0.0256363
2.678589e-008 0.0103581
2.680256e-008 0.0118255
2.681922e-008 -0.0287438
2.683589e-008 -0.0195078
2.685256e-008 0.00362534
2.686922e-008 -0.0250321
2.688589e-008 -0.0252047
2.690256e-008 0.0391019
2.691922e-008 0.0662056
2.693589e-008 0.0417777
2.695256e-008 0.0413461
2.696922e-008 0.0403103
2.698589e-008 0.00155372
2.700256e-008 -0.0136382
2.701922e-008 0.00224426
2.703589e-008 -0.0210615
2.705256e-008 -0.0540348
2.706922e-008 -0.0152782
2.708589e-008 0.052999
2.710256e-008 0.0577465
2.711922e-008 0.00725068
2.713589e-008 -0.0253774
2.715256e-008 -0.00716436
2.716922e-008 0.0308154
2.718589e-008 0.0398787
2.720256e-008 0.0221836
2.721922e-008 0.0145014
2.723589e-008 0.0106171
2.725256e-008 -0.0148466
2.726922e-008 -0.0408282
2.728589e-008 -0.047302
2.730256e-008 -0.0482515
2.731922e-008 -0.0335775
2.733589e-008 0.00914966
2.735256e-008 0.0384976
2.736922e-008 0.0322828
2.738589e-008 0.0297796
2.740256e-008 0.0369439
2.741922e-008 0.0206299
2.743589e-008 -0.00267584
2.745256e-008 -0.00155372
2.746922e-008 0.00526537
2.748589e-008 0.00112213
2.750256e-008 -0.000258953
2.751922e-008 0.00880439
2.753589e-008 0.0318512
2.755256e-008 0.054639
2.756922e-008 0.0353902
2.758589e-008 -0.00647382
2.760256e-008 0.00647382
2.761922e-008 0.0466978
2.763589e-008 0.0186446
2.765256e-008 -0.0393608
2.766922e-008 -0.0372029
2.768589e-008 -0.0209752
2.770256e-008 -0.0429862
2.771922e-008 -0.0420367
2.773589e-008 -0.0132066
2.775256e-008 -0.0282258
2.776922e-008 -0.0530853
2.778589e-008 -0.0249458
2.780256e-008 -0.00725068
2.781922e-008 -0.0403966
2.783589e-008 -0.0523084
2.785256e-008 -0.0320238
2.786922e-008 -0.0314196
2.788589e-008 -0.0212341
2.790256e-008 0.0145014
2.791922e-008 -0.000258953
2.793589e-008 -0.0594728
2.795256e-008 -0.0615444
2.796922e-008 -0.0121708
2.798589e-008 0.00414324
2.800256e-008 -0.0121708
2.801922e-008 -0.0186446
2.803589e-008 -0.00276216
2.805256e-008 0.0428998
2.806922e-008 0.0788943
2.808589e-008 0.0354765
2.810256e-008 -0.0382387
2.811922e-008 -0.0341818
2.813589e-008 0.012516
2.815256e-008 0.0098402
2.816922e-008 -0.00949493
2.818589e-008 0.0058696
2.820256e-008 0.0200257
2.821922e-008 0.020112
2.823589e-008 0.0330596
2.825256e-008 0.0403966
2.826922e-008 0.0284848
2.828589e-008 0.0218383
2.830256e-008 0.0136382
2.831922e-008 -8.63176e-005
2.833589e-008 0.0122571
2.835256e-008 0.016314
2.836922e-008 -0.0413461
2.838589e-008 -0.0809659
2.840256e-008 -0.027449
2.841922e-008 0.020112
2.843589e-008 -0.0154508
2.845256e-008 -0.0473883
2.846922e-008 -0.0248595
2.848589e-008 0.00241689
2.850256e-008 0.031247
2.851922e-008 0.0611128
2.853589e-008 0.0313333
2.855256e-008 -0.0301248
2.856922e-008 -0.0197667
2.858589e-008 0.0325417
2.860256e-008 0.0231331
2.861922e-008 -0.0289164
2.863589e-008 -0.0514453
2.865256e-008 -0.0384976
2.866922e-008 -0.00129476
2.868589e-008 0.0416051
2.870256e-008 0.0424682
2.871922e-008 0.00768226
2.873589e-008 -0.00612855
2.875256e-008 0.0034527
2.876922e-008 0.0110486
2.878589e-008 0.0189899
2.880256e-008 0.00871807
2.881922e-008 -0.0203709
2.883589e-008 0.0029348
2.885256e-008 0.0771679
2.886922e-008 0.0808796
2.888589e-008 -0.00561064
2.890256e-008 -0.0571422
2.891922e-008 -0.0277943
2.893589e-008 0.00914966
2.895256e-008 0.00561064
2.896922e-008 -0.0315922
2.898589e-008 -0.0599044
2.900256e-008 -0.0301248
2.901922e-008 0.0138971
2.903589e-008 -0.0136382
2.905256e-008 -0.061976
2.906922e-008 -0.0358218
2.908589e-008 0.0131203
2.910256e-008 0.018472
2.911922e-008 0.025291
2.913589e-008 0.0313333
2.915256e-008 -0.0132066
2.916922e-008 -0.0401377
2.918589e-008 0.00267584
2.920256e-008 0.0145877
2.921922e-008 -0.0339228
2.923589e-008 -0.0391019
2.925256e-008 -0.0104444
2.926922e-008 -0.0205436
2.928589e-008 -0.00595591
2.930256e-008 0.060077
2.931922e-008 0.0536032
2.933589e-008 -0.0330596
2.935256e-008 -0.0635297
2.936922e-008 -0.0369439
2.938589e-008 -0.0356492
2.940256e-008 -0.0240826
2.941922e-008 0.0222699
2.943589e-008 0.0305564
2.945256e-008 0.00871807
2.946922e-008 0.0264995
2.948589e-008 0.0497189
2.950256e-008 0.0356492
2.951922e-008 0.0321965
2.953589e-008 0.0398787
2.955256e-008 0.00526537
2.956922e-008 -0.0317649
2.958589e-008 -0.0100128
2.960256e-008 0.0234784
2.961922e-008 0.0173498
2.963589e-008 0.000431588
2.965256e-008 -0.00699172
2.966922e-008 -0.0173498
2.968589e-008 -0.0277943
2.970256e-008 -0.0408282
2.971922e-008 -0.0604223
2.973589e-008 -0.0561927
2.975256e-008 -0.0202846
2.976922e-008 -0.0029348
2.978589e-008 -0.0161414
2.980256e-008 -0.00820017
2.981922e-008 0.0284848
2.983589e-008 0.0391882
2.985256e-008 0.00914966
2.986922e-008 -0.0138971
2.988589e-008 -0.00267584
2.990256e-008 0.00802753
2.991922e-008 -0.0173498
2.993589e-008 -0.0525674
2.995256e-008 -0.0529127
2.996922e-008 -0.0286574
2.998589e-008 -0.0166593
3.000256e-008 -0.0238237
3.001922e-008 -0.0422093
3.003589e-008 -0.0548117
3.005256e-008 -0.0300385
3.006922e-008 0.0121708
3.008589e-008 0.0113939
3.010256e-008 -0.0078549
3.011922e-008 0.0195078
3.013589e-008 0.0458346
3.015256e-008 0.0161414
3.016922e-008 0.00543801
3.018589e-008 0.0403103
3.020256e-008 0.020112
3.021922e-008 -0.0382387
3.023589e-008 -0.0102718
3.025256e-008 0.0574875
3.026922e-008 0.0477336
3.028589e-008 0.0155372
3.030256e-008 0.0164003
3.031922e-008 -0.0220973
3.033589e-008 -0.0700036
3.035256e-008 -0.0306427
3.036922e-008 0.00164003
3.038589e-008 -0.0637887
3.040256e-008 -0.085627
3.041922e-008 -0.00725068
3.043589e-008 0.00500642
3.045256e-008 -0.0548117
3.046922e-008 -0.0251184
3.048589e-008 0.0432451
3.050256e-008 0.0204573
3.051922e-008 0.00310743
3.053589e-008 0.0579191
3.055256e-008 0.0481652
3.056922e-008 -0.0229605
3.058589e-008 0.00630118
3.060256e-008 0.0758731
3.061922e-008 0.0231331
3.063589e-008 -0.0564517
3.065256e-008 -0.0244279
3.066922e-008 0.0136382
3.068589e-008 -0.0283985
3.070256e-008 -0.0406556
3.071922e-008 0.0110486
3.073589e-008 0.0225289
3.075256e-008 0.00215794
3.076922e-008 0.034786
3.078589e-008 0.0718162
3.080256e-008 0.0341818
3.081922e-008 -0.0201983
3.083589e-008 -0.02555
3.085256e-008 -0.0211478
3.086922e-008 -0.029348
3.088589e-008 -0.0134655
3.090256e-008 0.00742331
3.091922e-008 -0.00750963
3.093589e-008 -0.0058696
3.095256e-008 0.05274
3.096922e-008 0.0783764
3.098589e-008 0.0196804
3.100256e-008 -0.00940862
3.101922e-008 0.0516179
3.103589e-008 0.0820017
3.105256e-008 0.018472
3.106922e-008 -0.0311606
3.108589e-008 -0.0109623
3.110256e-008 0.00811385
3.111922e-008 0.00224426
3.113589e-008 0.00845912
3.115256e-008 0.0138971
3.116922e-008 0.000172635
3.118589e-008 -0.00845912
3.120256e-008 -0.0119981
3.121922e-008 -0.0164003
3.123589e-008 0.00776858
3.125256e-008 0.0422956
3.126922e-008 0.0372892
3.128589e-008 0.0329733
3.130256e-008 0.0624076
3.131922e-008 0.0359944
3.133589e-008 -0.0585233
3.135256e-008 -0.0768226
3.136922e-008 -0.00802753
3.138589e-008 0.000949493
3.140256e-008 -0.0327144
3.141922e-008 0.00535169
3.143589e-008 0.0321965
3.145256e-008 -0.0460073
3.146922e-008 -0.0882166
3.148589e-008 -0.0119981
3.150256e-008 0.0244279
3.151922e-008 -0.0331459
3.153589e-008 -0.0349586
3.155256e-008 0.0297796
3.156922e-008 0.0196804
3.158589e-008 -0.0535169
3.160256e-008 -0.069572
3.161922e-008 -0.0331459
3.163589e-008 -0.0158824
3.165256e-008 -0.0191625
3.166922e-008 -0.0164867
3.168589e-008 0.00388429
3.170256e-008 0.0415188
3.171922e-008 0.0586096
3.173589e-008 0.0284848
3.175256e-008 -0.00457483
3.176922e-008 -0.00854544
3.178589e-008 -0.0083728
3.180256e-008 0.00302112
3.181922e-008 0.0346997
3.183589e-008 0.018213
3.185256e-008 -0.0542074
3.186922e-008 -0.060336
3.188589e-008 0.0197667
3.190256e-008 0.0466978
3.191922e-008 -0.0049201
3.193589e-008 -0.0185583
3.195256e-008 0.0119118
3.196922e-008 0.00561064
3.198589e-008 -0.0226152
3.200256e-008 -0.0309017
3.201922e-008 -0.0365987
3.203589e-008 -0.0266721
3.205256e-008 0.0110486
3.206922e-008 0.0100128
3.208589e-008 -0.0336639
3.210256e-008 -0.0224426
3.211922e-008 0.0271037
3.213589e-008 0.00828649
3.215256e-008 -0.0350449
3.216922e-008 -0.00673277
3.218589e-008 0.0246868
3.220256e-008 -0.0148466
3.221922e-008 -0.0465252
3.223589e-008 -0.0209752
3.225256e-008 0.00552432
3.226922e-008 0.0179541
3.228589e-008 0.02391
3.230256e-008 -0.0140698
3.231922e-008 -0.0642203
3.233589e-008 -0.0459209
3.235256e-008 -0.00302112
3.236922e-008 -0.0168319
3.238589e-008 -0.0378934
3.240256e-008 -0.016314
3.241922e-008 -0.00250321
3.243589e-008 -0.000949493
3.245256e-008 0.0261542
3.246922e-008 0.0240826
3.248589e-008 -0.0344407
3.250256e-008 -0.0397061
3.251922e-008 0.0430725
3.253589e-008 0.0839007
3.255256e-008 0.0270174
3.256922e-008 -0.0337502
3.258589e-008 -0.0408282
3.260256e-008 -0.0213204
3.261922e-008 -0.00517905
3.263589e-008 -0.0152782
3.265256e-008 -0.0442809
3.266922e-008 -0.0365987
3.268589e-008 0.00863176
3.270256e-008 0.0178677
3.271922e-008 -0.0126024
3.273589e-008 -0.0176088
3.275256e-008 -0.00284848
3.276922e-008 -0.000431588
3.278589e-008 0.0225289
3.280256e-008 0.0560201
3.281922e-008 0.0224426
3.283589e-008 -0.0459209
3.285256e-008 -0.0403966
3.286922e-008 0.00336639
3.288589e-008 -0.014415
3.290256e-008 -0.0384113
3.291922e-008 0.0101855
3.293589e-008 0.0465252
3.295256e-008 0.00319375
3.296922e-008 -0.0238237
3.298589e-008 0.0196804
3.300256e-008 0.0487694
3.301922e-008 0.0288301
3.303589e-008 0.0103581
3.305256e-008 -0.00353902
3.306922e-008 -0.0235647
3.308589e-008 -0.0220973
3.310256e-008 -0.0251184
3.311922e-008 -0.0668961
3.313589e-008 -0.0692267
3.315256e-008 0.00768226
3.316922e-008 0.0378934
3.318589e-008 -0.0297796
3.320256e-008 -0.0604223
3.321922e-008 -0.0115666
3.323589e-008 0.00267584
3.325256e-008 -0.027449
3.326922e-008 -0.0176088
3.328589e-008 0.00725068
3.330256e-008 -0.00302112
3.331922e-008 -0.00569696
3.333589e-008 0.00319375
3.335256e-008 -0.0284848
3.336922e-008 -0.0533443
3.338589e-008 -0.00379797
3.340256e-008 0.0495463
3.341922e-008 0.0304701
3.343589e-008 -0.000431588
3.345256e-008 0.0197667
3.346922e-008 0.047302
3.348589e-008 0.0332323
3.350256e-008 -0.000172635
3.351922e-008 -0.00854544
3.353589e-008 0.0162277
3.355256e-008 0.0378934
3.356922e-008 0.0290027
3.358589e-008 0.014415
3.360256e-008 0.0164003
3.361922e-008 0.0135519
3.363589e-008 0.00854544
3.365256e-008 0.0346997
3.366922e-008 0.0571422
3.368589e-008 0.00733699
3.370256e-008 -0.0734563
3.371922e-008 -0.0742331
3.373589e-008 0.00034527
3.375256e-008 0.0287438
3.376922e-008 -0.0263269
3.378589e-008 -0.05274
3.380256e-008 0.0128613
3.381922e-008 0.0661193
3.383589e-008 0.0302975
3.385256e-008 -0.0083728
3.386922e-008 0.00276216
3.388589e-008 -0.0109623
3.390256e-008 -0.0429862
3.391922e-008 -0.0122571
3.393589e-008 0.0119981
3.395256e-008 -0.0460073
3.396922e-008 -0.0507547
3.398589e-008 0.0533443
3.400256e-008 0.0687088
3.401922e-008 -0.0390155
3.403589e-008 -0.0438493
3.405256e-008 0.0571422
3.406922e-008 0.0525674
3.408589e-008 -0.0152782
3.410256e-008 0.020112
3.411922e-008 0.0654287
3.413589e-008 0.00552432
3.415256e-008 -0.0336639
3.416922e-008 0.0147603
3.418589e-008 0.0263269
3.420256e-008 -0.0208025
3.421922e-008 -0.0241689
3.423589e-008 0.0112213
3.425256e-008 0.0206299
3.426922e-008 0.00966757
3.428589e-008 -0.00707804
3.430256e-008 -0.0222699
3.431922e-008 -0.00189899
3.433589e-008 0.0370302
3.435256e-008 0.0372029
3.436922e-008 0.0162277
3.438589e-008 0.00725068
3.440256e-008 -0.0227878
3.441922e-008 -0.0613718
3.443589e-008 -0.0417777
3.445256e-008 -0.00474747
3.446922e-008 -0.0340091
3.448589e-008 -0.0725931
3.450256e-008 -0.0357355
3.451922e-008 0.021752
3.453589e-008 0.0348723
3.455256e-008 0.040224
3.456922e-008 0.0535169
3.458589e-008 0.0404829
3.460256e-008 0.0289164
3.461922e-008 0.0547253
3.463589e-008 0.0561064
3.465256e-008 -0.0058696
3.466922e-008 -0.0403103
3.468589e-008 0.00776858
3.470256e-008 0.0453167
3.471922e-008 0.014415
3.473589e-008 -0.00129476
3.475256e-008 0.0388429
3.476922e-008 0.0492873
3.478589e-008 0.00284848
3.480256e-008 -0.0202846
3.481922e-008 -0.00569696
3.483589e-008 -0.0126024
3.485256e-008 -0.0331459
3.486922e-008 -0.0315922
3.488589e-008 -0.0331459
3.490256e-008 -0.0392745
3.491922e-008 -0.0132066
3.493589e-008 0.00750963
3.495256e-008 -0.0135519
3.496922e-008 0.000776858
3.498589e-008 0.0643929
3.500256e-008 0.0478199
3.501922e-008 -0.0445399
3.503589e-008 -0.0468704
3.505256e-008 0.0162277
3.506922e-008 -0.0260679
3.508589e-008 -0.103236
3.510256e-008 -0.0413461
3.511922e-008 0.0499779
3.513589e-008 0.00431588
3.515256e-008 -0.0530853
3.516922e-008 0.00215794
3.518589e-008 0.0330596
3.520256e-008 -0.0241689
3.521922e-008 -0.0214068
3.523589e-008 0.041864
3.525256e-008 0.0102718
3.526922e-008 -0.0675867
3.528589e-008 -0.0346133
3.530256e-008 0.0498916
3.531922e-008 0.0582644
3.533589e-008 0.0334912
3.535256e-008 0.0338365
3.536922e-008 0.0257226
3.538589e-008 0.0205436
3.540256e-008 0.0422093
3.541922e-008 0.0285711
3.543589e-008 -0.0242552
3.545256e-008 -0.0196804
3.546922e-008 0.0362534
3.548589e-008 0.0484242
3.550256e-008 0.02555
3.551922e-008 0.0172635
3.553589e-008 0.00310743
3.555256e-008 -0.00276216
3.556922e-008 0.0403966
3.558589e-008 0.0633571
3.560256e-008 0.00448851
3.561922e-008 -0.047561
3.563589e-008 -0.0267584
3.565256e-008 0.0014674
3.566922e-008 0.00457483
3.568589e-008 0.00733699
3.570256e-008 -0.0191625
3.571922e-008 -0.0713846
3.573589e-008 -0.0588686
3.575256e-008 0.0140698
3.576922e-008 0.0281395
3.578589e-008 -0.0297796
3.580256e-008 -0.0553296
3.581922e-008 -0.0209752
3.583589e-008 0.011135
3.585256e-008 0.0177814
3.586922e-008 0.0257226
3.588589e-008 0.0374618
3.590256e-008 0.0235647
3.591922e-008 -0.00845912
3.593589e-008 0.000690541
3.595256e-008 0.0518769
3.596922e-008 0.0593002
3.598589e-008 0.0119118
3.600256e-008 0.0014674
3.601922e-008 0.0270174
3.603589e-008 0.00397061
3.605256e-008 -0.0391882
3.606922e-008 -0.0324554
3.608589e-008 -0.0223563
3.610256e-008 -0.0358218
3.611922e-008 -0.00914966
3.613589e-008 0.0280532
3.615256e-008 -0.00310743
3.616922e-008 -0.0325417
3.618589e-008 0.00630118
3.620256e-008 0.0115666
3.621922e-008 -0.0528264
3.623589e-008 -0.0634434
3.625256e-008 -0.00828649
3.626922e-008 -8.63176e-005
3.628589e-008 -0.0277079
3.630256e-008 -0.0153645
3.631922e-008 -0.00034527
3.633589e-008 -0.0219247
3.635256e-008 -0.0302112
3.636922e-008 -0.0113076
3.638589e-008 -0.0029348
3.640256e-008 0.0093223
3.641922e-008 0.0460936
3.643589e-008 0.0636161
3.645256e-008 0.0353039
3.646922e-008 0.00699172
3.648589e-008 0.0106171
3.650256e-008 0.00811385
3.651922e-008 -0.0338365
3.653589e-008 -0.0720752
3.655256e-008 -0.0555022
3.656922e-008 -0.0156235
3.658589e-008 0.00405693
3.660256e-008 0.0282258
3.661922e-008 0.0556748
3.663589e-008 0.0275353
3.665256e-008 -0.0221836
3.666922e-008 0.00431588
3.668589e-008 0.0650835
3.670256e-008 0.047302
3.671922e-008 -0.0229605
3.673589e-008 -0.0592139
3.675256e-008 -0.0518769
3.676922e-008 -0.0063875
3.678589e-008 0.056538
3.680256e-008 0.0591275
3.681922e-008 0.00621487
3.683589e-008 -0.000863176
3.685256e-008 0.019853
3.686922e-008 -0.0170909
3.688589e-008 -0.0517905
3.690256e-008 -0.025291
3.691922e-008 -0.0288301
3.693589e-008 -0.0700036
3.695256e-008 -0.0346997
3.696922e-008 0.0277943
3.698589e-008 -0.00889071
3.700256e-008 -0.0618034
3.701922e-008 -0.0264995
3.703589e-008 -0.00276216
3.705256e-008 -0.0446262
3.706922e-008 -0.0424682
3.708589e-008 0.00397061
3.710256e-008 -0.0134655
3.711922e-008 -0.0467841
3.713589e-008 0.00725068
3.715256e-008 0.065774
3.716922e-008 0.0151056
3.718589e-008 -0.0685362
3.720256e-008 -0.0632708
3.721922e-008 8.63176e-005
3.723589e-008 0.0214931
3.725256e-008 -0.0128613
3.726922e-008 -0.0401377
3.728589e-008 -0.0169182
3.730256e-008 0.0346997
3.731922e-008 0.0553296
3.733589e-008 0.0180404
3.735256e-008 -0.0330596
3.736922e-008 -0.0428135
3.738589e-008 -0.025291
3.740256e-008 -0.0244279
3.741922e-008 -0.0341818
3.743589e-008 -0.0351313
3.745256e-008 -0.0412598
3.746922e-008 -0.041864
3.748589e-008 -0.00578328
3.750256e-008 0.0314196
3.751922e-008 0.0223563
3.753589e-008 -0.000258953
3.755256e-008 -0.00431588
3.756922e-008 -0.00500642
3.758589e-008 0.0114802
3.760256e-008 0.031247
3.761922e-008 -0.022011
3.763589e-008 -0.0933956
3.765256e-008 -0.0368576
3.766922e-008 0.0643066
3.768589e-008 0.0334912
3.770256e-008 -0.0215794
3.771922e-008 0.0446262
3.773589e-008 0.0757868
3.775256e-008 -0.022011
3.776922e-008 -0.052999
3.778589e-008 0.0284848
3.780256e-008 0.0343544
3.781922e-008 -0.0295206
3.783589e-008 -0.0252047
3.785256e-008 0.00189899
3.786922e-008 -0.00707804
3.788589e-008 0.00517905
3.790256e-008 0.00690541
3.791922e-008 -0.0416914
3.793589e-008 -0.0331459
3.795256e-008 0.0233921
3.796922e-008 -0.0220973
3.798589e-008 -0.0885618
3.800256e-008 -0.0138971
3.801922e-008 0.0544664
3.803589e-008 -0.0269311
3.805256e-008 -0.0751826
3.806922e-008 0.0058696
3.808589e-008 0.0357355
3.810256e-008 -0.0176951
3.811922e-008 -0.0113076
3.813589e-008 0.0150193
3.815256e-008 -0.0341818
3.816922e-008 -0.0598181
3.818589e-008 -0.000258953
3.820256e-008 0.0270174
3.821922e-008 -0.00975389
3.823589e-008 -0.00241689
3.825256e-008 0.0572286
3.826922e-008 0.0701762
3.828589e-008 0.0203709
3.830256e-008 -0.0216657
3.831922e-008 -0.0278806
3.833589e-008 -0.0287438
3.835256e-008 -0.0284848
3.836922e-008 0.00181267
3.838589e-008 0.0354765
3.840256e-008 0.0114802
3.841922e-008 -0.0311606
3.843589e-008 -0.00233057
3.845256e-008 0.0563654
3.846922e-008 0.0381524
3.848589e-008 -0.0282258
3.850256e-008 -0.0417777
3.851922e-008 0.00138108
3.853589e-008 0.038066
3.855256e-008 0.0252047
3.856922e-008 -0.0358218
3.858589e-008 -0.0717299
3.860256e-008 -0.0182993
3.861922e-008 0.0432451
3.863589e-008 0.00768226
3.865256e-008 -0.0566243
3.866922e-008 -0.0450578
3.868589e-008 -0.00664645
3.870256e-008 -0.0117392
3.871922e-008 -0.025291
3.873589e-008 -0.0231331
3.875256e-008 -0.0297796
3.876922e-008 -0.0233057
3.878589e-008 0.0202846
3.880256e-008 0.0484242
3.881922e-008 0.0227015
3.883589e-008 -0.00863176
3.885256e-008 0.00224426
3.886922e-008 0.0359944
3.888589e-008 0.0511
3.890256e-008 0.0392745
3.891922e-008 0.0221836
3.893589e-008 0.00940862
3.895256e-008 -0.00673277
3.896922e-008 -0.0113076
3.898589e-008 0.0126024
3.900256e-008 0.0234784
3.901922e-008 -0.0119118
3.903589e-008 -0.0275353
3.905256e-008 0.0277079
3.906922e-008 0.0719889
3.908589e-008 0.0350449
3.910256e-008 -0.0100992
3.911922e-008 0.000172635
3.913589e-008 0.00889071
3.915256e-008 -0.0169182
3.916922e-008 -0.0242552
3.918589e-008 -0.0121708
3.920256e-008 -0.0307291
3.921922e-008 -0.0478199
3.923589e-008 -0.0147603
3.925256e-008 0.00733699
3.926922e-008 -0.0340954
3.928589e-008 -0.0663782
3.930256e-008 -0.0411735
3.931922e-008 -0.0209752
3.933589e-008 -0.0262405
3.935256e-008 -0.00776858
3.936922e-008 0.0140698
3.938589e-008 0.000604223
3.940256e-008 0.0106171
3.941922e-008 0.0668961
3.943589e-008 0.0692267
3.945256e-008 -0.00414324
3.946922e-008 -0.0296932
3.948589e-008 0.0242552
3.950256e-008 0.0372892
3.951922e-008 -0.0382387
3.953589e-008 -0.107552
3.955256e-008 -0.102114
3.956922e-008 -0.054639
3.958589e-008 -0.011135
3.960256e-008 0.0211478
3.961922e-008 0.0316785
3.963589e-008 0.0014674
3.965256e-008 -0.0335775
3.966922e-008 -0.0113939
3.968589e-008 0.0325417
3.970256e-008 0.00880439
3.971922e-008 -0.0498916
3.973589e-008 -0.0433314
3.975256e-008 0.0107897
3.976922e-008 0.0457483
3.978589e-008 0.065515
3.980256e-008 0.0526537
3.981922e-008 -0.0200257
3.983589e-008 -0.0599044
3.985256e-008 -0.00578328
3.986922e-008 0.0249458
3.988589e-008 -0.0223563
3.990256e-008 -0.0363397
3.991922e-008 -0.00474747
3.993589e-008 -0.0107897
3.995256e-008 -0.0177814
3.996922e-008 -0.0014674
3.998589e-008 -0.0407419
4.000256e-008 -0.0770816
