LECROYSDA18000 15238 Waveform
Segments 1 SegmentSize 3002
Segment TrigTime TimeSinceSegment1
#1 02-Nov-2018 13:14:21 0                 
Time Ampl
-1.001608e-008 -0.00224426
-9.999416e-009 -0.00750963
-9.982749e-009 0.00966757
-9.966083e-009 0.062235
-9.949416e-009 0.0604223
-9.932749e-009 -0.0222699
-9.916083e-009 -0.0482515
-9.899416e-009 0.0427272
-9.882749e-009 0.0958988
-9.866083e-009 0.0174361
-9.849416e-009 -0.0572286
-9.832749e-009 -0.0247731
-9.816083e-009 0.0206299
-9.799416e-009 0.0049201
-9.782749e-009 -0.00664645
-9.766083e-009 0.0164003
-9.749416e-009 0.0160551
-9.732749e-009 -0.0106171
-9.716083e-009 -0.0117392
-9.699416e-009 0.000517905
-9.682749e-009 -0.0173498
-9.666083e-009 -0.0499779
-9.649416e-009 -0.0626666
-9.632749e-009 -0.0586096
-9.616083e-009 -0.0468704
-9.599416e-009 -0.0249458
-9.582749e-009 -0.00681909
-9.566083e-009 -0.00975389
-9.549416e-009 -0.0177814
-9.532749e-009 -0.00164003
-9.516083e-009 0.0282258
-9.499416e-009 0.0285711
-9.482749e-009 -0.00034527
-9.466083e-009 -0.00422956
-9.449416e-009 0.0200257
-9.432749e-009 0.00336639
-9.416083e-009 -0.0542074
-9.399416e-009 -0.0594728
-9.382749e-009 0.00336639
-9.366083e-009 0.0498916
-9.349416e-009 0.0557612
-9.332749e-009 0.0542938
-9.316083e-009 0.0340091
-9.299416e-009 0
-9.282749e-009 0.0014674
-9.266083e-009 0.0083728
-9.249416e-009 -0.0387566
-9.232749e-009 -0.0727657
-9.216083e-009 -0.0259816
-9.199416e-009 0.0172635
-9.182749e-009 -0.0029348
-9.166083e-009 -0.0178677
-9.149416e-009 -0.0101855
-9.132749e-009 -0.0227878
-9.116083e-009 -0.0123434
-9.099416e-009 0.0424682
-9.082749e-009 0.0469568
-9.066083e-009 -0.011135
-9.049416e-009 -0.0227015
-9.032749e-009 0.0212341
-9.016083e-009 0.0460936
-8.999416e-009 0.0468704
-8.982749e-009 0.0200257
-8.966083e-009 -0.0463525
-8.949416e-009 -0.0560201
-8.932749e-009 0.0340954
-8.916083e-009 0.0599044
-8.899416e-009 -0.0488557
-8.882749e-009 -0.106775
-8.866083e-009 -0.0389292
-8.849416e-009 -0.00233057
-8.832749e-009 -0.0384976
-8.816083e-009 -0.0398787
-8.799416e-009 -0.0176951
-8.782749e-009 -0.0287438
-8.766083e-009 -0.0145877
-8.749416e-009 0.0355628
-8.732749e-009 0.0288301
-8.716083e-009 -0.0208889
-8.699416e-009 -0.0170909
-8.682749e-009 0.0188172
-8.666083e-009 0.0181267
-8.649416e-009 0.00422956
-8.632749e-009 0.00138108
-8.616083e-009 -0.0170046
-8.599416e-009 -0.0285711
-8.582749e-009 0.00621487
-8.566083e-009 0.038066
-8.549416e-009 0.0109623
-8.532749e-009 -0.0302975
-8.516083e-009 -0.0305564
-8.499416e-009 -0.0150193
-8.482749e-009 -0.0142424
-8.466083e-009 -0.0115666
-8.449416e-009 -0.00707804
-8.432749e-009 -0.0185583
-8.416083e-009 -0.0147603
-8.399416e-009 0.0284848
-8.382749e-009 0.0442809
-8.366083e-009 -0.0104444
-8.349416e-009 -0.0474747
-8.332749e-009 -0.00750963
-8.316083e-009 0.0226152
-8.299416e-009 -0.00535169
-8.282749e-009 -0.00880439
-8.266083e-009 0.0287438
-8.249416e-009 0.0208025
-8.232749e-009 -0.0252047
-8.216083e-009 -0.0306427
-8.199416e-009 -0.0164867
-8.182749e-009 -0.0296932
-8.166083e-009 -0.0266721
-8.149416e-009 0.0126024
-8.132749e-009 0.0283985
-8.116083e-009 0.00630118
-8.099416e-009 -0.0063875
-8.082749e-009 0.00630118
-8.066083e-009 0.0280532
-8.049416e-009 0.030988
-8.032749e-009 -0.0152782
-8.016083e-009 -0.0673277
-7.999416e-009 -0.0359081
-7.982749e-009 0.0432451
-7.966083e-009 0.0434177
-7.949416e-009 -0.0265858
-7.932749e-009 -0.0450578
-7.916083e-009 0.00474747
-7.899416e-009 0.0408282
-7.882749e-009 0.0360807
-7.866083e-009 0.0177814
-7.849416e-009 -0.00284848
-7.832749e-009 -0.0150193
-7.816083e-009 -0.000604223
-7.799416e-009 0.0232194
-7.782749e-009 0.0129476
-7.766083e-009 -0.02555
-7.749416e-009 -0.0253774
-7.732749e-009 0.0334912
-7.716083e-009 0.0686225
-7.699416e-009 0.0290027
-7.682749e-009 -0.0155372
-7.666083e-009 -0.0155372
-7.649416e-009 -0.0181267
-7.632749e-009 -0.0233057
-7.616083e-009 0.0210615
-7.599416e-009 0.0605086
-7.582749e-009 0.0194215
-7.566083e-009 -0.0278806
-7.549416e-009 -0.00664645
-7.532749e-009 0.0137245
-7.516083e-009 -0.00388429
-7.499416e-009 0.00664645
-7.482749e-009 0.0396198
-7.466083e-009 0.0334049
-7.449416e-009 0.012516
-7.432749e-009 0.0100992
-7.416083e-009 -0.00207162
-7.399416e-009 -0.0110486
-7.382749e-009 0.00802753
-7.366083e-009 0.00112213
-7.349416e-009 -0.0360807
-7.332749e-009 -0.0138971
-7.316083e-009 0.0476473
-7.299416e-009 0.0302112
-7.282749e-009 -0.0407419
-7.266083e-009 -0.0486831
-7.249416e-009 -0.0118255
-7.232749e-009 -0.00725068
-7.216083e-009 -0.00612855
-7.199416e-009 0.0340091
-7.182749e-009 0.064134
-7.166083e-009 0.0403966
-7.149416e-009 0.00258953
-7.132749e-009 -0.000172635
-7.116083e-009 0.0190762
-7.099416e-009 0.0245142
-7.082749e-009 0.0205436
-7.066083e-009 0.022011
-7.049416e-009 0.00664645
-7.032749e-009 -0.0247731
-7.016083e-009 -0.0196804
-6.999416e-009 0.0110486
-6.982749e-009 -0.00664645
-6.966083e-009 -0.0449715
-6.949416e-009 -0.0209752
-6.932749e-009 0.0152782
-6.916083e-009 -0.0153645
-6.899416e-009 -0.0504958
-6.882749e-009 -0.0386703
-6.866083e-009 -0.040224
-6.849416e-009 -0.0459209
-6.832749e-009 0.0107897
-6.816083e-009 0.0599044
-6.799416e-009 0.0170046
-6.782749e-009 -0.0350449
-6.766083e-009 -0.0207162
-6.749416e-009 0.00267584
-6.732749e-009 0.00742331
-6.716083e-009 0.014674
-6.699416e-009 -0.00750963
-6.682749e-009 -0.0450578
-6.666083e-009 -0.0115666
-6.649416e-009 0.0605086
-6.632749e-009 0.0572286
-6.616083e-009 0.000690541
-6.599416e-009 -0.018472
-6.582749e-009 -0.00466115
-6.566083e-009 0.0107897
-6.549416e-009 0.0221836
-6.532749e-009 0.00604223
-6.516083e-009 -0.0136382
-6.499416e-009 0.0174361
-6.482749e-009 0.0335775
-6.466083e-009 -0.0396198
-6.449416e-009 -0.0879576
-6.432749e-009 -0.014415
-6.416083e-009 0.058696
-6.399416e-009 0.0401377
-6.382749e-009 0.0145014
-6.366083e-009 0.0138971
-6.349416e-009 -0.00725068
-6.332749e-009 -0.00258953
-6.316083e-009 0.0479063
-6.299416e-009 0.0416914
-6.282749e-009 -0.0214931
-6.266083e-009 -0.0240826
-6.249416e-009 0.0126887
-6.232749e-009 -0.00612855
-6.216083e-009 -0.0378071
-6.199416e-009 -0.0378071
-6.182749e-009 -0.0592139
-6.166083e-009 -0.0702625
-6.149416e-009 -0.00422956
-6.132749e-009 0.0386703
-6.116083e-009 -0.0176088
-6.099416e-009 -0.0397924
-6.082749e-009 0.0270174
-6.066083e-009 0.0431588
-6.049416e-009 -0.00189899
-6.032749e-009 0.0145014
-6.016083e-009 0.0379797
-5.999416e-009 -0.0308154
-5.982749e-009 -0.0690541
-5.966083e-009 0.014674
-5.949416e-009 0.0652561
-5.932749e-009 -0.00820017
-5.916083e-009 -0.0721615
-5.899416e-009 -0.0495463
-5.882749e-009 -0.00975389
-5.866083e-009 0.0113939
-5.849416e-009 0.0164867
-5.832749e-009 -0.00889071
-5.816083e-009 -0.0289164
-5.799416e-009 -0.00707804
-5.782749e-009 0.00466115
-5.766083e-009 -0.0155372
-5.749416e-009 -0.0083728
-5.732749e-009 0.0161414
-5.716083e-009 0.00768226
-5.699416e-009 0.012775
-5.682749e-009 0.0471294
-5.666083e-009 0.0145877
-5.649416e-009 -0.0686225
-5.632749e-009 -0.058437
-5.616083e-009 0.0321965
-5.599416e-009 0.0612855
-5.582749e-009 0.022011
-5.566083e-009 -0.00914966
-5.549416e-009 -0.0240826
-5.532749e-009 -0.0107034
-5.516083e-009 0.0407419
-5.499416e-009 0.0469568
-5.482749e-009 -0.0135519
-5.466083e-009 -0.0208889
-5.449416e-009 0.0299522
-5.432749e-009 0.000776858
-5.416083e-009 -0.0803617
-5.399416e-009 -0.0624076
-5.382749e-009 0.010876
-5.366083e-009 0.00742331
-5.349416e-009 -0.0164867
-5.332749e-009 0.0286574
-5.316083e-009 0.0617171
-5.299416e-009 0.0171772
-5.282749e-009 -0.016314
-5.266083e-009 0.0143287
-5.249416e-009 0.029348
-5.232749e-009 -0.0176088
-5.216083e-009 -0.0567106
-5.199416e-009 -0.0331459
-5.182749e-009 0.00474747
-5.166083e-009 -0.00328007
-5.149416e-009 -0.0306427
-5.132749e-009 -0.0243416
-5.116083e-009 -0.00215794
-5.099416e-009 -0.00509274
-5.082749e-009 -0.0189899
-5.066083e-009 -0.0160551
-5.049416e-009 0.00172635
-5.032749e-009 0.0356492
-5.016083e-009 0.0750963
-4.999416e-009 0.0722478
-4.982749e-009 0.0189899
-4.966083e-009 -0.021752
-4.949416e-009 -0.0176951
-4.932749e-009 0.000863176
-4.916083e-009 0.0180404
-4.899416e-009 0.0310743
-4.882749e-009 0.0128613
-4.866083e-009 -0.0335775
-4.849416e-009 -0.0520495
-4.832749e-009 -0.0214931
-4.816083e-009 0.0107897
-4.799416e-009 0.00828649
-4.782749e-009 -0.00517905
-4.766083e-009 0.00914966
-4.749416e-009 0.0428998
-4.732749e-009 0.052999
-4.716083e-009 0.0303838
-4.699416e-009 0.00517905
-4.682749e-009 -0.012775
-4.666083e-009 -0.0266721
-4.649416e-009 -0.019853
-4.632749e-009 -0.00656014
-4.616083e-009 -0.0325417
-4.599416e-009 -0.0699172
-4.582749e-009 -0.0445399
-4.566083e-009 0.0155372
-4.549416e-009 0.0172635
-4.532749e-009 -0.0371166
-4.516083e-009 -0.0723341
-4.499416e-009 -0.0607676
-4.482749e-009 -0.0264132
-4.466083e-009 0.000258953
-4.449416e-009 0.00189899
-4.432749e-009 -0.0093223
-4.416083e-009 -0.0119118
-4.399416e-009 -0.00233057
-4.382749e-009 0.0245142
-4.366083e-009 0.0574875
-4.349416e-009 0.0468704
-4.332749e-009 -0.00457483
-4.316083e-009 -0.0252047
-4.299416e-009 -0.0194215
-4.282749e-009 -0.0446262
-4.266083e-009 -0.0524811
-4.249416e-009 0.00250321
-4.232749e-009 0.0237373
-4.216083e-009 -0.0219247
-4.199416e-009 -0.018472
-4.182749e-009 0.0357355
-4.166083e-009 0.0321101
-4.149416e-009 0.0131203
-4.132749e-009 0.0533443
-4.116083e-009 0.0563654
-4.099416e-009 -0.0186446
-4.082749e-009 -0.0436767
-4.066083e-009 -0.0019853
-4.049416e-009 -0.00431588
-4.032749e-009 -0.0360807
-4.016083e-009 -0.0307291
-3.999416e-009 -0.0249458
-3.982749e-009 -0.0270174
-3.966083e-009 0.00750963
-3.949416e-009 0.0331459
-3.932749e-009 0.0100128
-3.916083e-009 0.00776858
-3.899416e-009 0.0384113
-3.882749e-009 0.0299522
-3.866083e-009 0.000431588
-3.849416e-009 -0.000517905
-3.832749e-009 -0.0103581
-3.816083e-009 -0.0266721
-3.799416e-009 0.0121708
-3.782749e-009 0.0583507
-3.766083e-009 0.027449
-3.749416e-009 -0.0238237
-3.732749e-009 -0.0118255
-3.716083e-009 0.0244279
-3.699416e-009 0.0233057
-3.682749e-009 -0.00302112
-3.666083e-009 -0.0195941
-3.649416e-009 -0.0151056
-3.632749e-009 -0.0034527
-3.616083e-009 0.00483378
-3.599416e-009 0.0213204
-3.582749e-009 0.0232194
-3.566083e-009 -0.0328007
-3.549416e-009 -0.0831238
-3.532749e-009 -0.036426
-3.516083e-009 0.0275353
-3.499416e-009 0.0063875
-3.482749e-009 -0.00949493
-3.466083e-009 0.0454894
-3.449416e-009 0.0564517
-3.432749e-009 0.00224426
-3.416083e-009 0.00509274
-3.399416e-009 0.0459209
-3.382749e-009 0.0283985
-3.366083e-009 0.00517905
-3.349416e-009 0.0221836
-3.332749e-009 0.010876
-3.316083e-009 -0.0164867
-3.299416e-009 0
-3.282749e-009 0.00707804
-3.266083e-009 -0.0107897
-3.249416e-009 0.021752
-3.232749e-009 0.0528264
-3.216083e-009 0.00353902
-3.199416e-009 -0.0159688
-3.182749e-009 0.0471294
-3.166083e-009 0.0431588
-3.149416e-009 -0.0391882
-3.132749e-009 -0.0443672
-3.116083e-009 -0.00112213
-3.099416e-009 -0.0245142
-3.082749e-009 -0.0438493
-3.066083e-009 -0.00561064
-3.049416e-009 -0.00422956
-3.032749e-009 -0.0300385
-3.016083e-009 0.00422956
-2.999416e-009 0.0322828
-2.982749e-009 -0.0104444
-2.966083e-009 -0.0296932
-2.949416e-009 0.0131203
-2.932749e-009 0.0452304
-2.916083e-009 0.0618034
-2.899416e-009 0.0718162
-2.882749e-009 0.0291753
-2.866083e-009 -0.0219247
-2.849416e-009 -0.0044022
-2.832749e-009 0.0120845
-2.816083e-009 -0.0283985
-2.799416e-009 -0.0390155
-2.782749e-009 -0.0114802
-2.766083e-009 -0.0314196
-2.749416e-009 -0.0473883
-2.732749e-009 0.00353902
-2.716083e-009 0.00889071
-2.699416e-009 -0.0630118
-2.682749e-009 -0.0555022
-2.666083e-009 0.0316785
-2.649416e-009 0.0247731
-2.632749e-009 -0.0549843
-2.616083e-009 -0.0499779
-2.599416e-009 0.00725068
-2.582749e-009 0.00733699
-2.566083e-009 -0.00258953
-2.549416e-009 0.0358218
-2.532749e-009 0.060077
-2.516083e-009 0.0351313
-2.499416e-009 0.00820017
-2.482749e-009 -0.00310743
-2.466083e-009 -0.0115666
-2.449416e-009 -0.00664645
-2.432749e-009 0.0119118
-2.416083e-009 0.0269311
-2.399416e-009 0.0379797
-2.382749e-009 0.0416051
-2.366083e-009 0.0258953
-2.349416e-009 0.00448851
-2.332749e-009 -0.00552432
-2.316083e-009 -0.00656014
-2.299416e-009 0.013034
-2.282749e-009 0.0517042
-2.266083e-009 0.0504095
-2.249416e-009 -0.00189899
-2.232749e-009 -0.00811385
-2.216083e-009 0.0596454
-2.199416e-009 0.0775995
-2.182749e-009 -0.00725068
-2.166083e-009 -0.0717299
-2.149416e-009 -0.0368576
-2.132749e-009 0.0145014
-2.116083e-009 0.0063875
-2.099416e-009 -0.0244279
-2.082749e-009 -0.0230468
-2.066083e-009 0.00794122
-2.049416e-009 0.0335775
-2.032749e-009 0.0375481
-2.016083e-009 0.039965
-1.999416e-009 0.0478199
-1.982749e-009 0.0275353
-1.966083e-009 -0.0114802
-1.949416e-009 0.000604223
-1.932749e-009 0.0507547
-1.916083e-009 0.0404829
-1.899416e-009 -0.0197667
-1.882749e-009 -0.0262405
-1.866083e-009 0.00940862
-1.849416e-009 0.00466115
-1.832749e-009 -0.016573
-1.816083e-009 -0.00328007
-1.799416e-009 0.00612855
-1.782749e-009 -0.00561064
-1.766083e-009 0.00474747
-1.749416e-009 0.0220973
-1.732749e-009 0.0123434
-1.716083e-009 0.0212341
-1.699416e-009 0.0633571
-1.682749e-009 0.0617171
-1.666083e-009 0.00621487
-1.649416e-009 -0.0214068
-1.632749e-009 -0.00543801
-1.616083e-009 0.0109623
-1.599416e-009 0.0268448
-1.582749e-009 0.0332323
-1.566083e-009 -0.00129476
-1.549416e-009 -0.0318512
-1.532749e-009 0.000690541
-1.516083e-009 0.0337502
-1.499416e-009 -0.00310743
-1.482749e-009 -0.0474747
-1.466083e-009 -0.0396198
-1.449416e-009 -0.02719
-1.432749e-009 -0.022011
-1.416083e-009 0.0257226
-1.399416e-009 0.0649108
-1.382749e-009 0.00664645
-1.366083e-009 -0.0706078
-1.349416e-009 -0.0442809
-1.332749e-009 0.0166593
-1.316083e-009 0.000258953
-1.299416e-009 -0.025809
-1.282749e-009 0.0164867
-1.266083e-009 0.0450578
-1.249416e-009 0.0122571
-1.232749e-009 0.00431588
-1.216083e-009 0.0282258
-1.199416e-009 -0.00258953
-1.182749e-009 -0.0483378
-1.166083e-009 -0.0122571
-1.149416e-009 0.0442809
-1.132749e-009 0.0234784
-1.116083e-009 -0.0219247
-1.099416e-009 -0.0189899
-1.082749e-009 -0.000431588
-1.066083e-009 0.0014674
-1.049416e-009 0.00164003
-1.032749e-009 -0.00241689
-1.016083e-009 -0.013034
-9.99416e-010 -0.0131203
-9.827493e-010 -0.00258953
-9.660826e-010 0.0205436
-9.49416e-010 0.0585233
-9.327493e-010 0.0598181
-9.160826e-010 0.0049201
-8.99416e-010 -0.0143287
-8.827493e-010 0.0365987
-8.660826e-010 0.0533443
-8.49416e-010 0.0119981
-8.327493e-010 0.00975389
-8.160826e-010 0.0396198
-7.99416e-010 0.0253774
-7.827493e-010 0.0118255
-7.660826e-010 0.0488557
-7.49416e-010 0.0635297
-7.327493e-010 0.0276216
-7.160826e-010 0.00768226
-6.99416e-010 0.000863176
-6.827493e-010 -0.0298659
-6.660826e-010 -0.0405693
-6.49416e-010 -0.0134655
-6.327493e-010 -0.00889071
-6.160826e-010 -0.0298659
-5.99416e-010 -0.0259816
-5.827493e-010 0.00207162
-5.660826e-010 0.0372892
-5.49416e-010 0.0656877
-5.327493e-010 0.0411735
-5.160826e-010 -0.0210615
-4.99416e-010 -0.0267584
-4.827493e-010 0.0171772
-4.660826e-010 0.0162277
-4.49416e-010 -0.00707804
-4.327493e-010 0.0182993
-4.160826e-010 0.0428135
-3.99416e-010 0.0243416
-3.827493e-010 0.0252047
-3.660826e-010 0.0510137
-3.49416e-010 0.0340091
-3.327493e-010 -0.00871807
-3.160826e-010 -0.0203709
-2.99416e-010 -0.0142424
-2.827493e-010 -0.0049201
-2.660826e-010 0.016314
-2.49416e-010 0.0233921
-2.327493e-010 0.0139834
-2.160826e-010 0.0313333
-1.99416e-010 0.056797
-1.827493e-010 0.047561
-1.660826e-010 0.0462662
-1.49416e-010 0.0760458
-1.327493e-010 0.0637887
-1.160826e-010 -8.63176e-005
-9.941597e-011 -0.0190762
-8.274931e-011 0.0382387
-6.608264e-011 0.112817
-4.941597e-011 0.163572
-3.274931e-011 0.176951
-1.608264e-011 0.16478
5.840282e-013 0.179368
1.725069e-011 0.230468
3.391736e-011 0.268275
5.058403e-011 0.306686
6.725069e-011 0.399478
8.391736e-011 0.505821
1.00584e-010 0.566589
1.172507e-010 0.629169
1.339174e-010 0.737411
1.50584e-010 0.830461
1.672507e-010 0.858687
1.839174e-010 0.864988
2.00584e-010 0.910305
2.172507e-010 1.00094
2.339174e-010 1.08657
2.50584e-010 1.11928
2.672507e-010 1.12912
2.839174e-010 1.17651
3.00584e-010 1.23546
3.172507e-010 1.24194
3.339174e-010 1.2201
3.50584e-010 1.23469
3.672507e-010 1.27655
3.839174e-010 1.29079
4.00584e-010 1.26783
4.172507e-010 1.25273
4.339174e-010 1.26826
4.50584e-010 1.26274
4.672507e-010 1.20318
4.839174e-010 1.17055
5.00584e-010 1.21276
5.172507e-010 1.22286
5.339174e-010 1.15536
5.50584e-010 1.13784
5.672507e-010 1.19343
5.839174e-010 1.1835
6.00584e-010 1.10918
6.172507e-010 1.07629
6.339174e-010 1.03676
6.50584e-010 0.945695
6.672507e-010 0.914535
6.839174e-010 0.925238
7.00584e-010 0.815011
7.172507e-010 0.652302
7.339174e-010 0.619242
7.50584e-010 0.621659
7.672507e-010 0.504095
7.839174e-010 0.364088
8.00584e-010 0.289768
8.172507e-010 0.191021
8.339174e-010 0.0561927
8.50584e-010 -0.038584
8.672507e-010 -0.128268
8.839174e-010 -0.252047
9.00584e-010 -0.362965
9.172507e-010 -0.473711
9.339174e-010 -0.606467
9.50584e-010 -0.686743
9.672507e-010 -0.72688
9.839174e-010 -0.842805
1.000584e-009 -0.985919
1.017251e-009 -1.03538
1.033917e-009 -1.06361
1.050584e-009 -1.14397
1.067251e-009 -1.17806
1.083917e-009 -1.16192
1.100584e-009 -1.21475
1.117251e-009 -1.27819
1.133917e-009 -1.23296
1.150584e-009 -1.17875
1.167251e-009 -1.20879
1.183917e-009 -1.20836
1.200584e-009 -1.13723
1.217251e-009 -1.12178
1.233917e-009 -1.16313
1.250584e-009 -1.14371
1.267251e-009 -1.09028
1.283917e-009 -1.10245
1.300584e-009 -1.14768
1.317251e-009 -1.15199
1.333917e-009 -1.13421
1.350584e-009 -1.12411
1.367251e-009 -1.09744
1.383917e-009 -1.0542
1.400584e-009 -1.04306
1.417251e-009 -1.06973
1.433917e-009 -1.06499
1.450584e-009 -0.985833
1.467251e-009 -0.883374
1.483917e-009 -0.821571
1.500584e-009 -0.786698
1.517251e-009 -0.724809
1.533917e-009 -0.612251
1.550584e-009 -0.478631
1.567251e-009 -0.390587
1.583917e-009 -0.367195
1.600584e-009 -0.333272
1.617251e-009 -0.247386
1.633917e-009 -0.180404
1.650584e-009 -0.15753
1.667251e-009 -0.103322
1.683917e-009 -0.0227015
1.700584e-009 0.0058696
1.717251e-009 0.0129476
1.733917e-009 0.0631845
1.750584e-009 0.108588
1.767251e-009 0.117392
1.783917e-009 0.141647
1.800584e-009 0.160292
1.817251e-009 0.108588
1.833917e-009 0.0392745
1.850584e-009 0.0270174
1.867251e-009 0.0435904
1.883917e-009 0.0552432
1.900584e-009 0.060336
1.917251e-009 0.0407419
1.933917e-009 0.0245142
1.950584e-009 0.0602497
1.967251e-009 0.0907198
1.983917e-009 0.0543801
2.000584e-009 0.00578328
2.017251e-009 -0.0359944
2.033917e-009 -0.109451
2.050584e-009 -0.137331
2.067251e-009 -0.0635297
2.083917e-009 -0.0258953
2.100584e-009 -0.0793259
2.117251e-009 -0.0716436
2.133917e-009 0.00716436
2.150584e-009 0.0049201
2.167251e-009 -0.0451441
2.183917e-009 -0.0252047
2.200584e-009 0.000431588
2.217251e-009 -0.0190762
2.233917e-009 -0.00474747
2.250584e-009 0.00897703
2.267251e-009 -0.0653424
2.283917e-009 -0.124729
2.300584e-009 -0.0787216
2.317251e-009 -0.0438493
2.333917e-009 -0.0830375
2.350584e-009 -0.112472
2.367251e-009 -0.129476
2.383917e-009 -0.174448
2.400584e-009 -0.180663
2.417251e-009 -0.122744
2.433917e-009 -0.0807069
2.450584e-009 -0.0654287
2.467251e-009 -0.047302
2.483917e-009 -0.0691404
2.500584e-009 -0.118687
2.517251e-009 -0.108242
2.533917e-009 -0.0732836
2.550584e-009 -0.105739
2.567251e-009 -0.143891
2.583917e-009 -0.10807
2.600584e-009 -0.0732836
2.617251e-009 -0.0915829
2.633917e-009 -0.0794985
2.650584e-009 -0.0143287
2.667251e-009 0.0063875
2.683917e-009 -0.0466115
2.700584e-009 -0.0964167
2.717251e-009 -0.106257
2.733917e-009 -0.103754
2.750584e-009 -0.0860586
2.767251e-009 -0.0286574
2.783917e-009 0.0354765
2.800584e-009 0.0502368
2.817251e-009 0.0327144
2.833917e-009 0.0376345
2.850584e-009 0.0507547
2.867251e-009 0.0230468
2.883917e-009 -0.0310743
2.900584e-009 -0.0680182
2.917251e-009 -0.0834691
2.933917e-009 -0.0871807
2.950584e-009 -0.0818291
2.967251e-009 -0.0752689
2.983917e-009 -0.0525674
3.000584e-009 0.00681909
3.017251e-009 0.0645655
3.033917e-009 0.0773405
3.050584e-009 0.0708667
3.067251e-009 0.0623213
3.083917e-009 0.0226152
3.100584e-009 -0.0264995
3.117251e-009 -0.0400514
3.133917e-009 -0.0555885
3.150584e-009 -0.103408
3.167251e-009 -0.115234
3.183917e-009 -0.0574012
3.200584e-009 0.00716436
3.217251e-009 0.0442809
3.233917e-009 0.0671551
3.250584e-009 0.0689677
3.267251e-009 0.0558475
3.283917e-009 0.0468704
3.300584e-009 0.0240826
3.317251e-009 -0.00595591
3.333917e-009 -0.00552432
3.350584e-009 -0.010876
3.367251e-009 -0.0458346
3.383917e-009 -0.0168319
3.400584e-009 0.0644792
3.417251e-009 0.0189899
3.433917e-009 -0.12775
3.450584e-009 -0.14018
3.467251e-009 -0.0429862
3.483917e-009 -0.0526537
3.500584e-009 -0.107293
3.517251e-009 -0.0376345
3.533917e-009 0.0393608
3.550584e-009 0.00207162
3.567251e-009 -0.0107034
3.583917e-009 0.0481652
3.600584e-009 0.0306427
3.617251e-009 -0.038066
3.633917e-009 -0.0225289
3.650584e-009 -0.00353902
3.667251e-009 -0.0744921
3.683917e-009 -0.103926
3.700584e-009 -0.0292617
3.717251e-009 0.012775
3.733917e-009 -0.00742331
3.750584e-009 0.00164003
3.767251e-009 0.00897703
3.783917e-009 -0.0327144
3.800584e-009 -0.0446262
3.817251e-009 -0.0189899
3.833917e-009 -0.0535169
3.850584e-009 -0.111177
3.867251e-009 -0.0868355
3.883917e-009 -0.0350449
3.900584e-009 -0.0334049
3.917251e-009 -0.0226152
3.933917e-009 0.016573
3.950584e-009 0.013034
3.967251e-009 0.00215794
3.983917e-009 0.0596454
4.000584e-009 0.103063
4.017251e-009 0.0484242
4.033917e-009 -0.00949493
4.050584e-009 0.00241689
4.067251e-009 0.00595591
4.083917e-009 -0.0269311
4.100584e-009 -0.0307291
4.117251e-009 -0.0311606
4.133917e-009 -0.0862313
4.150584e-009 -0.113767
4.167251e-009 -0.0436767
4.183917e-009 0.0114802
4.200584e-009 -0.0279669
4.217251e-009 -0.0434177
4.233917e-009 0.0348723
4.250584e-009 0.0750963
4.267251e-009 0.00958125
4.283917e-009 -0.0281395
4.300584e-009 0.0266721
4.317251e-009 0.051359
4.333917e-009 -0.0100128
4.350584e-009 -0.0545527
4.367251e-009 -0.0447125
4.383917e-009 -0.0544664
4.400584e-009 -0.0775132
4.417251e-009 -0.0449715
4.433917e-009 0.00336639
4.450584e-009 -0.0113939
4.467251e-009 -0.0439356
4.483917e-009 -0.0156235
4.500584e-009 0.0338365
4.517251e-009 0.0272764
4.533917e-009 -0.0181267
4.550584e-009 -0.0346997
4.567251e-009 -0.00509274
4.583917e-009 0.0277079
4.600584e-009 0.0229605
4.617251e-009 -0.00802753
4.633917e-009 -0.0292617
4.650584e-009 -0.0422956
4.667251e-009 -0.0573149
4.683917e-009 -0.0335775
4.700584e-009 0.0467841
4.717251e-009 0.0988336
4.733917e-009 0.0605086
4.750584e-009 0.0140698
4.767251e-009 0.0414324
4.783917e-009 0.0724204
4.800584e-009 0.0275353
4.817251e-009 -0.0290027
4.833917e-009 -0.0247731
4.850584e-009 -0.00776858
4.867251e-009 -0.0161414
4.883917e-009 0.00120845
4.900584e-009 0.0432451
4.917251e-009 0.0397924
4.933917e-009 0.0112213
4.950584e-009 0.0231331
4.967251e-009 0.0241689
4.983917e-009 -0.0401377
5.000584e-009 -0.0750963
5.017251e-009 -0.018213
5.033917e-009 0.0277079
5.050584e-009 0.00578328
5.067251e-009 -0.000431588
5.083917e-009 0.0363397
5.100584e-009 0.056538
5.117251e-009 0.0563654
5.133917e-009 0.0466115
5.150584e-009 -0.0107034
5.167251e-009 -0.0930503
5.183917e-009 -0.120413
5.200584e-009 -0.0921009
5.217251e-009 -0.0534306
5.233917e-009 -0.0117392
5.250584e-009 0.011135
5.267251e-009 -0.0019853
5.283917e-009 0.00448851
5.300584e-009 0.0514453
5.317251e-009 0.063875
5.333917e-009 0.0211478
5.350584e-009 -0.0176088
5.367251e-009 -0.0419503
5.383917e-009 -0.0596454
5.400584e-009 -0.0490284
5.417251e-009 -0.044022
5.433917e-009 -0.0748373
5.450584e-009 -0.0616307
5.467251e-009 0.0181267
5.483917e-009 0.0428998
5.500584e-009 -0.00742331
5.517251e-009 -0.0178677
5.533917e-009 0.0049201
5.550584e-009 -0.0253774
5.567251e-009 -0.0687088
5.583917e-009 -0.0675003
5.600584e-009 -0.0562791
5.617251e-009 -0.0332323
5.633917e-009 0.0175225
5.650584e-009 0.0188172
5.667251e-009 -0.042123
5.683917e-009 -0.0432451
5.700584e-009 0.0344407
5.717251e-009 0.0698309
5.733917e-009 0.0315059
5.750584e-009 -0.0174361
5.767251e-009 -0.0555885
5.783917e-009 -0.0688814
5.800584e-009 -0.0295206
5.817251e-009 0.0263269
5.833917e-009 0.038066
5.850584e-009 0.0044022
5.867251e-009 -0.0378071
5.883917e-009 -0.044022
5.900584e-009 0.00431588
5.917251e-009 0.0554159
5.933917e-009 0.058178
5.950584e-009 0.0343544
5.967251e-009 0.00233057
5.983917e-009 -0.0330596
6.000584e-009 -0.0214068
6.017251e-009 0.0214068
6.033917e-009 -0.00897703
6.050584e-009 -0.0751826
6.067251e-009 -0.0471294
6.083917e-009 0.00768226
6.100584e-009 -0.0195078
6.117251e-009 -0.0153645
6.133917e-009 0.0761321
6.150584e-009 0.0884755
6.167251e-009 0.00975389
6.183917e-009 0.0101855
6.200584e-009 0.0462662
6.217251e-009 -0.0179541
6.233917e-009 -0.0782037
6.250584e-009 -0.0271037
6.267251e-009 0.0295206
6.283917e-009 0.030988
6.300584e-009 0.0257226
6.317251e-009 0.000949493
6.333917e-009 -0.023651
6.350584e-009 0.0216657
6.367251e-009 0.0564517
6.383917e-009 -0.000258953
6.400584e-009 -0.0157961
6.417251e-009 0.061976
6.433917e-009 0.069313
6.450584e-009 0.00164003
6.467251e-009 0.0179541
6.483917e-009 0.0630981
6.500584e-009 -0.00112213
6.517251e-009 -0.0936546
6.533917e-009 -0.114371
6.550584e-009 -0.103581
6.567251e-009 -0.0541211
6.583917e-009 0.0541211
6.600584e-009 0.109364
6.617251e-009 0.0620623
6.633917e-009 0.0269311
6.650584e-009 0.0509274
6.667251e-009 0.0668961
6.683917e-009 0.0528264
6.700584e-009 0.0157098
6.717251e-009 -0.0444536
6.733917e-009 -0.0848502
6.750584e-009 -0.0861449
6.767251e-009 -0.0758731
6.783917e-009 -0.0286574
6.800584e-009 0.0511
6.817251e-009 0.0540348
6.833917e-009 -0.00604223
6.850584e-009 0.0230468
6.867251e-009 0.0963304
6.883917e-009 0.0448851
6.900584e-009 -0.0540348
6.917251e-009 -0.0407419
6.933917e-009 0.00397061
6.950584e-009 -0.0277079
6.967251e-009 -0.0669824
6.983917e-009 -0.0707804
7.000584e-009 -0.0679319
7.017251e-009 -0.0306427
7.033917e-009 0.0208025
7.050584e-009 0.00431588
7.067251e-009 -0.020112
7.083917e-009 0.0386703
7.100584e-009 0.0818291
7.117251e-009 0.0297796
7.133917e-009 -0.0098402
7.150584e-009 0.00371166
7.167251e-009 -0.0156235
7.183917e-009 -0.0428135
7.200584e-009 -0.00863176
7.217251e-009 0.0196804
7.233917e-009 -0.00794122
7.250584e-009 -0.0226152
7.267251e-009 -0.00405693
7.283917e-009 0.0100128
7.300584e-009 0.0349586
7.317251e-009 0.0601633
7.333917e-009 0.0302975
7.350584e-009 -0.0100992
7.367251e-009 0.0234784
7.383917e-009 0.0836417
7.400584e-009 0.0816564
7.417251e-009 0.0340091
7.433917e-009 -0.00241689
7.450584e-009 -0.00699172
7.467251e-009 0.012775
7.483917e-009 0.0176951
7.500584e-009 -0.0124297
7.517251e-009 -0.0298659
7.533917e-009 -0.0138971
7.550584e-009 -0.0148466
7.567251e-009 -0.0288301
7.583917e-009 0.00319375
7.600584e-009 0.0564517
7.617251e-009 0.0608539
7.633917e-009 0.0288301
7.650584e-009 0.00863176
7.667251e-009 0.00103581
7.683917e-009 -0.0176951
7.700584e-009 -0.058696
7.717251e-009 -0.087785
7.733917e-009 -0.0441946
7.750584e-009 0.0283985
7.767251e-009 0.0049201
7.783917e-009 -0.0767363
7.800584e-009 -0.0478199
7.817251e-009 0.0675867
7.833917e-009 0.0909787
7.850584e-009 0.022011
7.867251e-009 -0.00802753
7.883917e-009 0.00604223
7.900584e-009 0.0100128
7.917251e-009 0.0273627
7.933917e-009 0.0602497
7.950584e-009 0.0563654
7.967251e-009 0.0197667
7.983917e-009 -0.00690541
8.000584e-009 -0.019853
8.017251e-009 -0.0265858
8.033917e-009 -0.0280532
8.050584e-009 -0.025809
8.067251e-009 -0.00379797
8.083917e-009 0.0303838
8.100584e-009 0.0280532
8.117251e-009 -0.000172635
8.133917e-009 -0.00302112
8.150584e-009 -0.0128613
8.167251e-009 -0.0480789
8.183917e-009 -0.0196804
8.200584e-009 0.0526537
8.217251e-009 0.0123434
8.233917e-009 -0.0958125
8.250584e-009 -0.0745784
8.267251e-009 0.0177814
8.283917e-009 -0.00776858
8.300584e-009 -0.071471
8.317251e-009 -0.0175225
8.333917e-009 0.058437
8.350584e-009 0.0453167
8.367251e-009 0.0331459
8.383917e-009 0.0706941
8.400584e-009 0.0629255
8.417251e-009 -0.00992652
8.433917e-009 -0.0631845
8.450584e-009 -0.0658603
8.467251e-009 -0.0516179
8.483917e-009 -0.0479926
8.500584e-009 -0.0586096
8.517251e-009 -0.0590412
8.533917e-009 -0.0329733
8.550584e-009 -0.00164003
8.567251e-009 0.0303838
8.583917e-009 0.07829
8.600584e-009 0.106689
8.617251e-009 0.0783764
8.633917e-009 0.0276216
8.650584e-009 -0.0173498
8.667251e-009 -0.0653424
8.683917e-009 -0.0774269
8.700584e-009 -0.0227015
8.717251e-009 0.0203709
8.733917e-009 -0.012516
8.750584e-009 -0.056797
8.767251e-009 -0.0403966
8.783917e-009 0.0157098
8.800584e-009 0.0534306
8.817251e-009 0.0359944
8.833917e-009 -0.0109623
8.850584e-009 -0.011135
8.867251e-009 0.0339228
8.883917e-009 0.0371166
8.900584e-009 0.000172635
8.917251e-009 -0.0105307
8.933917e-009 -0.0302975
8.950584e-009 -0.087526
8.967251e-009 -0.0824333
8.983917e-009 -0.00284848
9.000584e-009 0.0170046
9.017251e-009 -0.0176951
9.033917e-009 0.0199394
9.050584e-009 0.0805343
9.067251e-009 0.0448851
9.083917e-009 -0.0121708
9.100584e-009 0.00543801
9.117251e-009 0.0232194
9.133917e-009 -0.0113939
9.150584e-009 -0.0331459
9.167251e-009 -0.034527
9.183917e-009 -0.0580917
9.200584e-009 -0.0555022
9.217251e-009 0.0183856
9.233917e-009 0.0801027
9.250584e-009 0.0463525
9.267251e-009 -0.0258953
9.283917e-009 -0.0340954
9.300584e-009 0.0128613
9.317251e-009 0.0176088
9.333917e-009 -0.0415188
9.350584e-009 -0.0749237
9.367251e-009 -0.0460073
9.383917e-009 -0.0243416
9.400584e-009 -0.0324554
9.417251e-009 -0.0252047
9.433917e-009 -0.0192488
9.450584e-009 -0.0411735
9.467251e-009 -0.0307291
9.483917e-009 0.0245142
9.500584e-009 0.0324554
9.517251e-009 -0.0162277
9.533917e-009 -0.0334049
9.550584e-009 -0.0147603
9.567251e-009 -0.00768226
9.583917e-009 0.000258953
9.600584e-009 0.00034527
9.617251e-009 -0.0370302
9.633917e-009 -0.0481652
9.650584e-009 0.00940862
9.667251e-009 0.036426
9.683917e-009 -0.00889071
9.700584e-009 -0.0208025
9.717251e-009 0.0258953
9.733917e-009 0.0471294
9.750584e-009 0.0384113
9.767251e-009 0.0275353
9.783917e-009 -0.016573
9.800584e-009 -0.0590412
9.817251e-009 -0.0299522
9.833917e-009 0.00483378
9.850584e-009 -0.0189035
9.867251e-009 -0.0098402
9.883917e-009 0.0608539
9.900584e-009 0.0738878
9.917251e-009 0.0189899
9.933917e-009 -0.00820017
9.950584e-009 -0.0270174
9.967251e-009 -0.0701762
9.983917e-009 -0.0577465
1.000058e-008 0.00854544
1.001725e-008 0.0238237
1.003392e-008 0.0063875
1.005058e-008 0.0256363
1.006725e-008 0.034527
1.008392e-008 0.021752
1.010058e-008 0.0524811
1.011725e-008 0.0574875
1.013392e-008 -0.0466115
1.015058e-008 -0.119032
1.016725e-008 -0.0471294
1.018392e-008 0.022011
1.020058e-008 -0.00880439
1.021725e-008 -0.0229605
1.023392e-008 0.0182993
1.025058e-008 0.0259816
1.026725e-008 0.0142424
1.028392e-008 0.0361671
1.030058e-008 0.0369439
1.031725e-008 -0.00854544
1.033392e-008 -0.0296069
1.035058e-008 -0.0093223
1.036725e-008 0.00716436
1.038392e-008 0.00906335
1.040058e-008 -0.00379797
1.041725e-008 -0.0291753
1.043392e-008 -0.0338365
1.045058e-008 -0.0200257
1.046725e-008 -0.0287438
1.048392e-008 -0.0417777
1.050058e-008 -0.0280532
1.051725e-008 -0.0195078
1.053392e-008 -0.0116529
1.055058e-008 0.0371166
1.056725e-008 0.0671551
1.058392e-008 0.0206299
1.060058e-008 -0.00258953
1.061725e-008 0.0627529
1.063392e-008 0.1022
1.065058e-008 0.05274
1.066725e-008 0.00500642
1.068392e-008 -0.00328007
1.070058e-008 -0.0181267
1.071725e-008 -0.0304701
1.073392e-008 -0.018472
1.075058e-008 -0.00958125
1.076725e-008 -0.00241689
1.078392e-008 0.0218383
1.080058e-008 0.032887
1.081725e-008 0.0179541
1.083392e-008 0.0131203
1.085058e-008 0.0187309
1.086725e-008 0.0119981
1.088392e-008 0.0049201
1.090058e-008 -0.00224426
1.091725e-008 -0.0261542
1.093392e-008 -0.0367713
1.095058e-008 -0.00414324
1.096725e-008 0.0378071
1.098392e-008 0.0488557
1.100058e-008 0.0254637
1.101725e-008 -0.0162277
1.103392e-008 -0.0358218
1.105058e-008 -0.0119981
1.106725e-008 0.00673277
1.108392e-008 -0.0121708
1.110058e-008 -0.0283985
1.111725e-008 -0.020112
1.113392e-008 -0.00189899
1.115058e-008 0.0238237
1.116725e-008 0.0168319
1.118392e-008 -0.0483378
1.120058e-008 -0.058178
1.121725e-008 0.0482515
1.123392e-008 0.100387
1.125058e-008 0.0132066
1.126725e-008 -0.0331459
1.128392e-008 0.0189899
1.130058e-008 0.00716436
1.131725e-008 -0.0542938
1.133392e-008 -0.0227015
1.135058e-008 0.0232194
1.136725e-008 -0.0208025
1.138392e-008 -0.0370302
1.140058e-008 0.0203709
1.141725e-008 0.0211478
1.143392e-008 -0.0240826
1.145058e-008 -0.00543801
1.146725e-008 0.0277943
1.148392e-008 0.016573
1.150058e-008 0.0232194
1.151725e-008 0.0302112
1.153392e-008 -0.032628
1.155058e-008 -0.0829512
1.156725e-008 -0.0351313
1.158392e-008 0.0281395
1.160058e-008 0.02719
1.161725e-008 -0.0167456
1.163392e-008 -0.0690541
1.165058e-008 -0.0721615
1.166725e-008 0.00207162
1.168392e-008 0.0423819
1.170058e-008 -0.0191625
1.171725e-008 -0.0537758
1.173392e-008 -0.00207162
1.175058e-008 0.00949493
1.176725e-008 -0.0371166
1.178392e-008 -0.0261542
1.180058e-008 0.0209752
1.181725e-008 0.00509274
1.183392e-008 -0.0493737
1.185058e-008 -0.0860586
1.186725e-008 -0.0988336
1.188392e-008 -0.069572
1.190058e-008 -0.0227015
1.191725e-008 -0.0264995
1.193392e-008 -0.0389292
1.195058e-008 0.0145877
1.196725e-008 0.0585233
1.198392e-008 0.0277943
1.200058e-008 0.0103581
1.201725e-008 0.0323691
1.203392e-008 0.00578328
1.205058e-008 -0.0450578
1.206725e-008 -0.0296932
1.208392e-008 0.0148466
1.210058e-008 0.034786
1.211725e-008 0.0604223
1.213392e-008 0.0713846
1.215058e-008 0.0249458
1.216725e-008 -0.00535169
1.218392e-008 0.0317649
1.220058e-008 0.0419503
1.221725e-008 -0.0214931
1.223392e-008 -0.0654287
1.225058e-008 -0.0429862
1.226725e-008 -0.0124297
1.228392e-008 -0.00914966
1.230058e-008 -0.0174361
1.231725e-008 -0.0214068
1.233392e-008 -0.0153645
1.235058e-008 -0.0113076
1.236725e-008 -0.0186446
1.238392e-008 -0.012516
1.240058e-008 0.0143287
1.241725e-008 0.0206299
1.243392e-008 0.000258953
1.245058e-008 -0.00595591
1.246725e-008 0.00129476
1.248392e-008 -0.0014674
1.250058e-008 -0.00328007
1.251725e-008 -0.0126024
1.253392e-008 -0.0538622
1.255058e-008 -0.0806206
1.256725e-008 -0.0447125
1.258392e-008 -0.00388429
1.260058e-008 -0.00535169
1.261725e-008 0.00768226
1.263392e-008 0.0574012
1.265058e-008 0.0751826
1.266725e-008 0.0466978
1.268392e-008 0.0304701
1.270058e-008 0.0307291
1.271725e-008 0.00750963
1.273392e-008 -0.0314196
1.275058e-008 -0.0528264
1.276725e-008 -0.0523084
1.278392e-008 -0.0428135
1.280058e-008 -0.0334912
1.281725e-008 -0.0212341
1.283392e-008 0.00474747
1.285058e-008 0.027449
1.286725e-008 0.0140698
1.288392e-008 -0.0126024
1.290058e-008 0.00129476
1.291725e-008 0.0340954
1.293392e-008 0.0123434
1.295058e-008 -0.0559338
1.296725e-008 -0.0754416
1.298392e-008 -0.010876
1.300058e-008 0.0429862
1.301725e-008 -0.00164003
1.303392e-008 -0.0745784
1.305058e-008 -0.0548117
1.306725e-008 0.0110486
1.308392e-008 -0.00802753
1.310058e-008 -0.0717299
1.311725e-008 -0.0483378
1.313392e-008 0.027449
1.315058e-008 0.0410008
1.316725e-008 0.0129476
1.318392e-008 0.00509274
1.320058e-008 0.00474747
1.321725e-008 0.0232194
1.323392e-008 0.0699172
1.325058e-008 0.0551569
1.326725e-008 -0.0331459
1.328392e-008 -0.0481652
1.330058e-008 0.0240826
1.331725e-008 0.0240826
1.333392e-008 -0.0384976
1.335058e-008 -0.0187309
1.336725e-008 0.0324554
1.338392e-008 -0.00155372
1.340058e-008 -0.0327144
1.341725e-008 0.0225289
1.343392e-008 0.0585233
1.345058e-008 0.0132066
1.346725e-008 -0.0411735
1.348392e-008 -0.0673277
1.350058e-008 -0.0574875
1.351725e-008 -0.00267584
1.353392e-008 0.00802753
1.355058e-008 -0.0731973
1.356725e-008 -0.087785
1.358392e-008 0.0301248
1.360058e-008 0.0700036
1.361725e-008 -0.0424682
1.363392e-008 -0.0847639
1.365058e-008 0.00466115
1.366725e-008 0.029348
1.368392e-008 -0.0378071
1.370058e-008 -0.0441083
1.371725e-008 -0.00414324
1.373392e-008 -0.0233921
1.375058e-008 -0.0523084
1.376725e-008 -0.0238237
1.378392e-008 -0.00630118
1.380058e-008 -0.0416914
1.381725e-008 -0.0628392
1.383392e-008 -0.0378071
1.385058e-008 -0.0118255
1.386725e-008 -0.00500642
1.388392e-008 0.00336639
1.390058e-008 0.0190762
1.391725e-008 0.0333186
1.393392e-008 0.0458346
1.395058e-008 0.0445399
1.396725e-008 0.00889071
1.398392e-008 -0.0358218
1.400058e-008 -0.0270174
1.401725e-008 0.0315059
1.403392e-008 0.0592139
1.405058e-008 0.0277079
1.406725e-008 -0.00630118
1.408392e-008 -0.0063875
1.410058e-008 0.0160551
1.411725e-008 0.0394471
1.413392e-008 0.0253774
1.415058e-008 -0.02719
1.416725e-008 -0.0285711
1.418392e-008 0.0495463
1.420058e-008 0.0853681
1.421725e-008 0.0295206
1.423392e-008 -0.00181267
1.425058e-008 0.0251184
1.426725e-008 0.0218383
1.428392e-008 0.0058696
1.430058e-008 0.043763
1.431725e-008 0.0704351
1.433392e-008 0.0420367
1.435058e-008 0.0485968
1.436725e-008 0.0963304
1.438392e-008 0.0807932
1.440058e-008 0.0302975
1.441725e-008 0.0529127
1.443392e-008 0.103926
1.445058e-008 0.0805343
1.446725e-008 0.0167456
1.448392e-008 -0.00112213
1.450058e-008 0.0277079
1.451725e-008 0.0563654
1.453392e-008 0.0659466
1.455058e-008 0.0694856
1.456725e-008 0.0635297
1.458392e-008 0.0174361
1.460058e-008 -0.0386703
1.461725e-008 -0.0160551
1.463392e-008 0.0517042
1.465058e-008 0.0306427
1.466725e-008 -0.0499779
1.468392e-008 -0.0422956
1.470058e-008 0.0305564
1.471725e-008 0.0529127
1.473392e-008 0.0472157
1.475058e-008 0.0426409
1.476725e-008 -0.0247731
1.478392e-008 -0.110141
1.480058e-008 -0.0926188
1.481725e-008 -0.0230468
1.483392e-008 -0.00880439
1.485058e-008 -0.0123434
1.486725e-008 -0.00725068
1.488392e-008 -0.0464389
1.490058e-008 -0.0788943
1.491725e-008 -0.0341818
1.493392e-008 -0.00276216
1.495058e-008 -0.0397061
1.496725e-008 -0.041864
1.498392e-008 0.000517905
1.500058e-008 -0.0134655
1.501725e-008 -0.0434177
1.503392e-008 -0.00664645
1.505058e-008 0.0152782
1.506725e-008 -0.0336639
1.508392e-008 -0.0523948
1.510058e-008 -0.0131203
1.511725e-008 -0.00656014
1.513392e-008 -0.0331459
1.515058e-008 -0.0365123
1.516725e-008 -0.0422956
1.518392e-008 -0.0633571
1.520058e-008 -0.0472157
1.521725e-008 -0.00604223
1.523392e-008 -8.63176e-005
1.525058e-008 -0.0157098
1.526725e-008 -0.0151919
1.528392e-008 -0.013034
1.530058e-008 -0.0233057
1.531725e-008 -0.0388429
1.533392e-008 -0.0585233
1.535058e-008 -0.0658603
1.536725e-008 -0.0505821
1.538392e-008 -0.039965
1.540058e-008 -0.0232194
1.541725e-008 0.0441946
1.543392e-008 0.0974525
1.545058e-008 0.0305564
1.546725e-008 -0.080448
1.548392e-008 -0.0769953
1.550058e-008 0.0140698
1.551725e-008 0.0599044
1.553392e-008 0.0435041
1.555058e-008 0.0105307
1.556725e-008 -0.0252047
1.558392e-008 -0.0206299
1.560058e-008 0.0519632
1.561725e-008 0.104272
1.563392e-008 0.0645655
1.565058e-008 0.0110486
1.566725e-008 0.0186446
1.568392e-008 0.0348723
1.570058e-008 0.0139834
1.571725e-008 -0.0058696
1.573392e-008 -0.00500642
1.575058e-008 -0.00699172
1.576725e-008 -0.0114802
1.578392e-008 -0.00776858
1.580058e-008 -0.00500642
1.581725e-008 8.63176e-005
1.583392e-008 0.0133792
1.585058e-008 0.0107034
1.586725e-008 -0.0141561
1.588392e-008 -0.0227878
1.590058e-008 -0.00966757
1.591725e-008 -0.0149329
1.593392e-008 -0.0323691
1.595058e-008 -0.018472
1.596725e-008 0.00233057
1.598392e-008 -0.0195941
1.600058e-008 -0.0405693
1.601725e-008 -0.00371166
1.603392e-008 0.0278806
1.605058e-008 -0.0145014
1.606725e-008 -0.0594728
1.608392e-008 -0.0322828
1.610058e-008 0.0049201
1.611725e-008 -0.00975389
1.613392e-008 -0.0302112
1.615058e-008 -0.0199394
1.616725e-008 0.00138108
1.618392e-008 0.0342681
1.620058e-008 0.0605949
1.621725e-008 0.0227015
1.623392e-008 -0.0441083
1.625058e-008 -0.0349586
1.626725e-008 0.0272764
1.628392e-008 0.0422093
1.630058e-008 0.025291
1.631725e-008 0.0283985
1.633392e-008 0.0140698
1.635058e-008 -0.0231331
1.636725e-008 -0.0143287
1.638392e-008 0.0276216
1.640058e-008 0.0228742
1.641725e-008 -0.0264995
1.643392e-008 -0.0627529
1.645058e-008 -0.0578328
1.646725e-008 -0.0112213
1.648392e-008 0.030988
1.650058e-008 0.0138971
1.651725e-008 -0.0109623
1.653392e-008 0.0265858
1.655058e-008 0.0548117
1.656725e-008 0.00656014
1.658392e-008 -0.0309017
1.660058e-008 -0.00794122
1.661725e-008 -0.00267584
1.663392e-008 -0.0188172
1.665058e-008 0.00699172
1.666725e-008 0.0291753
1.668392e-008 -0.0019853
1.670058e-008 -0.0187309
1.671725e-008 0.00509274
1.673392e-008 0.011135
1.675058e-008 0.00768226
1.676725e-008 0.027449
1.678392e-008 0.0302975
1.680058e-008 0.0104444
1.681725e-008 0.0132066
1.683392e-008 0.0101855
1.685058e-008 -0.0310743
1.686725e-008 -0.0510137
1.688392e-008 -0.0252047
1.690058e-008 -0.00897703
1.691725e-008 -0.0101855
1.693392e-008 -0.00474747
1.695058e-008 -0.00241689
1.696725e-008 0.0158824
1.698392e-008 0.0649971
1.700058e-008 0.069313
1.701725e-008 -0.00164003
1.703392e-008 -0.0506684
1.705058e-008 -0.0371166
1.706725e-008 -0.0224426
1.708392e-008 -0.012775
1.710058e-008 0.00750963
1.711725e-008 -0.00966757
1.713392e-008 -0.0564517
1.715058e-008 -0.0591275
1.716725e-008 -0.0370302
1.718392e-008 -0.0500642
1.720058e-008 -0.0651698
1.721725e-008 -0.0439356
1.723392e-008 -0.00845912
1.725058e-008 0.0318512
1.726725e-008 0.0557612
1.728392e-008 0.0189035
1.730058e-008 -0.029348
1.731725e-008 -0.0107034
1.733392e-008 0.0152782
1.735058e-008 -0.0242552
1.736725e-008 -0.0666372
1.738392e-008 -0.0670688
1.740058e-008 -0.0677593
1.741725e-008 -0.0479926
1.743392e-008 0.0259816
1.745058e-008 0.0712983
1.746725e-008 0.040224
1.748392e-008 0.0223563
1.750058e-008 0.0539485
1.751725e-008 0.0563654
1.753392e-008 0.0100992
1.755058e-008 -0.0223563
1.756725e-008 -0.0205436
1.758392e-008 -0.0118255
1.760058e-008 -0.00906335
1.761725e-008 -0.0029348
1.763392e-008 0.0116529
1.765058e-008 0.0166593
1.766725e-008 0.00405693
1.768392e-008 0.00828649
1.770058e-008 0.0336639
1.771725e-008 0.0215794
1.773392e-008 -0.0242552
1.775058e-008 -0.0261542
1.776725e-008 0.0119981
1.778392e-008 0.0264132
1.780058e-008 0.0200257
1.781725e-008 -0.000949493
1.783392e-008 -0.051359
1.785058e-008 -0.0601633
1.786725e-008 0.0124297
1.788392e-008 0.0404829
1.790058e-008 -0.023651
1.791725e-008 -0.038325
1.793392e-008 0.0123434
1.795058e-008 -0.00215794
1.796725e-008 -0.0390155
1.798392e-008 0.0044022
1.800058e-008 0.0341818
1.801725e-008 0
1.803392e-008 0.0319375
1.805058e-008 0.113249
1.806725e-008 0.0880439
1.808392e-008 0.0058696
1.810058e-008 -0.00310743
1.811725e-008 0.00164003
1.813392e-008 -0.0314196
1.815058e-008 -0.0220973
1.816725e-008 0.0117392
1.818392e-008 -0.0140698
1.820058e-008 -0.038066
1.821725e-008 0.0034527
1.823392e-008 0.0291753
1.825058e-008 -0.000258953
1.826725e-008 -0.0180404
1.828392e-008 -0.0103581
1.830058e-008 -0.00863176
1.831725e-008 -0.0115666
1.833392e-008 -0.0245142
1.835058e-008 -0.036426
1.836725e-008 0.00250321
1.838392e-008 0.0585233
1.840058e-008 0.0377208
1.841725e-008 -0.0285711
1.843392e-008 -0.0419503
1.845058e-008 -0.0199394
1.846725e-008 -0.0221836
1.848392e-008 -0.0370302
1.850058e-008 -0.0522221
1.851725e-008 -0.0653424
1.853392e-008 -0.0330596
1.855058e-008 0.0375481
1.856725e-008 0.0574012
1.858392e-008 0.0123434
1.860058e-008 -0.0107897
1.861725e-008 0.0139834
1.863392e-008 0.019853
1.865058e-008 -0.0250321
1.866725e-008 -0.0710394
1.868392e-008 -0.0675003
1.870058e-008 -0.0343544
1.871725e-008 -0.0151056
1.873392e-008 0.00889071
1.875058e-008 0.0570559
1.876725e-008 0.0633571
1.878392e-008 0.00241689
1.880058e-008 -0.0181267
1.881725e-008 0.0429862
1.883392e-008 0.0639613
1.885058e-008 -0.00699172
1.886725e-008 -0.0615444
1.888392e-008 -0.0334912
1.890058e-008 0.0250321
1.891725e-008 0.0466115
1.893392e-008 0.00431588
1.895058e-008 -0.0483378
1.896725e-008 -0.0212341
1.898392e-008 0.0410008
1.900058e-008 0.0170046
1.901725e-008 -0.0403103
1.903392e-008 -0.0136382
1.905058e-008 0.0241689
1.906725e-008 -0.00414324
1.908392e-008 0.0019853
1.910058e-008 0.0589549
1.911725e-008 0.0422956
1.913392e-008 -0.0083728
1.915058e-008 0.0271037
1.916725e-008 0.0604223
1.918392e-008 -0.00336639
1.920058e-008 -0.0514453
1.921725e-008 -0.0311606
1.923392e-008 -0.0407419
1.925058e-008 -0.061976
1.926725e-008 -0.00958125
1.928392e-008 0.0468704
1.930058e-008 0.0376345
1.931725e-008 0.0388429
1.933392e-008 0.0757005
1.935058e-008 0.067414
1.936725e-008 0.0114802
1.938392e-008 -0.0225289
1.940058e-008 -0.0156235
1.941725e-008 0.012775
1.943392e-008 0.0247731
1.945058e-008 -0.0170909
1.946725e-008 -0.063875
1.948392e-008 -0.0354765
1.950058e-008 0.0266721
1.951725e-008 0.0341818
1.953392e-008 0.00379797
1.955058e-008 -0.0170046
1.956725e-008 -0.0313333
1.958392e-008 -0.0245142
1.960058e-008 0.0138971
1.961725e-008 0.0243416
1.963392e-008 -0.0235647
1.965058e-008 -0.0620623
1.966725e-008 -0.0446262
1.968392e-008 -0.0119118
1.970058e-008 -0.00828649
1.971725e-008 -0.0243416
1.973392e-008 -0.0246005
1.975058e-008 -0.00362534
1.976725e-008 0.00258953
1.978392e-008 -0.00371166
1.980058e-008 0.0262405
1.981725e-008 0.0542074
1.983392e-008 -0.00336639
1.985058e-008 -0.0673277
1.986725e-008 -0.013034
1.988392e-008 0.0540348
1.990058e-008 -0.00906335
1.991725e-008 -0.0789806
1.993392e-008 -0.0164003
1.995058e-008 0.0553296
1.996725e-008 0.0257226
1.998392e-008 -0.00233057
2.000058e-008 0.022011
2.001725e-008 0.013034
2.003392e-008 -0.0170046
2.005058e-008 0.0113076
2.006725e-008 0.0491147
2.008392e-008 0.0264995
2.010058e-008 -0.00112213
2.011725e-008 0.0149329
2.013392e-008 0.0265858
2.015058e-008 0.00328007
2.016725e-008 -0.0258953
2.018392e-008 -0.0397924
2.020058e-008 -0.0315922
2.021725e-008 -0.00258953
2.023392e-008 0.0170046
2.025058e-008 0.0124297
2.026725e-008 0.0159688
2.028392e-008 0.0336639
2.030058e-008 0.0227015
2.031725e-008 -0.0148466
2.033392e-008 -0.0283985
2.035058e-008 -0.0231331
2.036725e-008 -0.0381524
2.038392e-008 -0.0431588
2.040058e-008 0.000517905
2.041725e-008 0.0327144
2.043392e-008 0.000863176
2.045058e-008 -0.0231331
2.046725e-008 0.0182993
2.048392e-008 0.0512726
2.050058e-008 0.0231331
2.051725e-008 -0.00975389
2.053392e-008 -0.0257226
2.055058e-008 -0.0596454
2.056725e-008 -0.0743194
2.058392e-008 -0.0273627
2.060058e-008 0.0121708
2.061725e-008 -0.00302112
2.063392e-008 -0.0100128
2.065058e-008 0.00776858
2.066725e-008 -0.00267584
2.068392e-008 -0.0145014
2.070058e-008 0.0224426
2.071725e-008 0.056538
2.073392e-008 0.0424682
2.075058e-008 0.0104444
2.076725e-008 -0.0384113
2.078392e-008 -0.0960715
2.080058e-008 -0.0778585
2.081725e-008 0.00716436
2.083392e-008 0.0147603
2.085058e-008 -0.0618897
2.086725e-008 -0.0668961
2.088392e-008 0.0151919
2.090058e-008 0.0476473
2.091725e-008 0.00483378
2.093392e-008 -0.02391
2.095058e-008 -0.00897703
2.096725e-008 0.00975389
2.098392e-008 0.000258953
2.100058e-008 -0.0261542
2.101725e-008 -0.0195078
2.103392e-008 0.0213204
2.105058e-008 0.0237373
2.106725e-008 -0.00958125
2.108392e-008 0.00690541
2.110058e-008 0.0459209
2.111725e-008 0.0140698
2.113392e-008 -0.0409145
2.115058e-008 -0.0365123
2.116725e-008 -0.0140698
2.118392e-008 0.00422956
2.120058e-008 0.0466115
2.121725e-008 0.0388429
2.123392e-008 -0.0470431
2.125058e-008 -0.054898
2.126725e-008 0.034786
2.128392e-008 0.018472
2.130058e-008 -0.0924461
2.131725e-008 -0.0720752
2.133392e-008 0.0411735
2.135058e-008 0.0425546
2.136725e-008 -0.0124297
2.138392e-008 0.0112213
2.140058e-008 0.0405693
2.141725e-008 0.023651
2.143392e-008 0.0304701
2.145058e-008 0.0295206
2.146725e-008 -0.023651
2.148392e-008 -0.0263269
2.150058e-008 0.0269311
2.151725e-008 -0.00578328
2.153392e-008 -0.0777721
2.155058e-008 -0.0329733
2.156725e-008 0.0377208
2.158392e-008 -0.00794122
2.160058e-008 -0.0538622
2.161725e-008 0.00181267
2.163392e-008 0.0315922
2.165058e-008 -0.0179541
2.166725e-008 -0.0195078
2.168392e-008 0.0417777
2.170058e-008 0.0498916
2.171725e-008 0.00267584
2.173392e-008 -0.0137245
2.175058e-008 0.00578328
2.176725e-008 0.0197667
2.178392e-008 0.0215794
2.180058e-008 0.00975389
2.181725e-008 -0.0174361
2.183392e-008 -0.0279669
2.185058e-008 0.00371166
2.186725e-008 0.0405693
2.188392e-008 0.0269311
2.190058e-008 -0.0258953
2.191725e-008 -0.0524811
2.193392e-008 -0.0300385
2.195058e-008 0.00207162
2.196725e-008 0.0225289
2.198392e-008 0.0434177
2.200058e-008 0.0523084
2.201725e-008 0.0304701
2.203392e-008 0.00250321
2.205058e-008 -0.00189899
2.206725e-008 0.00776858
2.208392e-008 0.00975389
2.210058e-008 -0.00526537
2.211725e-008 -0.0227878
2.213392e-008 -0.00630118
2.215058e-008 0.036426
2.216725e-008 0.0378934
2.218392e-008 -0.010876
2.220058e-008 -0.034527
2.221725e-008 -0.0120845
2.223392e-008 0.00595591
2.225058e-008 0.0110486
2.226725e-008 0.0160551
2.228392e-008 0.000604223
2.230058e-008 -0.0246868
2.231725e-008 -0.0268448
2.233392e-008 -0.0307291
2.235058e-008 -0.0484242
2.236725e-008 -0.0317649
2.238392e-008 -8.63176e-005
2.240058e-008 -0.0257226
2.241725e-008 -0.0668961
2.243392e-008 -0.0387566
2.245058e-008 0.0196804
2.246725e-008 0.0359944
2.248392e-008 0.0164003
2.250058e-008 -0.0151919
2.251725e-008 -0.0310743
2.253392e-008 -0.00034527
2.255058e-008 0.0262405
2.256725e-008 -0.0034527
2.258392e-008 -0.0147603
2.260058e-008 0.0192488
2.261725e-008 -0.0160551
2.263392e-008 -0.0965894
2.265058e-008 -0.0586096
2.266725e-008 0.0362534
2.268392e-008 0.00811385
2.270058e-008 -0.0561927
2.271725e-008 -0.00397061
2.273392e-008 0.0625802
2.275058e-008 0.044022
2.276725e-008 0.0227878
2.278392e-008 0.00388429
2.280058e-008 -0.0706941
2.281725e-008 -0.0973662
2.283392e-008 -0.0128613
2.285058e-008 0.0318512
2.286725e-008 -0.0199394
2.288392e-008 -0.0324554
2.290058e-008 0.0101855
2.291725e-008 0.0122571
2.293392e-008 0.00716436
2.295058e-008 0.038584
2.296725e-008 0.0216657
2.298392e-008 -0.0498052
2.300058e-008 -0.0556748
2.301725e-008 0.00742331
2.303392e-008 0.029089
2.305058e-008 -0.00120845
2.306725e-008 -0.0175225
2.308392e-008 -0.014415
2.310058e-008 -0.0137245
2.311725e-008 -0.0105307
2.313392e-008 -0.014415
2.315058e-008 -0.0423819
2.316725e-008 -0.0599907
2.318392e-008 -0.0164867
2.320058e-008 0.058437
2.321725e-008 0.0731973
2.323392e-008 0.0162277
2.325058e-008 -0.022011
2.326725e-008 -0.014674
2.328392e-008 -0.0410008
2.330058e-008 -0.102114
2.331725e-008 -0.0945177
2.333392e-008 -0.0159688
2.335058e-008 0.0227015
2.336725e-008 -8.63176e-005
2.338392e-008 -0.0149329
2.340058e-008 -0.00707804
2.341725e-008 0.00215794
2.343392e-008 0.0214931
2.345058e-008 0.0398787
2.346725e-008 0.0219247
2.348392e-008 -0.0237373
2.350058e-008 -0.0591275
2.351725e-008 -0.0656877
2.353392e-008 -0.0430725
2.355058e-008 -0.0214068
2.356725e-008 -0.0431588
2.358392e-008 -0.0796711
2.360058e-008 -0.0522221
2.361725e-008 0.0335775
2.363392e-008 0.082347
2.365058e-008 0.0439356
2.366725e-008 -0.02555
2.368392e-008 -0.0386703
2.370058e-008 0.0109623
2.371725e-008 0.0320238
2.373392e-008 -0.0215794
2.375058e-008 -0.0568833
2.376725e-008 -0.00207162
2.378392e-008 0.0593865
2.380058e-008 0.0459209
2.381725e-008 0.0126024
2.383392e-008 0.0192488
2.385058e-008 0.0373755
2.386725e-008 0.0450578
2.388392e-008 0.0542938
2.390058e-008 0.049201
2.391725e-008 0.0133792
2.393392e-008 -0.02719
2.395058e-008 -0.0429862
2.396725e-008 -0.029089
2.398392e-008 -0.00181267
2.400058e-008 0.00595591
2.401725e-008 -0.0138971
2.403392e-008 -0.0260679
2.405058e-008 -0.0150193
2.406725e-008 -0.00371166
2.408392e-008 0.000690541
2.410058e-008 0.00371166
2.411725e-008 0.00371166
2.413392e-008 0.0166593
2.415058e-008 0.0378934
2.416725e-008 0.0102718
2.418392e-008 -0.0596454
2.420058e-008 -0.0687951
2.421725e-008 -0.00612855
2.423392e-008 0.0083728
2.425058e-008 -0.056538
2.426725e-008 -0.0940862
2.428392e-008 -0.0488557
2.430058e-008 0.0221836
2.431725e-008 0.05274
2.433392e-008 0.0308154
2.435058e-008 -0.00034527
2.436725e-008 -0.00155372
2.438392e-008 0.000690541
2.440058e-008 -0.014674
2.441725e-008 -0.00716436
2.443392e-008 0.00552432
2.445058e-008 -0.0515316
2.446725e-008 -0.116615
2.448392e-008 -0.0691404
2.450058e-008 0.0129476
2.451725e-008 -0.00690541
2.453392e-008 -0.0575738
2.455058e-008 -0.0307291
2.456725e-008 0.0150193
2.458392e-008 0.0222699
2.460058e-008 0.0169182
2.461725e-008 -0.0187309
2.463392e-008 -0.0761321
2.465058e-008 -0.0485105
2.466725e-008 0.0547253
2.468392e-008 0.0775132
2.470058e-008 0.00500642
2.471725e-008 -0.0278806
2.473392e-008 0.00422956
2.475058e-008 0.0277943
2.476725e-008 0.0247731
2.478392e-008 0.00172635
2.480058e-008 -0.0362534
2.481725e-008 -0.045662
2.483392e-008 -0.0174361
2.485058e-008 -0.00328007
2.486725e-008 -0.00604223
2.488392e-008 0.00241689
2.490058e-008 -0.00414324
2.491725e-008 -0.0249458
2.493392e-008 -0.0107034
2.495058e-008 0.00431588
2.496725e-008 -0.0367713
2.498392e-008 -0.0563654
2.500058e-008 0.0140698
2.501725e-008 0.0697446
2.503392e-008 0.0195941
2.505058e-008 -0.0575738
2.506725e-008 -0.0777721
2.508392e-008 -0.0642203
2.510058e-008 -0.0461799
2.511725e-008 -0.0208025
2.513392e-008 -0.00526537
2.515058e-008 -0.0109623
2.516725e-008 -0.00914966
2.518392e-008 0.0191625
2.520058e-008 0.0434177
2.521725e-008 0.0313333
2.523392e-008 0.00690541
2.525058e-008 0.00949493
2.526725e-008 0.0105307
2.528392e-008 -0.0317649
2.530058e-008 -0.0656877
2.531725e-008 -0.0359944
2.533392e-008 -0.00397061
2.535058e-008 -0.0181267
2.536725e-008 -0.0131203
2.538392e-008 0.0269311
2.540058e-008 0.0271037
2.541725e-008 0.00647382
2.543392e-008 0.0391882
2.545058e-008 0.0753552
2.546725e-008 0.0524811
2.548392e-008 0.023651
2.550058e-008 0.00750963
2.551725e-008 -0.0397924
2.553392e-008 -0.0661193
2.555058e-008 -0.0233057
2.556725e-008 -0.0109623
2.558392e-008 -0.0679319
2.560058e-008 -0.0687088
2.561725e-008 0.00914966
2.563392e-008 0.0403103
2.565058e-008 0.0175225
2.566725e-008 0.030988
2.568392e-008 0.0614581
2.570058e-008 0.0510137
2.571725e-008 0.021752
2.573392e-008 -0.00992652
2.575058e-008 -0.0447125
2.576725e-008 -0.0354765
2.578392e-008 0.0181267
2.580058e-008 0.0283122
2.581725e-008 -0.0166593
2.583392e-008 -0.0264995
2.585058e-008 0.0191625
2.586725e-008 0.0552432
2.588392e-008 0.0573149
2.590058e-008 0.045403
2.591725e-008 0.0197667
2.593392e-008 -0.0226152
2.595058e-008 -0.0523948
2.596725e-008 -0.0283985
2.598392e-008 0.036685
2.600058e-008 0.0562791
2.601725e-008 -0.00517905
2.603392e-008 -0.0428998
2.605058e-008 0.0167456
2.606725e-008 0.0664645
2.608392e-008 0.0113939
2.610058e-008 -0.0567106
2.611725e-008 -0.0417777
2.613392e-008 0.00371166
2.615058e-008 0.0170046
2.616725e-008 0.0128613
2.618392e-008 0.0063875
2.620058e-008 0.00966757
2.621725e-008 0.0424682
2.623392e-008 0.0610265
2.625058e-008 0.0172635
2.626725e-008 -0.0186446
2.628392e-008 0.0187309
2.630058e-008 0.0357355
2.631725e-008 -0.0443672
2.633392e-008 -0.107293
2.635058e-008 -0.04946
2.636725e-008 0.0301248
2.638392e-008 0.0170909
2.640058e-008 -0.0228742
2.641725e-008 0.00845912
2.643392e-008 0.0604223
2.645058e-008 0.0442809
2.646725e-008 -0.00276216
2.648392e-008 -0.000431588
2.650058e-008 0.0247731
2.651725e-008 0.00405693
2.653392e-008 -0.0362534
2.655058e-008 -0.0244279
2.656725e-008 0.0315922
2.658392e-008 0.0677593
2.660058e-008 0.0553296
2.661725e-008 0.012775
2.663392e-008 -0.0229605
2.665058e-008 -0.0232194
2.666725e-008 -0.0029348
2.668392e-008 -0.00776858
2.670058e-008 -0.0499779
2.671725e-008 -0.092964
2.673392e-008 -0.0943451
2.675058e-008 -0.0444536
2.676725e-008 0.014674
2.678392e-008 0.0283122
2.680058e-008 0.0138971
2.681725e-008 0.029089
2.683392e-008 0.0549843
2.685058e-008 0.0406556
2.686725e-008 0.0182993
2.688392e-008 0.019853
2.690058e-008 -0.00656014
2.691725e-008 -0.058437
2.693392e-008 -0.0473883
2.695058e-008 0.00949493
2.696725e-008 0.0132929
2.698392e-008 -0.00966757
2.700058e-008 0.0181267
2.701725e-008 0.04946
2.703392e-008 0.0328007
2.705058e-008 0.0182993
2.706725e-008 0.0137245
2.708392e-008 -0.023651
2.710058e-008 -0.0452304
2.711725e-008 -0.00336639
2.713392e-008 0.0276216
2.715058e-008 0.0063875
2.716725e-008 0
2.718392e-008 0.0199394
2.720058e-008 0.0152782
2.721725e-008 -0.000690541
2.723392e-008 -0.00526537
2.725058e-008 -0.0141561
2.726725e-008 0.00362534
2.728392e-008 0.0628392
2.730058e-008 0.070953
2.731725e-008 -0.00034527
2.733392e-008 -0.034527
2.735058e-008 0.0029348
2.736725e-008 0.0168319
2.738392e-008 -0.00940862
2.740058e-008 -0.0244279
2.741725e-008 -0.0404829
2.743392e-008 -0.056538
2.745058e-008 -0.0296932
2.746725e-008 0.00604223
2.748392e-008 0.00138108
2.750058e-008 -0.00353902
2.751725e-008 0.00353902
2.753392e-008 -0.0159688
2.755058e-008 -0.0137245
2.756725e-008 0.0422956
2.758392e-008 0.0423819
2.760058e-008 -0.0356492
2.761725e-008 -0.0457483
2.763392e-008 0.0172635
2.765058e-008 0.00906335
2.766725e-008 -0.0391882
2.768392e-008 -0.00284848
2.770058e-008 0.0526537
2.771725e-008 0.0294343
2.773392e-008 -0.00155372
2.775058e-008 0.0128613
2.776725e-008 0.0138971
2.778392e-008 -0.00466115
2.780058e-008 -0.0098402
2.781725e-008 -0.025809
2.783392e-008 -0.0413461
2.785058e-008 -0.00664645
2.786725e-008 0.0333186
2.788392e-008 0.0248595
2.790058e-008 0.0269311
2.791725e-008 0.0561064
2.793392e-008 0.0233921
2.795058e-008 -0.0540348
2.796725e-008 -0.051359
2.798392e-008 0.0174361
2.800058e-008 0.0265858
2.801725e-008 -0.0201983
2.803392e-008 -0.0102718
2.805058e-008 0.0643929
2.806725e-008 0.0899429
2.808392e-008 0.0157098
2.810058e-008 -0.0634434
2.811725e-008 -0.0560201
2.813392e-008 -0.0166593
2.815058e-008 -0.0330596
2.816725e-008 -0.0679319
2.818392e-008 -0.0578328
2.820058e-008 -0.0324554
2.821725e-008 -0.00742331
2.823392e-008 0.0495463
2.825058e-008 0.0861449
2.826725e-008 0.0348723
2.828392e-008 -0.0237373
2.830058e-008 -0.00517905
2.831725e-008 0.0205436
2.833392e-008 0.00241689
2.835058e-008 0.000258953
2.836725e-008 0.00906335
2.838392e-008 -0.0227015
2.840058e-008 -0.031247
2.841725e-008 0.0333186
2.843392e-008 0.0718162
2.845058e-008 0.0352176
2.846725e-008 0.0196804
2.848392e-008 0.058696
2.850058e-008 0.076909
2.851725e-008 0.0454894
2.853392e-008 -0.0129476
2.855058e-008 -0.067414
2.856725e-008 -0.0517905
2.858392e-008 0.0319375
2.860058e-008 0.0549843
2.861725e-008 -0.0143287
2.863392e-008 -0.0349586
2.865058e-008 0.0260679
2.866725e-008 0.0444536
2.868392e-008 0.00707804
2.870058e-008 -0.00457483
2.871725e-008 -0.0189035
2.873392e-008 -0.0685362
2.875058e-008 -0.0698309
2.876725e-008 -0.0098402
2.878392e-008 0.00906335
2.880058e-008 -0.0107034
2.881725e-008 0.0107897
2.883392e-008 0.0371166
2.885058e-008 0.0107034
2.886725e-008 -0.00578328
2.888392e-008 0.0247731
2.890058e-008 0.0315922
2.891725e-008 -0.0029348
2.893392e-008 -0.0149329
2.895058e-008 -0.00302112
2.896725e-008 -0.0159688
2.898392e-008 -0.0436767
2.900058e-008 -0.0413461
2.901725e-008 -0.00448851
2.903392e-008 0.030988
2.905058e-008 0.0256363
2.906725e-008 -0.00656014
2.908392e-008 0.00172635
2.910058e-008 0.0539485
2.911725e-008 0.056797
2.913392e-008 -0.0101855
2.915058e-008 -0.0436767
2.916725e-008 -0.00673277
2.918392e-008 0.0264995
2.920058e-008 0.0434177
2.921725e-008 0.083728
2.923392e-008 0.083987
2.925058e-008 -0.0190762
2.926725e-008 -0.109019
2.928392e-008 -0.0624939
2.930058e-008 0.0247731
2.931725e-008 0.00914966
2.933392e-008 -0.0596454
2.935058e-008 -0.0624076
2.936725e-008 -0.011135
2.938392e-008 0.0206299
2.940058e-008 0.0188172
2.941725e-008 -0.00319375
2.943392e-008 -0.0311606
2.945058e-008 -0.0268448
2.946725e-008 0.0193351
2.948392e-008 0.0459209
2.950058e-008 0.0100128
2.951725e-008 -0.0429862
2.953392e-008 -0.0522221
2.955058e-008 -0.0224426
2.956725e-008 -0.000517905
2.958392e-008 -0.0078549
2.960058e-008 -0.0191625
2.961725e-008 -0.00914966
2.963392e-008 0.00250321
2.965058e-008 -0.00388429
2.966725e-008 -0.00112213
2.968392e-008 0.016573
2.970058e-008 -0.000258953
2.971725e-008 -0.0427272
2.973392e-008 -0.0260679
2.975058e-008 0.0409145
2.976725e-008 0.043763
2.978392e-008 -0.0234784
2.980058e-008 -0.0401377
2.981725e-008 0.0137245
2.983392e-008 0.030988
2.985058e-008 -0.0105307
2.986725e-008 -0.0213204
2.988392e-008 0.0145014
2.990058e-008 0.0173498
2.991725e-008 -0.0219247
2.993392e-008 -0.0243416
2.995058e-008 0.0164003
2.996725e-008 0.018472
2.998392e-008 -0.0208889
3.000058e-008 -0.0157098
3.001725e-008 0.0277943
3.003392e-008 0.0195941
3.005058e-008 -0.0176951
3.006725e-008 0.0104444
3.008392e-008 0.0608539
3.010058e-008 0.0346133
3.011725e-008 -0.0148466
3.013392e-008 -0.000690541
3.015058e-008 0.0128613
3.016725e-008 -0.0348723
3.018392e-008 -0.0599044
3.020058e-008 -0.0139834
3.021725e-008 0.016314
3.023392e-008 -0.00820017
3.025058e-008 -0.0173498
3.026725e-008 0.00811385
3.028392e-008 0.00397061
3.030058e-008 -0.0405693
3.031725e-008 -0.0502368
3.033392e-008 0.00914966
3.035058e-008 0.0508411
3.036725e-008 -0.0136382
3.038392e-008 -0.107465
3.040058e-008 -0.0857134
3.041725e-008 0.0116529
3.043392e-008 0.0302975
3.045058e-008 -0.0122571
3.046725e-008 0.00241689
3.048392e-008 0.0287438
3.050058e-008 -0.0228742
3.051725e-008 -0.0632708
3.053392e-008 -0.0150193
3.055058e-008 0.0119118
3.056725e-008 -0.0424682
3.058392e-008 -0.0670688
3.060058e-008 -0.0276216
3.061725e-008 -0.0201983
3.063392e-008 -0.0435904
3.065058e-008 -0.0132066
3.066725e-008 0.0417777
3.068392e-008 0.036426
3.070058e-008 -0.00725068
3.071725e-008 -0.0254637
3.073392e-008 -0.0268448
3.075058e-008 -0.0365123
3.076725e-008 -0.0303838
3.078392e-008 0.00871807
3.080058e-008 0.0377208
3.081725e-008 0.0150193
3.083392e-008 -0.0206299
3.085058e-008 -0.00164003
3.086725e-008 0.0497189
3.088392e-008 0.0517905
3.090058e-008 0.00656014
3.091725e-008 -0.0105307
3.093392e-008 0.00768226
3.095058e-008 -0.00034527
3.096725e-008 -0.0423819
3.098392e-008 -0.0602497
3.100058e-008 -0.025291
3.101725e-008 0.0214931
3.103392e-008 0.0237373
3.105058e-008 -0.0150193
3.106725e-008 -0.0403103
3.108392e-008 -0.0373755
3.110058e-008 -0.0333186
3.111725e-008 -0.0137245
3.113392e-008 0.0319375
3.115058e-008 0.0306427
3.116725e-008 -0.041864
3.118392e-008 -0.0678456
3.120058e-008 0.00500642
3.121725e-008 0.0615444
3.123392e-008 0.0413461
3.125058e-008 0.010876
3.126725e-008 -0.0100128
3.128392e-008 -0.0322828
3.130058e-008 -0.00578328
3.131725e-008 0.0481652
3.133392e-008 0.02555
3.135058e-008 -0.0365123
3.136725e-008 -0.0212341
3.138392e-008 0.0250321
3.140058e-008 0.0147603
3.141725e-008 0.0034527
3.143392e-008 0.0186446
3.145058e-008 -0.0044022
3.146725e-008 -0.029348
3.148392e-008 0.0044022
3.150058e-008 0.011135
3.151725e-008 -0.0405693
3.153392e-008 -0.0304701
3.155058e-008 0.0284848
3.156725e-008 0.00975389
3.158392e-008 -0.021752
3.160058e-008 0.0371166
3.161725e-008 0.0635297
3.163392e-008 -0.0114802
3.165058e-008 -0.0252047
3.166725e-008 0.0490284
3.168392e-008 0.0310743
3.170058e-008 -0.0661193
3.171725e-008 -0.0607676
3.173392e-008 0.0251184
3.175058e-008 0.0422956
3.176725e-008 -0.00336639
3.178392e-008 -0.0340091
3.180058e-008 -0.0476473
3.181725e-008 -0.0464389
3.183392e-008 -0.018213
3.185058e-008 0.00517905
3.186725e-008 0.0019853
3.188392e-008 -0.000258953
3.190058e-008 0.0155372
3.191725e-008 0.0386703
3.193392e-008 0.0466978
3.195058e-008 0.0133792
3.196725e-008 -0.0343544
3.198392e-008 -0.029348
3.200058e-008 0.0114802
3.201725e-008 0.0129476
3.203392e-008 -0.00940862
3.205058e-008 0.000604223
3.206725e-008 0.0155372
3.208392e-008 0.0093223
3.210058e-008 0.0181267
3.211725e-008 0.0264995
3.213392e-008 -0.0107897
3.215058e-008 -0.0390155
3.216725e-008 0.00189899
3.218392e-008 0.0433314
3.220058e-008 0.0167456
3.221725e-008 -0.0273627
3.223392e-008 -0.0310743
3.225058e-008 -0.0164867
3.226725e-008 -0.0258953
3.228392e-008 -0.0658603
3.230058e-008 -0.0977978
3.231725e-008 -0.0725068
3.233392e-008 -0.00975389
3.235058e-008 0.0205436
3.236725e-008 0.0100992
3.238392e-008 0.000517905
3.240058e-008 0.000517905
3.241725e-008 0.0132066
3.243392e-008 0.0443672
3.245058e-008 0.0410872
3.246725e-008 -0.02391
3.248392e-008 -0.060336
3.250058e-008 -0.0195941
3.251725e-008 0.00397061
3.253392e-008 -0.0264132
3.255058e-008 -0.0173498
3.256725e-008 0.0424682
3.258392e-008 0.0635297
3.260058e-008 0.0484242
3.261725e-008 0.0525674
3.263392e-008 0.0381524
3.265058e-008 -0.0266721
3.266725e-008 -0.0599044
3.268392e-008 -0.00768226
3.270058e-008 0.0474747
3.271725e-008 0.0126887
3.273392e-008 -0.0783764
3.275058e-008 -0.111091
3.276725e-008 -0.0422093
3.278392e-008 0.0395334
3.280058e-008 0.0428135
3.281725e-008 0.00742331
3.283392e-008 0.0157098
3.285058e-008 0.05274
3.286725e-008 0.0646519
3.288392e-008 0.0559338
3.290058e-008 0.0404829
3.291725e-008 0.00397061
3.293392e-008 -0.0360807
3.295058e-008 -0.0386703
3.296725e-008 -0.0171772
3.298392e-008 -0.0215794
3.300058e-008 -0.0502368
3.301725e-008 -0.0493737
3.303392e-008 -0.00535169
3.305058e-008 0.0239963
3.306725e-008 0.00328007
3.308392e-008 -0.0181267
3.310058e-008 0.00595591
3.311725e-008 0.0482515
3.313392e-008 0.0725931
3.315058e-008 0.065774
3.316725e-008 0.0098402
3.318392e-008 -0.058178
3.320058e-008 -0.0472157
3.321725e-008 0.0168319
3.323392e-008 0.00794122
3.325058e-008 -0.0575738
3.326725e-008 -0.0575738
3.328392e-008 -0.00975389
3.330058e-008 -0.00224426
3.331725e-008 -0.0178677
3.333392e-008 -0.0368576
3.335058e-008 -0.07501
3.336725e-008 -0.0515316
3.338392e-008 0.0715573
3.340058e-008 0.13198
3.341725e-008 0.0555885
3.343392e-008 0.0129476
3.345058e-008 0.0634434
3.346725e-008 0.0637887
3.348392e-008 0.0126887
3.350058e-008 0.0226152
3.351725e-008 0.0340954
3.353392e-008 -0.0313333
3.355058e-008 -0.0692267
3.356725e-008 -0.0271037
3.358392e-008 -0.00966757
3.360058e-008 -0.0325417
3.361725e-008 -0.0132929
3.363392e-008 0.0244279
3.365058e-008 0.0171772
3.366725e-008 -0.00371166
3.368392e-008 -0.0083728
3.370058e-008 -0.0233057
3.371725e-008 -0.0409145
3.373392e-008 -0.02719
3.375058e-008 0.00448851
3.376725e-008 0.0172635
3.378392e-008 0.000517905
3.380058e-008 -0.0235647
3.381725e-008 -0.0191625
3.383392e-008 0.013034
3.385058e-008 0.0286574
3.386725e-008 0.0078549
3.388392e-008 -0.0224426
3.390058e-008 -0.0300385
3.391725e-008 0.00215794
3.393392e-008 0.0441083
3.395058e-008 0.0239963
3.396725e-008 -0.0466115
3.398392e-008 -0.0583507
3.400058e-008 0.00189899
3.401725e-008 0.0310743
3.403392e-008 0.0121708
3.405058e-008 0.011135
3.406725e-008 0.0227878
3.408392e-008 0.0243416
3.410058e-008 0.0403966
3.411725e-008 0.0443672
3.413392e-008 -0.00509274
3.415058e-008 -0.0432451
3.416725e-008 -0.0131203
3.418392e-008 0.0271037
3.420058e-008 0.0387566
3.421725e-008 0.0458346
3.423392e-008 0.0378934
3.425058e-008 0.0221836
3.426725e-008 0.0476473
3.428392e-008 0.0649108
3.430058e-008 -0.00500642
3.431725e-008 -0.0715573
3.433392e-008 -0.0260679
3.435058e-008 0.0419503
3.436725e-008 0.0271037
3.438392e-008 -0.0128613
3.440058e-008 -0.0173498
3.441725e-008 -0.0158824
3.443392e-008 -0.0134655
3.445058e-008 0.0140698
3.446725e-008 0.0452304
3.448392e-008 0.0493737
3.450058e-008 0.025809
3.451725e-008 -0.00431588
3.453392e-008 -0.00112213
3.455058e-008 0.0353039
3.456725e-008 0.0361671
3.458392e-008 -0.0119118
3.460058e-008 -0.0260679
3.461725e-008 0.0121708
3.463392e-008 0.02391
3.465058e-008 -0.0138971
3.466725e-008 -0.0466115
3.468392e-008 -0.0416914
3.470058e-008 -0.00578328
3.471725e-008 0.0263269
3.473392e-008 0.0103581
3.475058e-008 -0.0259816
3.476725e-008 -0.0103581
3.478392e-008 0.0330596
3.480058e-008 0.0244279
3.481725e-008 -0.0156235
3.483392e-008 -0.0194215
3.485058e-008 0.000863176
3.486725e-008 0.00914966
3.488392e-008 0.0113076
3.490058e-008 0.0110486
3.491725e-008 0.00794122
3.493392e-008 0.0188172
3.495058e-008 0.0330596
3.496725e-008 0.0242552
3.498392e-008 0.00716436
3.500058e-008 -0.00224426
3.501725e-008 -0.0230468
3.503392e-008 -0.0417777
3.505058e-008 -0.0199394
3.506725e-008 0.00725068
3.508392e-008 -0.0248595
3.510058e-008 -0.0827786
3.511725e-008 -0.0786353
3.513392e-008 -0.0156235
3.515058e-008 0.0170909
3.516725e-008 -0.0170909
3.518392e-008 -0.0511863
3.520058e-008 -0.0287438
3.521725e-008 0.00794122
3.523392e-008 0.00388429
3.525058e-008 -0.0132066
3.526725e-008 -0.00543801
3.528392e-008 0.00189899
3.530058e-008 -0.00966757
3.531725e-008 -0.0117392
3.533392e-008 0.00129476
3.535058e-008 0.00310743
3.536725e-008 -0.00543801
3.538392e-008 -0.00612855
3.540058e-008 -0.00120845
3.541725e-008 -0.00112213
3.543392e-008 -0.00949493
3.545058e-008 -0.018213
3.546725e-008 -0.00336639
3.548392e-008 0.0397924
3.550058e-008 0.0720752
3.551725e-008 0.0623213
3.553392e-008 0.0187309
3.555058e-008 -0.0362534
3.556725e-008 -0.0630118
3.558392e-008 -0.02719
3.560058e-008 0.019853
3.561725e-008 -0.0100128
3.563392e-008 -0.0809659
3.565058e-008 -0.07501
3.566725e-008 0.00276216
3.568392e-008 0.0350449
3.570058e-008 -0.00716436
3.571725e-008 -0.0319375
3.573392e-008 0.014674
3.575058e-008 0.0737152
3.576725e-008 0.0678456
3.578392e-008 0.00535169
3.580058e-008 -0.0467841
3.581725e-008 -0.0599044
3.583392e-008 -0.0580917
3.585058e-008 -0.0534306
3.586725e-008 -0.0333186
3.588392e-008 -0.0019853
3.590058e-008 0.0107897
3.591725e-008 -0.0173498
3.593392e-008 -0.0610265
3.595058e-008 -0.060077
3.596725e-008 -0.0139834
3.598392e-008 0.00120845
3.600058e-008 -0.0257226
3.601725e-008 -0.0151919
3.603392e-008 0.0281395
3.605058e-008 0.0160551
3.606725e-008 -0.0272764
3.608392e-008 -0.0140698
3.610058e-008 0.0122571
3.611725e-008 -0.0181267
3.613392e-008 -0.0376345
3.615058e-008 -0.000172635
3.616725e-008 0.0044022
3.618392e-008 -0.0531716
3.620058e-008 -0.0757868
3.621725e-008 -0.0382387
3.623392e-008 -0.0119118
3.625058e-008 -0.00379797
3.626725e-008 0.0220973
3.628392e-008 0.0311606
3.630058e-008 -0.0106171
3.631725e-008 -0.0472157
3.633392e-008 -0.0349586
3.635058e-008 -0.0290027
3.636725e-008 -0.0637887
3.638392e-008 -0.0675003
3.640058e-008 -0.00742331
3.641725e-008 0.0204573
3.643392e-008 -0.023651
3.645058e-008 -0.0355628
3.646725e-008 0.0104444
3.648392e-008 0.000431588
3.650058e-008 -0.0642203
3.651725e-008 -0.0574012
3.653392e-008 0.000776858
3.655058e-008 -0.00310743
3.656725e-008 -0.0257226
3.658392e-008 0.0172635
3.660058e-008 0.0599907
3.661725e-008 0.0447125
3.663392e-008 0.0239963
3.665058e-008 0.00258953
3.666725e-008 -0.0470431
3.668392e-008 -0.0554159
3.670058e-008 0.00526537
3.671725e-008 0.0259816
3.673392e-008 -0.0284848
3.675058e-008 -0.056797
3.676725e-008 -0.0299522
3.678392e-008 -0.0114802
3.680058e-008 -0.0101855
3.681725e-008 -0.0117392
3.683392e-008 -0.0322828
3.685058e-008 -0.0423819
3.686725e-008 -0.00422956
3.688392e-008 0.0246868
3.690058e-008 -0.00457483
3.691725e-008 -0.0242552
3.693392e-008 0.0117392
3.695058e-008 0.0411735
3.696725e-008 0.0387566
3.698392e-008 0.0518769
3.700058e-008 0.0545527
3.701725e-008 -0.0113939
3.703392e-008 -0.0679319
3.705058e-008 -0.0171772
3.706725e-008 0.0467841
3.708392e-008 0.00500642
3.710058e-008 -0.0500642
3.711725e-008 -0.0136382
3.713392e-008 0.0154508
3.715058e-008 -0.0301248
3.716725e-008 -0.0379797
3.718392e-008 0.0132929
3.720058e-008 0.00500642
3.721725e-008 -0.0354765
3.723392e-008 -0.00319375
3.725058e-008 0.0238237
3.726725e-008 -0.0265858
3.728392e-008 -0.0296069
3.730058e-008 0.0496326
3.731725e-008 0.064134
3.733392e-008 0.0145014
3.735058e-008 0.0231331
3.736725e-008 0.0367713
3.738392e-008 -0.0239963
3.740058e-008 -0.0500642
3.741725e-008 0.00353902
3.743392e-008 0.00699172
3.745058e-008 -0.0491147
3.746725e-008 -0.044022
3.748392e-008 0.00328007
3.750058e-008 0.00241689
3.751725e-008 -0.0187309
3.753392e-008 -0.020112
3.755058e-008 -0.0246868
3.756725e-008 -0.0139834
3.758392e-008 0.0276216
3.760058e-008 0.0331459
3.761725e-008 -0.0133792
3.763392e-008 -0.0283122
3.765058e-008 0.00164003
3.766725e-008 0.00388429
3.768392e-008 -0.0227878
3.770058e-008 -0.0192488
3.771725e-008 0.0116529
3.773392e-008 0.0287438
3.775058e-008 0.0256363
3.776725e-008 0.0105307
3.778392e-008 -0.0132929
3.780058e-008 -0.0219247
3.781725e-008 0.00561064
3.783392e-008 0.0372029
3.785058e-008 0.027449
3.786725e-008 -0.00336639
3.788392e-008 -0.00181267
3.790058e-008 0.0287438
3.791725e-008 0.0516179
3.793392e-008 0.0617171
3.795058e-008 0.0553296
3.796725e-008 0.0147603
3.798392e-008 -0.0272764
3.800058e-008 -0.0223563
3.801725e-008 -0.00181267
3.803392e-008 -0.0152782
3.805058e-008 -0.036426
3.806725e-008 -0.0309017
3.808392e-008 -0.00379797
3.810058e-008 0.0404829
3.811725e-008 0.0630118
3.813392e-008 0.00750963
3.815058e-008 -0.0594728
3.816725e-008 -0.0271037
3.818392e-008 0.0389292
3.820058e-008 0.0275353
3.821725e-008 0.0100128
3.823392e-008 0.0552432
3.825058e-008 0.0639613
3.826725e-008 0.00621487
3.828392e-008 -0.00414324
3.830058e-008 0.0301248
3.831725e-008 0.00612855
3.833392e-008 -0.0392745
3.835058e-008 -0.0188172
3.836725e-008 0.0168319
3.838392e-008 0.00405693
3.840058e-008 -0.0113939
3.841725e-008 0.00664645
3.843392e-008 0.018472
3.845058e-008 0.00422956
3.846725e-008 0.0049201
3.848392e-008 0.0390155
3.850058e-008 0.0446262
3.851725e-008 -0.0227878
3.853392e-008 -0.0751826
3.855058e-008 -0.029089
3.856725e-008 0.0150193
3.858392e-008 -0.0376345
3.860058e-008 -0.0713846
3.861725e-008 -0.00388429
3.863392e-008 0.0371166
3.865058e-008 -0.00664645
3.866725e-008 -0.0205436
3.868392e-008 0.0119118
3.870058e-008 0.00561064
3.871725e-008 -0.0176951
3.873392e-008 -0.0181267
3.875058e-008 -0.0390155
3.876725e-008 -0.0660329
3.878392e-008 -0.0428135
3.880058e-008 -0.00863176
3.881725e-008 -0.00164003
3.883392e-008 0.0129476
3.885058e-008 0.0246005
3.886725e-008 0.014415
3.888392e-008 0.0289164
3.890058e-008 0.0439356
3.891725e-008 -0.00716436
3.893392e-008 -0.047302
3.895058e-008 -0.0118255
3.896725e-008 -0.00802753
3.898392e-008 -0.0534306
3.900058e-008 -0.0246005
3.901725e-008 0.0224426
3.903392e-008 -0.0315059
3.905058e-008 -0.0523084
3.906725e-008 0.0606813
3.908392e-008 0.110832
3.910058e-008 0.00725068
3.911725e-008 -0.0536895
3.913392e-008 -0.0034527
3.915058e-008 0.0115666
3.916725e-008 -0.0395334
3.918392e-008 -0.0646519
3.920058e-008 -0.036426
3.921725e-008 0.0288301
3.923392e-008 0.0914966
3.925058e-008 0.0816564
3.926725e-008 0.0223563
3.928392e-008 0.00604223
3.930058e-008 0.0119118
3.931725e-008 -0.0215794
3.933392e-008 -0.0359081
3.935058e-008 0.0141561
3.936725e-008 0.0450578
3.938392e-008 0.00621487
3.940058e-008 -0.0357355
3.941725e-008 -0.0227878
3.943392e-008 0.0193351
3.945058e-008 0.0273627
3.946725e-008 -0.0133792
3.948392e-008 -0.0351313
3.950058e-008 -0.00276216
3.951725e-008 0.00725068
3.953392e-008 -0.0375481
3.955058e-008 -0.0523948
3.956725e-008 -0.014415
3.958392e-008 0.00811385
3.960058e-008 0.00906335
3.961725e-008 0.00811385
3.963392e-008 -0.0201983
3.965058e-008 -0.0392745
3.966725e-008 0.00681909
3.968392e-008 0.0420367
3.970058e-008 0.00923598
3.971725e-008 0.00276216
3.973392e-008 0.0432451
3.975058e-008 0.0283985
3.976725e-008 -0.0172635
3.978392e-008 -0.00681909
3.980058e-008 -0.00319375
3.981725e-008 -0.0446262
3.983392e-008 -0.0292617
3.985058e-008 0.0287438
3.986725e-008 0.00949493
3.988392e-008 -0.0310743
3.990058e-008 0.0136382
3.991725e-008 0.0566243
3.993392e-008 0.0230468
3.995058e-008 0.0063875
3.996725e-008 0.0346997
3.998392e-008 0.0281395
4.000058e-008 0.00871807
