LECROYSDA18000 15238 Waveform
Segments 1 SegmentSize 3002
Segment TrigTime TimeSinceSegment1
#1 02-Nov-2018 13:36:21 0                 
Time Ampl
-1.00077e-008 0.0369439
-9.991037e-009 0.0340954
-9.974371e-009 0.0363397
-9.957704e-009 -0.0214931
-9.941037e-009 -0.0578328
-9.924371e-009 -0.00768226
-9.907704e-009 0.0171772
-9.891037e-009 -0.0289164
-9.874371e-009 -0.0422093
-9.857704e-009 -0.00690541
-9.841037e-009 0.0140698
-9.824371e-009 0.0273627
-9.807704e-009 0.0219247
-9.791037e-009 -0.032628
-9.774371e-009 -0.0484242
-9.757704e-009 0.0195941
-9.741037e-009 0.0271037
-9.724371e-009 -0.0664645
-9.707704e-009 -0.082088
-9.691037e-009 0.0102718
-9.674371e-009 0.0287438
-9.657704e-009 -0.0504095
-9.641037e-009 -0.0795848
-9.624371e-009 -0.0376345
-9.607704e-009 -0.00552432
-9.591037e-009 0.00673277
-9.574371e-009 0.00906335
-9.557704e-009 -0.0138108
-9.541037e-009 -0.0354765
-9.524371e-009 -0.0250321
-9.507704e-009 -0.00483378
-9.491037e-009 0.00776858
-9.474371e-009 0.0151056
-9.457704e-009 -0.00422956
-9.441037e-009 -0.047561
-9.424371e-009 -0.0511
-9.407704e-009 0.012516
-9.391037e-009 0.0660329
-9.374371e-009 0.0292617
-9.357704e-009 -0.0509274
-9.341037e-009 -0.0538622
-9.324371e-009 0.0176951
-9.307704e-009 0.0281395
-9.291037e-009 -0.0461799
-9.274371e-009 -0.0672414
-9.257704e-009 8.63176e-005
-9.241037e-009 0.0374618
-9.224371e-009 0.0112213
-9.207704e-009 -0.0141561
-9.191037e-009 -0.0332323
-9.174371e-009 -0.0417777
-9.157704e-009 -0.0014674
-9.141037e-009 0.0275353
-9.124371e-009 -0.0168319
-9.107704e-009 -0.032887
-9.091037e-009 0.0277079
-9.074371e-009 0.0268448
-9.057704e-009 -0.0446262
-9.041037e-009 -0.0216657
-9.024371e-009 0.0668098
-9.007704e-009 0.0528264
-8.991037e-009 -0.0185583
-8.974371e-009 -0.0229605
-8.957704e-009 -0.0118255
-8.941037e-009 -0.0378071
-8.924371e-009 -0.0439356
-8.907704e-009 -0.0279669
-8.891037e-009 -0.0145877
-8.874371e-009 0.0221836
-8.857704e-009 0.0302975
-8.841037e-009 -0.0452304
-8.824371e-009 -0.0737152
-8.807704e-009 0.019853
-8.791037e-009 0.0593865
-8.774371e-009 -0.0194215
-8.757704e-009 -0.0285711
-8.741037e-009 0.058696
-8.724371e-009 0.0604223
-8.707704e-009 -0.0228742
-8.691037e-009 -0.0468704
-8.674371e-009 -0.0175225
-8.657704e-009 -0.000517905
-8.641037e-009 0.0221836
-8.624371e-009 0.0403966
-8.607704e-009 0.014415
-8.591037e-009 -0.0227015
-8.574371e-009 -0.0291753
-8.557704e-009 -0.00595591
-8.541037e-009 0.0428135
-8.524371e-009 0.0677593
-8.507704e-009 0.0126024
-8.491037e-009 -0.0454894
-8.474371e-009 -0.00906335
-8.457704e-009 0.0568833
-8.441037e-009 0.0663782
-8.424371e-009 0.0388429
-8.407704e-009 -0.018472
-8.391037e-009 -0.0819154
-8.374371e-009 -0.0442809
-8.357704e-009 0.0633571
-8.341037e-009 0.0618034
-8.324371e-009 -0.019853
-8.307704e-009 -0.00794122
-8.291037e-009 0.0367713
-8.274371e-009 -0.00940862
-8.257704e-009 -0.0331459
-8.241037e-009 0.0305564
-8.224371e-009 0.0372892
-8.207704e-009 -0.00923598
-8.191037e-009 0.032887
-8.174371e-009 0.0820017
-8.157704e-009 0.00664645
-8.141037e-009 -0.0678456
-8.124371e-009 -0.0378071
-8.107704e-009 -0.0233057
-8.091037e-009 -0.0645655
-8.074371e-009 -0.0557612
-8.057704e-009 -0.00733699
-8.041037e-009 0.00768226
-8.024371e-009 0.0246005
-8.007704e-009 0.0564517
-7.991037e-009 0.0407419
-7.974371e-009 -0.00258953
-7.957704e-009 -0.012775
-7.941037e-009 -0.0132929
-7.924371e-009 -0.0208025
-7.907704e-009 -0.00379797
-7.891037e-009 0.00569696
-7.874371e-009 -0.0305564
-7.857704e-009 -0.0476473
-7.841037e-009 -0.00267584
-7.824371e-009 0.0313333
-7.807704e-009 0.0078549
-7.791037e-009 -0.022011
-7.774371e-009 -0.016573
-7.757704e-009 0.00923598
-7.741037e-009 0.0194215
-7.724371e-009 -0.0132929
-7.707704e-009 -0.0628392
-7.691037e-009 -0.0662919
-7.674371e-009 -0.0295206
-7.657704e-009 -0.0152782
-7.641037e-009 -0.0227878
-7.624371e-009 -0.0114802
-7.607704e-009 -0.00103581
-7.591037e-009 -0.012775
-7.574371e-009 -0.00215794
-7.557704e-009 0.0424682
-7.541037e-009 0.0605086
-7.524371e-009 0.0400514
-7.507704e-009 0.0339228
-7.491037e-009 0.0367713
-7.474371e-009 0.000949493
-7.457704e-009 -0.0449715
-7.441037e-009 -0.0406556
-7.424371e-009 -0.0106171
-7.407704e-009 -0.00164003
-7.391037e-009 0.00880439
-7.374371e-009 0.0281395
-7.357704e-009 0.0058696
-7.341037e-009 -0.0381524
-7.324371e-009 -0.0221836
-7.307704e-009 0.0181267
-7.291037e-009 -0.0152782
-7.274371e-009 -0.0669824
-7.257704e-009 -0.0266721
-7.241037e-009 0.0407419
-7.224371e-009 0.0220973
-7.207704e-009 -0.0321101
-7.191037e-009 -0.0330596
-7.174371e-009 -0.00353902
-7.157704e-009 0.0206299
-7.141037e-009 0.0406556
-7.124371e-009 0.0318512
-7.107704e-009 -0.00414324
-7.091037e-009 -0.0180404
-7.074371e-009 -0.0227878
-7.057704e-009 -0.0516179
-7.041037e-009 -0.0458346
-7.024371e-009 0.0093223
-7.007704e-009 0.00716436
-6.991037e-009 -0.0498916
-6.974371e-009 -0.0291753
-6.957704e-009 0.0391882
-6.941037e-009 0.0148466
-6.924371e-009 -0.0445399
-6.907704e-009 -0.00923598
-6.891037e-009 0.0492873
-6.874371e-009 0.0337502
-6.857704e-009 0.00897703
-6.841037e-009 0.0110486
-6.824371e-009 -0.0105307
-6.807704e-009 -0.0138108
-6.791037e-009 0.0460073
-6.774371e-009 0.0617171
-6.757704e-009 -0.00975389
-6.741037e-009 -0.0271037
-6.724371e-009 0.0438493
-6.707704e-009 0.056797
-6.691037e-009 -0.00673277
-6.674371e-009 -0.0264132
-6.657704e-009 -0.0119981
-6.641037e-009 -0.0391882
-6.624371e-009 -0.0507547
-6.607704e-009 -0.000949493
-6.591037e-009 0.0170909
-6.574371e-009 -0.0245142
-6.557704e-009 -0.0241689
-6.541037e-009 0.0221836
-6.524371e-009 0.0170909
-6.507704e-009 -0.02719
-6.491037e-009 -0.0396198
-6.474371e-009 -0.0460073
-6.457704e-009 -0.0615444
-6.441037e-009 -0.0231331
-6.424371e-009 0.038066
-6.407704e-009 0.013034
-6.391037e-009 -0.0544664
-6.374371e-009 -0.0428135
-6.357704e-009 0.00716436
-6.341037e-009 0.0034527
-6.324371e-009 -0.00914966
-6.307704e-009 0.00457483
-6.291037e-009 -0.0173498
-6.274371e-009 -0.0553296
-6.257704e-009 -0.0324554
-6.241037e-009 -0.00811385
-6.224371e-009 -0.0504095
-6.207704e-009 -0.0614581
-6.191037e-009 0.0100992
-6.174371e-009 0.0411735
-6.157704e-009 -0.00630118
-6.141037e-009 -0.0155372
-6.124371e-009 0.0290027
-6.107704e-009 0.0391882
-6.091037e-009 0.0277943
-6.074371e-009 0.0436767
-6.057704e-009 0.0395334
-6.041037e-009 -0.00742331
-6.024371e-009 -0.023651
-6.007704e-009 0.016314
-5.991037e-009 0.038325
-5.974371e-009 -0.00612855
-5.957704e-009 -0.0698309
-5.941037e-009 -0.074751
-5.924371e-009 -0.0246005
-5.907704e-009 -0.0083728
-5.891037e-009 -0.0455757
-5.874371e-009 -0.0459209
-5.857704e-009 0.000863176
-5.841037e-009 0.000604223
-5.824371e-009 -0.0300385
-5.807704e-009 0.00258953
-5.791037e-009 0.0491147
-5.774371e-009 0.0221836
-5.757704e-009 -0.0102718
-5.741037e-009 0.0148466
-5.724371e-009 0.0243416
-5.707704e-009 -0.00794122
-5.691037e-009 -0.012775
-5.674371e-009 0.0107897
-5.657704e-009 0.0164867
-5.641037e-009 0.0115666
-5.624371e-009 0.00224426
-5.607704e-009 -0.0138971
-5.591037e-009 -0.00328007
-5.574371e-009 0.0211478
-5.557704e-009 0.000949493
-5.541037e-009 -0.0315059
-5.524371e-009 -0.0185583
-5.507704e-009 -0.00233057
-5.491037e-009 -0.00215794
-5.474371e-009 0.0285711
-5.457704e-009 0.0479926
-5.441037e-009 0.00750963
-5.424371e-009 -8.63176e-005
-5.407704e-009 0.0572286
-5.391037e-009 0.0534306
-5.374371e-009 -0.021752
-5.357704e-009 -0.0481652
-5.341037e-009 -0.0314196
-5.324371e-009 -0.0282258
-5.307704e-009 -0.00302112
-5.291037e-009 0.0205436
-5.274371e-009 -0.0154508
-5.257704e-009 -0.0258953
-5.241037e-009 0.025809
-5.224371e-009 0.0112213
-5.207704e-009 -0.047561
-5.191037e-009 -0.00336639
-5.174371e-009 0.0466115
-5.157704e-009 -0.0282258
-5.141037e-009 -0.0568833
-5.124371e-009 0.0467841
-5.107704e-009 0.0596454
-5.091037e-009 -0.0509274
-5.074371e-009 -0.0530853
-5.057704e-009 0.0377208
-5.041037e-009 0.0313333
-5.024371e-009 -0.0271037
-5.007704e-009 -0.032628
-4.991037e-009 -0.0368576
-4.974371e-009 -0.0290027
-4.957704e-009 0.0466115
-4.941037e-009 0.0788079
-4.924371e-009 0.00422956
-4.907704e-009 -0.0288301
-4.891037e-009 0.02719
-4.874371e-009 0.0407419
-4.857704e-009 -0.000258953
-4.841037e-009 -0.00647382
-4.824371e-009 0.00457483
-4.807704e-009 0.00112213
-4.791037e-009 0.0107034
-4.774371e-009 0.00405693
-4.757704e-009 -0.0405693
-4.741037e-009 -0.0413461
-4.724371e-009 0.0151056
-4.707704e-009 0.0243416
-4.691037e-009 -0.0113076
-4.674371e-009 0.00733699
-4.657704e-009 0.0492873
-4.641037e-009 0.0243416
-4.624371e-009 -0.00940862
-4.607704e-009 0.0359944
-4.591037e-009 0.0813112
-4.574371e-009 0.0243416
-4.557704e-009 -0.0566243
-4.541037e-009 -0.0485968
-4.524371e-009 -0.013034
-4.507704e-009 -0.0414324
-4.491037e-009 -0.0621487
-4.474371e-009 -0.00750963
-4.457704e-009 0.0321101
-4.441037e-009 0.00958125
-4.424371e-009 0.00958125
-4.407704e-009 0.0261542
-4.391037e-009 -0.0175225
-4.374371e-009 -0.0461799
-4.357704e-009 0.0222699
-4.341037e-009 0.0741468
-4.324371e-009 0.0339228
-4.307704e-009 0.00388429
-4.291037e-009 0.0112213
-4.274371e-009 -0.00949493
-4.257704e-009 -0.00630118
-4.241037e-009 0.0556748
-4.224371e-009 0.0554159
-4.207704e-009 -0.0253774
-4.191037e-009 -0.0391019
-4.174371e-009 0.0262405
-4.157704e-009 0.04946
-4.141037e-009 0.02391
-4.124371e-009 0.00880439
-4.107704e-009 0.00267584
-4.091037e-009 0.00906335
-4.074371e-009 0.02719
-4.057704e-009 0.00681909
-4.041037e-009 -0.0408282
-4.024371e-009 -0.0460936
-4.007704e-009 -0.0253774
-3.991037e-009 -0.0252047
-3.974371e-009 -0.0225289
-3.957704e-009 -0.0115666
-3.941037e-009 -0.0104444
-3.924371e-009 0.0128613
-3.907704e-009 0.0433314
-3.891037e-009 0.00949493
-3.874371e-009 -0.0442809
-3.857704e-009 -0.0336639
-3.841037e-009 -0.013034
-3.824371e-009 -0.0288301
-3.807704e-009 -0.0247731
-3.791037e-009 -0.0195941
-3.774371e-009 -0.0564517
-3.757704e-009 -0.0479926
-3.741037e-009 0.0220973
-3.724371e-009 0.0257226
-3.707704e-009 -0.0179541
-3.691037e-009 -0.00103581
-3.674371e-009 -0.0014674
-3.657704e-009 -0.0626666
-3.641037e-009 -0.0359944
-3.624371e-009 0.0516179
-3.607704e-009 0.016573
-3.591037e-009 -0.0481652
-3.574371e-009 0.0169182
-3.557704e-009 0.0536032
-3.541037e-009 -0.0346997
-3.524371e-009 -0.0453167
-3.507704e-009 0.0457483
-3.491037e-009 0.036685
-3.474371e-009 -0.0307291
-3.457704e-009 -0.0098402
-3.441037e-009 0.00673277
-3.424371e-009 -0.0382387
-3.407704e-009 -0.0267584
-3.391037e-009 0.00768226
-3.374371e-009 -0.0323691
-3.357704e-009 -0.0291753
-3.341037e-009 0.0594728
-3.324371e-009 0.047561
-3.307704e-009 -0.0540348
-3.291037e-009 -0.0398787
-3.274371e-009 0.034527
-3.257704e-009 0.00241689
-3.241037e-009 -0.0369439
-3.224371e-009 0.0197667
-3.207704e-009 0.0532579
-3.191037e-009 0.0265858
-3.174371e-009 0.0334049
-3.157704e-009 0.0290027
-3.141037e-009 -0.0353902
-3.124371e-009 -0.0365123
-3.107704e-009 0.0337502
-3.091037e-009 0.0126887
-3.074371e-009 -0.0596454
-3.057704e-009 -0.0109623
-3.041037e-009 0.0703488
-3.024371e-009 0.0196804
-3.007704e-009 -0.0488557
-2.991037e-009 -0.0034527
-2.974371e-009 0.0395334
-2.957704e-009 0.00561064
-2.941037e-009 -0.00181267
-2.924371e-009 0.0195078
-2.907704e-009 -0.0175225
-2.891037e-009 -0.0465252
-2.874371e-009 0.00535169
-2.857704e-009 0.0308154
-2.841037e-009 -0.0190762
-2.824371e-009 -0.0235647
-2.807704e-009 0.0323691
-2.791037e-009 0.0321965
-2.774371e-009 -0.0145014
-2.757704e-009 -0.0246005
-2.741037e-009 -0.02391
-2.724371e-009 -0.0365123
-2.707704e-009 -0.0150193
-2.691037e-009 0.0181267
-2.674371e-009 0.0115666
-2.657704e-009 0.0109623
-2.641037e-009 0.0365123
-2.624371e-009 0.0285711
-2.607704e-009 0.0128613
-2.591037e-009 0.0430725
-2.574371e-009 0.038584
-2.557704e-009 -0.0341818
-2.541037e-009 -0.042123
-2.524371e-009 0.0307291
-2.507704e-009 0.0282258
-2.491037e-009 -0.0447988
-2.474371e-009 -0.0427272
-2.457704e-009 0.00992652
-2.441037e-009 0.00414324
-2.424371e-009 -0.02719
-2.407704e-009 -0.0365123
-2.391037e-009 -0.0569696
-2.374371e-009 -0.0573149
-2.357704e-009 0.00543801
-2.341037e-009 0.0395334
-2.324371e-009 -0.012775
-2.307704e-009 -0.0428998
-2.291037e-009 0.00276216
-2.274371e-009 0.0338365
-2.257704e-009 0.0284848
-2.241037e-009 0.0478199
-2.224371e-009 0.0576601
-2.207704e-009 -0.000604223
-2.191037e-009 -0.0550706
-2.174371e-009 -0.030988
-2.157704e-009 0.00776858
-2.141037e-009 -0.00854544
-2.124371e-009 -0.0359944
-2.107704e-009 -0.0266721
-2.091037e-009 -0.00828649
-2.074371e-009 -0.00336639
-2.057704e-009 0.00414324
-2.041037e-009 0.00707804
-2.024371e-009 -0.0104444
-2.007704e-009 -0.0164867
-1.991037e-009 0.0121708
-1.974371e-009 0.0314196
-1.957704e-009 0.0119981
-1.941037e-009 -0.00319375
-1.924371e-009 0.0128613
-1.907704e-009 0.0251184
-1.891037e-009 0.00923598
-1.874371e-009 -0.0222699
-1.857704e-009 -0.0466978
-1.841037e-009 -0.0238237
-1.824371e-009 0.0482515
-1.807704e-009 0.0708667
-1.791037e-009 -0.00940862
-1.774371e-009 -0.0719889
-1.757704e-009 -0.0270174
-1.741037e-009 0.0176951
-1.724371e-009 -0.0182993
-1.707704e-009 -0.0435904
-1.691037e-009 -0.023651
-1.674371e-009 -0.0403966
-1.657704e-009 -0.0635297
-1.641037e-009 -0.00224426
-1.624371e-009 0.0599907
-1.607704e-009 0.0149329
-1.591037e-009 -0.0389292
-1.574371e-009 0.000431588
-1.557704e-009 0.0416914
-1.541037e-009 0.0104444
-1.524371e-009 -0.0246005
-1.507704e-009 -0.030988
-1.491037e-009 -0.0451441
-1.474371e-009 -0.0462662
-1.457704e-009 -0.018472
-1.441037e-009 -0.0157961
-1.424371e-009 -0.0286574
-1.407704e-009 0.0171772
-1.391037e-009 0.0868355
-1.374371e-009 0.0849365
-1.357704e-009 0.0325417
-1.341037e-009 0.00284848
-1.324371e-009 -0.00552432
-1.307704e-009 -0.00975389
-1.291037e-009 -0.00431588
-1.274371e-009 -0.0113939
-1.257704e-009 -0.0342681
-1.241037e-009 -0.0247731
-1.224371e-009 0.018472
-1.207704e-009 0.0409145
-1.191037e-009 0.0346997
-1.174371e-009 0.0166593
-1.157704e-009 -0.0195078
-1.141037e-009 -0.0362534
-1.124371e-009 0.0119118
-1.107704e-009 0.0585233
-1.091037e-009 0.0281395
-1.074371e-009 -0.0188172
-1.057704e-009 -0.014674
-1.041037e-009 0.0029348
-1.024371e-009 0.0129476
-1.007704e-009 0.0344407
-9.910374e-010 0.025809
-9.743707e-010 -0.0296069
-9.57704e-010 -0.0503231
-9.410374e-010 -0.0241689
-9.243707e-010 -0.0309017
-9.07704e-010 -0.0444536
-8.910374e-010 0.00509274
-8.743707e-010 0.0365987
-8.57704e-010 -0.0220973
-8.410374e-010 -0.0558475
-8.243707e-010 0.00690541
-8.07704e-010 0.0486831
-7.910374e-010 0.0140698
-7.743707e-010 0.000258953
-7.57704e-010 0.0266721
-7.410374e-010 0.0153645
-7.243707e-010 -0.016573
-7.07704e-010 -8.63176e-005
-6.910374e-010 0.0323691
-6.743707e-010 0.0141561
-6.57704e-010 -0.0384113
-6.410374e-010 -0.0722478
-6.243707e-010 -0.0594728
-6.07704e-010 8.63176e-005
-5.910374e-010 0.0605949
-5.743707e-010 0.0594728
-5.57704e-010 0.0132066
-5.410374e-010 -0.00397061
-5.243707e-010 0.0129476
-5.07704e-010 0.0078549
-4.910374e-010 -0.014415
-4.743707e-010 -0.00820017
-4.57704e-010 0.00526537
-4.410374e-010 -0.0118255
-4.243707e-010 -0.0138108
-4.07704e-010 0.0362534
-3.910374e-010 0.0631845
-3.743707e-010 0.0137245
-3.57704e-010 -0.0302975
-3.410374e-010 -0.00716436
-3.243707e-010 0.0143287
-3.07704e-010 -0.0102718
-2.910374e-010 -0.0245142
-2.743707e-010 -0.0137245
-2.57704e-010 -0.0164867
-2.410374e-010 -0.00267584
-2.243707e-010 0.0530853
-2.07704e-010 0.0690541
-1.910374e-010 0.0164003
-1.743707e-010 0.00276216
-1.57704e-010 0.0492873
-1.410374e-010 0.0391019
-1.243707e-010 -0.02391
-1.07704e-010 -0.00820017
-9.103736e-011 0.0732836
-7.437069e-011 0.0939135
-5.770402e-011 0.067414
-4.103736e-011 0.0914103
-2.437069e-011 0.151056
-7.704024e-012 0.192229
8.962643e-012 0.228569
2.562931e-011 0.262578
4.229598e-011 0.280532
5.896264e-011 0.333531
7.562931e-011 0.446003
9.229598e-011 0.538104
1.089626e-010 0.576256
1.256293e-010 0.629687
1.42296e-010 0.708322
1.589626e-010 0.75994
1.756293e-010 0.816737
1.92296e-010 0.923339
2.089626e-010 1.01061
2.256293e-010 1.03227
2.42296e-010 1.06766
2.589626e-010 1.1526
2.756293e-010 1.2138
2.92296e-010 1.23382
3.089626e-010 1.26749
3.256293e-010 1.30296
3.42296e-010 1.30495
3.589626e-010 1.31902
3.756293e-010 1.36373
3.92296e-010 1.35778
4.089626e-010 1.2939
4.256293e-010 1.29571
4.42296e-010 1.38169
4.589626e-010 1.40404
4.756293e-010 1.32653
4.92296e-010 1.29623
5.089626e-010 1.34906
5.256293e-010 1.3469
5.42296e-010 1.26844
5.589626e-010 1.23797
5.756293e-010 1.24996
5.92296e-010 1.20007
6.089626e-010 1.13067
6.256293e-010 1.12852
6.42296e-010 1.1166
6.589626e-010 1.02131
6.756293e-010 0.936459
6.92296e-010 0.922649
7.089626e-010 0.888294
7.256293e-010 0.7747
7.42296e-010 0.632621
7.589626e-010 0.511086
7.756293e-010 0.429516
7.92296e-010 0.377898
8.089626e-010 0.288905
8.256293e-010 0.136813
8.42296e-010 0.0058696
8.589626e-010 -0.0647382
8.756293e-010 -0.150969
8.92296e-010 -0.273886
9.089626e-010 -0.371597
9.256293e-010 -0.459382
9.42296e-010 -0.598526
9.589626e-010 -0.749841
9.756293e-010 -0.845999
9.92296e-010 -0.92075
1.008963e-009 -1.02735
1.025629e-009 -1.13128
1.042296e-009 -1.181
1.058963e-009 -1.19809
1.075629e-009 -1.22355
1.092296e-009 -1.24176
1.108963e-009 -1.23382
1.125629e-009 -1.23641
1.142296e-009 -1.25799
1.158963e-009 -1.24012
1.175629e-009 -1.19731
1.192296e-009 -1.22139
1.208963e-009 -1.27655
1.225629e-009 -1.24945
1.242296e-009 -1.20603
1.258963e-009 -1.26507
1.275629e-009 -1.31488
1.292296e-009 -1.22157
1.308963e-009 -1.1097
1.325629e-009 -1.11315
1.342296e-009 -1.14552
1.358963e-009 -1.12739
1.375629e-009 -1.10417
1.392296e-009 -1.08363
1.408963e-009 -1.05411
1.425629e-009 -1.05886
1.442296e-009 -1.06689
1.458963e-009 -1.00154
1.475629e-009 -0.923166
1.492296e-009 -0.900983
1.508963e-009 -0.840388
1.525629e-009 -0.695288
1.542296e-009 -0.587995
1.558963e-009 -0.554331
1.575629e-009 -0.488126
1.592296e-009 -0.379279
1.608963e-009 -0.304528
1.625629e-009 -0.256708
1.642296e-009 -0.19853
1.658963e-009 -0.141906
1.675629e-009 -0.0836417
1.692296e-009 -0.0170046
1.708963e-009 0.0252047
1.725629e-009 0.0517905
1.742296e-009 0.114284
1.758963e-009 0.182734
1.775629e-009 0.179972
1.792296e-009 0.123003
1.808963e-009 0.0883892
1.825629e-009 0.100128
1.842296e-009 0.129045
1.858963e-009 0.127146
1.875629e-009 0.0605949
1.892296e-009 -0.0264132
1.908963e-009 -0.0472157
1.925629e-009 -0.00725068
1.942296e-009 0.00897703
1.958963e-009 -0.0158824
1.975629e-009 -0.0330596
1.992296e-009 -0.0416051
2.008963e-009 -0.0636161
2.025629e-009 -0.0649971
2.042296e-009 -0.0305564
2.058963e-009 -0.0259816
2.075629e-009 -0.0762184
2.092296e-009 -0.102977
2.108963e-009 -0.0724204
2.125629e-009 -0.0510137
2.142296e-009 -0.0591275
2.158963e-009 -0.0479926
2.175629e-009 -0.0206299
2.192296e-009 -0.00569696
2.208963e-009 0.0135519
2.225629e-009 0.0182993
2.242296e-009 -0.0355628
2.258963e-009 -0.0779448
2.275629e-009 -0.0336639
2.292296e-009 -0.0132929
2.308963e-009 -0.114198
2.325629e-009 -0.200343
2.342296e-009 -0.152005
2.358963e-009 -0.078549
2.375629e-009 -0.0775995
2.392296e-009 -0.0847639
2.408963e-009 -0.0681046
2.425629e-009 -0.0797574
2.442296e-009 -0.115666
2.458963e-009 -0.137935
2.475629e-009 -0.152782
2.492296e-009 -0.166679
2.508963e-009 -0.183252
2.525629e-009 -0.215794
2.542296e-009 -0.217779
2.558963e-009 -0.1451
2.575629e-009 -0.0926188
2.592296e-009 -0.146308
2.608963e-009 -0.191798
2.625629e-009 -0.114371
2.642296e-009 -0.00949493
2.658963e-009 0.010876
2.675629e-009 -0.0100128
2.692296e-009 -0.0214068
2.708963e-009 -0.0359944
2.725629e-009 -0.0295206
2.742296e-009 0.00854544
2.758963e-009 0.00034527
2.775629e-009 -0.0682772
2.792296e-009 -0.0816564
2.808963e-009 -0.00630118
2.825629e-009 0.0444536
2.842296e-009 0.0350449
2.858963e-009 0.0555022
2.875629e-009 0.108329
2.892296e-009 0.0982294
2.908963e-009 0.0346997
2.925629e-009 0.00802753
2.942296e-009 0.00828649
2.958963e-009 -0.0235647
2.975629e-009 -0.0568833
2.992296e-009 -0.0536895
3.008963e-009 -0.056538
3.025629e-009 -0.0777721
3.042296e-009 -0.0620623
3.058963e-009 -0.00224426
3.075629e-009 0.0535169
3.092296e-009 0.0767363
3.108963e-009 0.0493737
3.125629e-009 -0.00811385
3.142296e-009 -0.00362534
3.158963e-009 0.0712983
3.175629e-009 0.0732836
3.192296e-009 -0.0339228
3.208963e-009 -0.0889934
3.225629e-009 -0.0384976
3.242296e-009 -0.014415
3.258963e-009 -0.0471294
3.275629e-009 -0.0492873
3.292296e-009 -0.0390155
3.308963e-009 -0.0613718
3.325629e-009 -0.0396198
3.342296e-009 0.0498052
3.358963e-009 0.0902882
3.375629e-009 0.0552432
3.392296e-009 0.0476473
3.408963e-009 0.071212
3.425629e-009 0.0410008
3.442296e-009 -0.020112
3.458963e-009 -0.0377208
3.475629e-009 -0.0397061
3.492296e-009 -0.0746647
3.508963e-009 -0.0965894
3.525629e-009 -0.0599907
3.542296e-009 -0.0164003
3.558963e-009 -0.0223563
3.575629e-009 -0.0400514
3.592296e-009 -0.00397061
3.608963e-009 0.063875
3.625629e-009 0.0772542
3.642296e-009 0.0145877
3.658963e-009 -0.0430725
3.675629e-009 -0.0319375
3.692296e-009 -0.0034527
3.708963e-009 -0.0313333
3.725629e-009 -0.0731973
3.742296e-009 -0.0400514
3.758963e-009 0.0281395
3.775629e-009 0.0119981
3.792296e-009 -0.0699172
3.808963e-009 -0.0817427
3.825629e-009 -0.0104444
3.842296e-009 0.0213204
3.858963e-009 -0.0153645
3.875629e-009 -0.0247731
3.892296e-009 0.0107034
3.908963e-009 0.00612855
3.925629e-009 -0.0465252
3.942296e-009 -0.0582644
3.958963e-009 -0.0107034
3.975629e-009 0.0126024
3.992296e-009 -0.0200257
4.008963e-009 -0.0317649
4.025629e-009 0.0241689
4.042296e-009 0.0716436
4.058963e-009 0.0294343
4.075629e-009 -0.0498916
4.092296e-009 -0.0517905
4.108963e-009 0.0237373
4.125629e-009 0.0650835
4.142296e-009 0.0282258
4.158963e-009 -0.00336639
4.175629e-009 0.025809
4.192296e-009 0.0515316
4.208963e-009 0.0189035
4.225629e-009 -0.0248595
4.242296e-009 -0.0376345
4.258963e-009 -0.0430725
4.275629e-009 -0.0416914
4.292296e-009 -0.0143287
4.308963e-009 0.000431588
4.325629e-009 -0.0201983
4.342296e-009 -0.0197667
4.358963e-009 0.00958125
4.375629e-009 0.00517905
4.392296e-009 -0.0104444
4.408963e-009 0.0201983
4.425629e-009 0.0323691
4.442296e-009 -0.0220973
4.458963e-009 -0.0397924
4.475629e-009 0.0183856
4.492296e-009 0.0342681
4.508963e-009 -0.0185583
4.525629e-009 -0.0384113
4.542296e-009 -0.018213
4.558963e-009 -0.0201983
4.575629e-009 -0.0286574
4.592296e-009 -0.0216657
4.608963e-009 -0.0132929
4.625629e-009 0.0226152
4.642296e-009 0.0765637
4.658963e-009 0.067673
4.675629e-009 0.0253774
4.692296e-009 0.0517905
4.708963e-009 0.0756142
4.725629e-009 -0.0153645
4.742296e-009 -0.105394
4.758963e-009 -0.065515
4.775629e-009 -0.00319375
4.792296e-009 -0.0150193
4.808963e-009 -0.0149329
4.825629e-009 0.0242552
4.842296e-009 0.0166593
4.858963e-009 -0.0138108
4.875629e-009 0.0178677
4.892296e-009 0.0602497
4.908963e-009 0.0334912
4.925629e-009 -0.0158824
4.942296e-009 -0.0302975
4.958963e-009 -0.0291753
4.975629e-009 -0.0138108
4.992296e-009 0.0271037
5.008963e-009 0.0257226
5.025629e-009 -0.0650835
5.042296e-009 -0.138367
5.058963e-009 -0.0799301
5.075629e-009 0.0393608
5.092296e-009 0.0835554
5.108963e-009 0.0518769
5.125629e-009 0.014674
5.142296e-009 -0.0107034
5.158963e-009 -0.0174361
5.175629e-009 -0.00319375
5.192296e-009 -0.02555
5.208963e-009 -0.0893387
5.225629e-009 -0.0828649
5.242296e-009 0.00656014
5.258963e-009 0.0441946
5.275629e-009 0.0273627
5.292296e-009 0.0702625
5.308963e-009 0.105739
5.325629e-009 0.0204573
5.342296e-009 -0.0509274
5.358963e-009 0.00664645
5.375629e-009 0.025291
5.392296e-009 -0.0794985
5.408963e-009 -0.110918
5.425629e-009 -0.00923598
5.442296e-009 0.0336639
5.458963e-009 -0.0170909
5.475629e-009 -0.00863176
5.492296e-009 0.0611128
5.508963e-009 0.0794122
5.525629e-009 0.0498916
5.542296e-009 0.0189899
5.558963e-009 -0.0261542
5.575629e-009 -0.0701762
5.592296e-009 -0.0721615
5.608963e-009 -0.052999
5.625629e-009 -0.0468704
5.642296e-009 -0.0457483
5.658963e-009 -0.0449715
5.675629e-009 -0.0453167
5.692296e-009 -0.0304701
5.708963e-009 -0.00949493
5.725629e-009 -0.0049201
5.742296e-009 0.00966757
5.758963e-009 0.0605086
5.775629e-009 0.0985747
5.792296e-009 0.0649971
5.808963e-009 -0.0176088
5.825629e-009 -0.0751826
5.842296e-009 -0.0662056
5.858963e-009 -0.0179541
5.875629e-009 0.0107897
5.892296e-009 0
5.908963e-009 -0.0222699
5.925629e-009 -0.0286574
5.942296e-009 -0.00509274
5.958963e-009 0.0396198
5.975629e-009 0.0505821
5.992296e-009 0.00224426
6.008963e-009 -0.0182993
6.025629e-009 0.0487694
6.042296e-009 0.0909787
6.058963e-009 0.00500642
6.075629e-009 -0.108846
6.092296e-009 -0.119809
6.108963e-009 -0.0621487
6.125629e-009 -0.0188172
6.142296e-009 -0.00172635
6.158963e-009 -0.0113076
6.175629e-009 -0.0283122
6.192296e-009 0.0118255
6.208963e-009 0.0867492
6.225629e-009 0.0843323
6.242296e-009 0.0230468
6.258963e-009 0.0264995
6.275629e-009 0.0629255
6.292296e-009 0.020112
6.308963e-009 -0.0384976
6.325629e-009 -0.0162277
6.342296e-009 -0.00276216
6.358963e-009 -0.0605086
6.375629e-009 -0.0707804
6.392296e-009 0.00120845
6.408963e-009 0.030988
6.425629e-009 0.00612855
6.442296e-009 0.0166593
6.458963e-009 0.0352176
6.475629e-009 0.0137245
6.492296e-009 0.00673277
6.508963e-009 0.0159688
6.525629e-009 -0.00457483
6.542296e-009 0.00975389
6.558963e-009 0.0750963
6.575629e-009 0.0485105
6.592296e-009 -0.0637887
6.608963e-009 -0.0725931
6.625629e-009 0.00466115
6.642296e-009 0.00656014
6.658963e-009 -0.00811385
6.675629e-009 0.0486831
6.692296e-009 0.045403
6.708963e-009 -0.0413461
6.725629e-009 -0.0315059
6.742296e-009 0.0459209
6.758963e-009 0.011135
6.775629e-009 -0.0602497
6.792296e-009 -0.0281395
6.808963e-009 0.0034527
6.825629e-009 -0.0409145
6.842296e-009 -0.0561064
6.858963e-009 -0.0360807
6.875629e-009 -0.0496326
6.892296e-009 -0.034527
6.908963e-009 0.0239963
6.925629e-009 0.0124297
6.942296e-009 -0.0435904
6.958963e-009 -0.032887
6.975629e-009 -0.0126887
6.992296e-009 -0.0336639
7.008963e-009 0.0029348
7.025629e-009 0.073111
7.042296e-009 0.0384113
7.058963e-009 -0.0348723
7.075629e-009 -0.00940862
7.092296e-009 0.032887
7.108963e-009 -0.00621487
7.125629e-009 -0.0469568
7.142296e-009 -0.0396198
7.158963e-009 -0.0336639
7.175629e-009 -0.0294343
7.192296e-009 -0.0194215
7.208963e-009 -0.0267584
7.225629e-009 -0.00207162
7.242296e-009 0.0783764
7.258963e-009 0.0979704
7.275629e-009 0.0192488
7.292296e-009 -0.02391
7.308963e-009 -0.00405693
7.325629e-009 -0.0238237
7.342296e-009 -0.0482515
7.358963e-009 0.0098402
7.375629e-009 0.0585233
7.392296e-009 0.0121708
7.408963e-009 -0.0201983
7.425629e-009 0.0239963
7.442296e-009 0.0284848
7.458963e-009 -0.0384976
7.475629e-009 -0.0468704
7.492296e-009 0.0257226
7.508963e-009 0.0518769
7.525629e-009 0.011135
7.542296e-009 0.00362534
7.558963e-009 0.0203709
7.575629e-009 -0.0192488
7.592296e-009 -0.0572286
7.608963e-009 -0.00509274
7.625629e-009 0.0466115
7.642296e-009 0.00630118
7.658963e-009 -0.0229605
7.675629e-009 0.0256363
7.692296e-009 0.0397061
7.708963e-009 -0.00379797
7.725629e-009 0.0115666
7.742296e-009 0.0547253
7.758963e-009 0.0148466
7.775629e-009 -0.0226152
7.792296e-009 0.0401377
7.808963e-009 0.0755279
7.825629e-009 -0.0078549
7.842296e-009 -0.0825196
7.858963e-009 -0.065774
7.875629e-009 -0.0216657
7.892296e-009 0.0196804
7.908963e-009 0.0498052
7.925629e-009 0.0259816
7.942296e-009 -0.00103581
7.958963e-009 0.0521358
7.975629e-009 0.102286
7.992296e-009 0.0503231
8.008963e-009 -0.011135
8.025629e-009 -0.00112213
8.042296e-009 -0.00310743
8.058963e-009 -0.0477336
8.075629e-009 -0.0540348
8.092296e-009 -0.0271037
8.108963e-009 -0.0241689
8.125629e-009 -0.014674
8.142296e-009 0.013034
8.158963e-009 0.00742331
8.175629e-009 0.0119981
8.192296e-009 0.0947767
8.208963e-009 0.151056
8.225629e-009 0.0720752
8.242296e-009 -0.0353039
8.258963e-009 -0.0560201
8.275629e-009 -0.0571422
8.292296e-009 -0.0830375
8.308963e-009 -0.0662056
8.325629e-009 -0.0320238
8.342296e-009 -0.0627529
8.358963e-009 -0.0815701
8.375629e-009 0.00794122
8.392296e-009 0.100128
8.408963e-009 0.0782037
8.425629e-009 0.0164867
8.442296e-009 0.00621487
8.458963e-009 0.0276216
8.475629e-009 0.0533443
8.492296e-009 0.0497189
8.508963e-009 -0.0360807
8.525629e-009 -0.130253
8.542296e-009 -0.0973662
8.558963e-009 0.00284848
8.575629e-009 0.029089
8.592296e-009 0.0258953
8.608963e-009 0.0649108
8.625629e-009 0.0660329
8.642296e-009 0.0176088
8.658963e-009 0.0304701
8.675629e-009 0.0772542
8.692296e-009 0.0528264
8.708963e-009 0.00388429
8.725629e-009 -0.0170046
8.742296e-009 -0.0664645
8.758963e-009 -0.0991789
8.775629e-009 -0.0175225
8.792296e-009 0.064134
8.808963e-009 0.0118255
8.825629e-009 -0.0538622
8.842296e-009 -0.0151919
8.858963e-009 0.0264995
8.875629e-009 0.0101855
8.892296e-009 0.0201983
8.908963e-009 0.0623213
8.925629e-009 0.0608539
8.942296e-009 0.0208025
8.958963e-009 -0.0194215
8.975629e-009 -0.0551569
8.992296e-009 -0.0624939
9.008963e-009 -0.0346997
9.025629e-009 -0.029089
9.042296e-009 -0.0599044
9.058963e-009 -0.0615444
9.075629e-009 -0.0122571
9.092296e-009 0.0287438
9.108963e-009 0.0185583
9.125629e-009 -0.0147603
9.142296e-009 -0.0186446
9.158963e-009 0.00569696
9.175629e-009 0.0113939
9.192296e-009 0.00224426
9.208963e-009 0.0153645
9.225629e-009 0.0119118
9.242296e-009 -0.0448851
9.258963e-009 -0.0698309
9.275629e-009 -0.0138971
9.292296e-009 0.0179541
9.308963e-009 -0.02391
9.325629e-009 -0.0438493
9.342296e-009 -0.0126887
9.358963e-009 -0.000604223
9.375629e-009 -0.0121708
9.392296e-009 -0.00742331
9.408963e-009 0.0145877
9.425629e-009 0.0539485
9.442296e-009 0.0833828
9.458963e-009 0.040224
9.475629e-009 -0.0280532
9.492296e-009 -0.00854544
9.508963e-009 0.0473883
9.525629e-009 0.0208889
9.542296e-009 -0.0353902
9.558963e-009 -0.0332323
9.575629e-009 -0.0212341
9.592296e-009 -0.0288301
9.608963e-009 -0.00966757
9.625629e-009 0.0140698
9.642296e-009 0.00414324
9.658963e-009 0.00302112
9.675629e-009 0.0112213
9.692296e-009 -0.0176088
9.708963e-009 -0.0360807
9.725629e-009 -0.00328007
9.742296e-009 -0.000690541
9.758963e-009 -0.0518769
9.775629e-009 -0.0587823
9.792296e-009 -0.0148466
9.808963e-009 -0.0116529
9.825629e-009 -0.0460073
9.842296e-009 -0.0485968
9.858963e-009 -0.0116529
9.875629e-009 0.0348723
9.892296e-009 0.0582644
9.908963e-009 0.0348723
9.925629e-009 0.00802753
9.942296e-009 0.0331459
9.958963e-009 0.0639613
9.975629e-009 0.0320238
9.992296e-009 -0.0370302
1.000896e-008 -0.0903745
1.002563e-008 -0.103236
1.00423e-008 -0.0544664
1.005896e-008 0.0158824
1.007563e-008 0.0179541
1.00923e-008 -0.030988
1.010896e-008 -0.0344407
1.012563e-008 0.00181267
1.01423e-008 0.0168319
1.015896e-008 0.0256363
1.017563e-008 0.0376345
1.01923e-008 0.0129476
1.020896e-008 -0.0208889
1.022563e-008 -0.00561064
1.02423e-008 0.0229605
1.025896e-008 0.0194215
1.027563e-008 0.0178677
1.02923e-008 0.0318512
1.030896e-008 0.0258953
1.032563e-008 0.00336639
1.03423e-008 -0.0173498
1.035896e-008 -0.0414324
1.037563e-008 -0.0382387
1.03923e-008 0.0190762
1.040896e-008 0.0692267
1.042563e-008 0.0662919
1.04423e-008 0.056797
1.045896e-008 0.0469568
1.047563e-008 -0.0161414
1.04923e-008 -0.0848502
1.050896e-008 -0.0680182
1.052563e-008 -0.0164003
1.05423e-008 -0.0186446
1.055896e-008 -0.0254637
1.057563e-008 0.0191625
1.05923e-008 0.0439356
1.060896e-008 0.00742331
1.062563e-008 -0.0103581
1.06423e-008 0.0287438
1.065896e-008 0.0573149
1.067563e-008 0.0378071
1.06923e-008 -0.00138108
1.070896e-008 -0.0444536
1.072563e-008 -0.0827786
1.07423e-008 -0.0828649
1.075896e-008 -0.0375481
1.077563e-008 0.00405693
1.07923e-008 -0.000517905
1.080896e-008 -0.0240826
1.082563e-008 -0.00164003
1.08423e-008 0.0602497
1.085896e-008 0.0645655
1.087563e-008 -0.00880439
1.08923e-008 -0.036426
1.090896e-008 0.0208889
1.092563e-008 0.0240826
1.09423e-008 -0.0640476
1.095896e-008 -0.0927051
1.097563e-008 -0.0296932
1.09923e-008 -0.00647382
1.100896e-008 -0.0316785
1.102563e-008 -0.0170046
1.10423e-008 0.00897703
1.105896e-008 0.00992652
1.107563e-008 0.038584
1.10923e-008 0.0658603
1.110896e-008 0.023651
1.112563e-008 -0.0109623
1.11423e-008 0.0123434
1.115896e-008 -0.00811385
1.117563e-008 -0.0611128
1.11923e-008 -0.0298659
1.120896e-008 0.00517905
1.122563e-008 -0.0610265
1.12423e-008 -0.0816564
1.125896e-008 0.0210615
1.127563e-008 0.0681046
1.12923e-008 0.0231331
1.130896e-008 0.0382387
1.132563e-008 0.073111
1.13423e-008 0.0155372
1.135896e-008 -0.0384976
1.137563e-008 -0.0338365
1.13923e-008 -0.069313
1.140896e-008 -0.0979704
1.142563e-008 -0.0186446
1.14423e-008 0.0407419
1.145896e-008 -0.0178677
1.147563e-008 -0.0594728
1.14923e-008 -0.034786
1.150896e-008 -0.0351313
1.152563e-008 -0.0160551
1.15423e-008 0.0725068
1.155896e-008 0.100905
1.157563e-008 0.0225289
1.15923e-008 -0.0384113
1.160896e-008 -0.0485968
1.162563e-008 -0.0466978
1.16423e-008 -0.0183856
1.165896e-008 -0.0208025
1.167563e-008 -0.105048
1.16923e-008 -0.121967
1.170896e-008 -0.00258953
1.172563e-008 0.0491147
1.17423e-008 -0.0240826
1.175896e-008 -0.0145877
1.177563e-008 0.0807069
1.17923e-008 0.0696583
1.180896e-008 -0.00103581
1.182563e-008 0.0170909
1.18423e-008 0.0489421
1.185896e-008 0.0115666
1.187563e-008 -0.0132929
1.18923e-008 -0.00845912
1.190896e-008 -0.0391019
1.192563e-008 -0.0693993
1.19423e-008 -0.0507547
1.195896e-008 -0.0205436
1.197563e-008 0.0104444
1.19923e-008 0.0434177
1.200896e-008 0.0286574
1.202563e-008 -0.00466115
1.20423e-008 0.0327144
1.205896e-008 0.085886
1.207563e-008 0.0567106
1.20923e-008 0.00483378
1.210896e-008 -0.0142424
1.212563e-008 -0.0630981
1.21423e-008 -0.110314
1.215896e-008 -0.0555022
1.217563e-008 0.00889071
1.21923e-008 -0.0482515
1.220896e-008 -0.105135
1.222563e-008 -0.02719
1.22423e-008 0.0518769
1.225896e-008 0.00820017
1.227563e-008 -0.0335775
1.22923e-008 0.0170909
1.230896e-008 0.0465252
1.232563e-008 0.00561064
1.23423e-008 0.00276216
1.235896e-008 0.0511863
1.237563e-008 0.041864
1.23923e-008 -0.0150193
1.240896e-008 -0.0115666
1.242563e-008 0.0305564
1.24423e-008 0.0161414
1.245896e-008 -0.0214931
1.247563e-008 -0.00189899
1.24923e-008 0.0313333
1.250896e-008 0.0119118
1.252563e-008 -0.0149329
1.25423e-008 0.00129476
1.255896e-008 0.0262405
1.257563e-008 0.0353039
1.25923e-008 0.0460936
1.260896e-008 0.0412598
1.262563e-008 -0.00120845
1.26423e-008 -0.0367713
1.265896e-008 -0.0211478
1.267563e-008 0.014415
1.26923e-008 0.019853
1.270896e-008 -0.0058696
1.272563e-008 -0.0237373
1.27423e-008 0.0044022
1.275896e-008 0.0574875
1.277563e-008 0.0593002
1.27923e-008 0.00181267
1.280896e-008 -0.018472
1.282563e-008 0.0314196
1.28423e-008 0.0532579
1.285896e-008 0.00189899
1.287563e-008 -0.0343544
1.28923e-008 -0.00630118
1.290896e-008 0.0193351
1.292563e-008 -0.0029348
1.29423e-008 -0.0356492
1.295896e-008 -0.0398787
1.297563e-008 -0.0187309
1.29923e-008 0.000949493
1.300896e-008 -0.00526537
1.302563e-008 -0.0189035
1.30423e-008 0.00172635
1.305896e-008 0.0376345
1.307563e-008 0.034527
1.30923e-008 0.00897703
1.310896e-008 0.00258953
1.312563e-008 -0.0143287
1.31423e-008 -0.0651698
1.315896e-008 -0.0937409
1.317563e-008 -0.0720752
1.31923e-008 -0.0436767
1.320896e-008 -0.022011
1.322563e-008 0.00362534
1.32423e-008 0.0044022
1.325896e-008 -0.0134655
1.327563e-008 0.00742331
1.32923e-008 0.0378934
1.330896e-008 -0.000776858
1.332563e-008 -0.0576601
1.33423e-008 -0.0395334
1.335896e-008 -0.00224426
1.337563e-008 -0.0289164
1.33923e-008 -0.0608539
1.340896e-008 -0.0391882
1.342563e-008 -0.0251184
1.34423e-008 -0.0479063
1.345896e-008 -0.0413461
1.347563e-008 0.00112213
1.34923e-008 0.00397061
1.350896e-008 -0.0384976
1.352563e-008 -0.051359
1.35423e-008 -0.0168319
1.355896e-008 0.00284848
1.357563e-008 -0.0227878
1.35923e-008 -0.051359
1.360896e-008 -0.045662
1.362563e-008 -0.020112
1.36423e-008 0.00284848
1.365896e-008 0.0113076
1.367563e-008 -0.0115666
1.36923e-008 -0.0446262
1.370896e-008 -0.0254637
1.372563e-008 0.0299522
1.37423e-008 0.0220973
1.375896e-008 -0.0441946
1.377563e-008 -0.0547253
1.37923e-008 -0.00750963
1.380896e-008 -0.010876
1.382563e-008 -0.0628392
1.38423e-008 -0.067414
1.385896e-008 -0.0208889
1.387563e-008 0.00673277
1.38923e-008 -0.00578328
1.390896e-008 -0.0346997
1.392563e-008 -0.0457483
1.39423e-008 -0.0138108
1.395896e-008 0.0278806
1.397563e-008 0.029089
1.39923e-008 0.00966757
1.400896e-008 -0.00405693
1.402563e-008 -0.0373755
1.40423e-008 -0.0633571
1.405896e-008 -0.0195078
1.407563e-008 0.0321965
1.40923e-008 -0.00250321
1.410896e-008 -0.0485968
1.412563e-008 -0.00673277
1.41423e-008 0.0471294
1.415896e-008 0.0340954
1.417563e-008 0.0221836
1.41923e-008 0.0472157
1.420896e-008 0.0425546
1.422563e-008 0.020112
1.42423e-008 0.0549843
1.425896e-008 0.0994378
1.427563e-008 0.0517905
1.42923e-008 -0.0419503
1.430896e-008 -0.0563654
1.432563e-008 0.0109623
1.43423e-008 0.0630118
1.435896e-008 0.0700899
1.437563e-008 0.0827786
1.43923e-008 0.112472
1.440896e-008 0.116788
1.442563e-008 0.0936546
1.44423e-008 0.078549
1.445896e-008 0.0599044
1.447563e-008 0.0121708
1.44923e-008 -0.020112
1.450896e-008 0.0103581
1.452563e-008 0.0574012
1.45423e-008 0.0623213
1.455896e-008 0.0555885
1.457563e-008 0.0855407
1.45923e-008 0.123434
1.460896e-008 0.113076
1.462563e-008 0.054639
1.46423e-008 -0.00353902
1.465896e-008 -0.0231331
1.467563e-008 -0.00552432
1.46923e-008 0.0153645
1.470896e-008 0.00224426
1.472563e-008 -0.043763
1.47423e-008 -0.0685362
1.475896e-008 -0.0391019
1.477563e-008 -0.0188172
1.47923e-008 -0.0668098
1.480896e-008 -0.0990926
1.482563e-008 -0.0249458
1.48423e-008 0.0508411
1.485896e-008 0.00569696
1.487563e-008 -0.0503231
1.48923e-008 0.0110486
1.490896e-008 0.0648245
1.492563e-008 -0.0173498
1.49423e-008 -0.100992
1.495896e-008 -0.0606813
1.497563e-008 -0.0156235
1.49923e-008 -0.051359
1.500896e-008 -0.0442809
1.502563e-008 0.0540348
1.50423e-008 0.0927051
1.505896e-008 0.00802753
1.507563e-008 -0.0681909
1.50923e-008 -0.0525674
1.510896e-008 -0.0121708
1.512563e-008 -0.00820017
1.51423e-008 -0.0235647
1.515896e-008 -0.0343544
1.517563e-008 -0.034527
1.51923e-008 -0.0266721
1.520896e-008 -0.0276216
1.522563e-008 -0.0379797
1.52423e-008 -0.0303838
1.525896e-008 -0.010876
1.527563e-008 -0.0154508
1.52923e-008 -0.0300385
1.530896e-008 -0.0254637
1.532563e-008 -0.0324554
1.53423e-008 -0.0573149
1.535896e-008 -0.0318512
1.537563e-008 0.0328007
1.53923e-008 0.0268448
1.540896e-008 -0.0390155
1.542563e-008 -0.0357355
1.54423e-008 0.0344407
1.545896e-008 0.0580054
1.547563e-008 0.0313333
1.54923e-008 0.0164867
1.550896e-008 -0.00474747
1.552563e-008 -0.0393608
1.55423e-008 -0.0272764
1.555896e-008 0.0155372
1.557563e-008 0.00673277
1.55923e-008 -0.0329733
1.560896e-008 -0.0233921
1.562563e-008 0.0216657
1.56423e-008 0.0447125
1.565896e-008 0.0441946
1.567563e-008 0.0307291
1.56923e-008 0.00500642
1.570896e-008 0.00422956
1.572563e-008 0.0491147
1.57423e-008 0.0711257
1.575896e-008 0.0115666
1.577563e-008 -0.0645655
1.57923e-008 -0.0662056
1.580896e-008 -0.0224426
1.582563e-008 -0.0120845
1.58423e-008 -0.0253774
1.585896e-008 -0.0230468
1.587563e-008 -0.0336639
1.58923e-008 -0.0615444
1.590896e-008 -0.0372892
1.592563e-008 0.0272764
1.59423e-008 0.0289164
1.595896e-008 -0.0169182
1.597563e-008 -0.00647382
1.59923e-008 0.0276216
1.600896e-008 -0.00267584
1.602563e-008 -0.0441083
1.60423e-008 -0.0358218
1.605896e-008 -0.038584
1.607563e-008 -0.064134
1.60923e-008 -0.0423819
1.610896e-008 -0.000172635
1.612563e-008 0.00138108
1.61423e-008 0.0176088
1.615896e-008 0.0763911
1.617563e-008 0.0876987
1.61923e-008 0.0355628
1.620896e-008 0.00759595
1.622563e-008 0.00845912
1.62423e-008 -0.0230468
1.625896e-008 -0.07665
1.627563e-008 -0.102027
1.62923e-008 -0.0775132
1.630896e-008 -0.0152782
1.632563e-008 0.0248595
1.63423e-008 0.00561064
1.635896e-008 -0.00794122
1.637563e-008 0.0252047
1.63923e-008 0.034786
1.640896e-008 0.00612855
1.642563e-008 0.0113939
1.64423e-008 0.0208889
1.645896e-008 -0.036426
1.647563e-008 -0.0841596
1.64923e-008 -0.045662
1.650896e-008 -0.00664645
1.652563e-008 -0.0249458
1.65423e-008 -0.0269311
1.655896e-008 0.00681909
1.657563e-008 0.0167456
1.65923e-008 0.0158824
1.660896e-008 0.0396198
1.662563e-008 0.0433314
1.66423e-008 0.0019853
1.665896e-008 -0.0211478
1.667563e-008 0.00845912
1.66923e-008 0.0344407
1.670896e-008 0.00811385
1.672563e-008 -0.0362534
1.67423e-008 -0.0463525
1.675896e-008 -0.0359944
1.677563e-008 -0.0362534
1.67923e-008 -0.0177814
1.680896e-008 0.0350449
1.682563e-008 0.0637024
1.68423e-008 0.0537758
1.685896e-008 0.062235
1.687563e-008 0.0708667
1.68923e-008 0.0233921
1.690896e-008 -0.0216657
1.692563e-008 -0.00362534
1.69423e-008 0.0147603
1.695896e-008 0.00181267
1.697563e-008 0.00181267
1.69923e-008 -0.0114802
1.700896e-008 -0.0529127
1.702563e-008 -0.0300385
1.70423e-008 0.0401377
1.705896e-008 0.0172635
1.707563e-008 -0.0542074
1.70923e-008 -0.0235647
1.710896e-008 0.0457483
1.712563e-008 0.0339228
1.71423e-008 0.00302112
1.715896e-008 -0.00302112
1.717563e-008 -0.0362534
1.71923e-008 -0.0435041
1.720896e-008 0.0204573
1.722563e-008 0.0270174
1.72423e-008 -0.0554159
1.725896e-008 -0.0647382
1.727563e-008 0.0102718
1.72923e-008 0.0230468
1.730896e-008 -0.0105307
1.732563e-008 8.63176e-005
1.73423e-008 0.00241689
1.735896e-008 -0.032887
1.737563e-008 -0.0267584
1.73923e-008 0.00742331
1.740896e-008 -0.00845912
1.742563e-008 -0.0400514
1.74423e-008 -0.0331459
1.745896e-008 -0.0153645
1.747563e-008 0.00466115
1.74923e-008 0.0361671
1.750896e-008 0.0302112
1.752563e-008 -0.0224426
1.75423e-008 -0.0454894
1.755896e-008 -0.0180404
1.757563e-008 -0.000172635
1.75923e-008 -0.0180404
1.760896e-008 -0.0537758
1.762563e-008 -0.0860586
1.76423e-008 -0.0847639
1.765896e-008 -0.047561
1.767563e-008 -0.0179541
1.76923e-008 -0.0106171
1.770896e-008 -0.00233057
1.772563e-008 0.00181267
1.77423e-008 -0.00906335
1.775896e-008 -0.00992652
1.777563e-008 0.00569696
1.77923e-008 0.0103581
1.780896e-008 0.00319375
1.782563e-008 0.00310743
1.78423e-008 0.00224426
1.785896e-008 -0.0115666
1.787563e-008 -0.0249458
1.78923e-008 -0.0173498
1.790896e-008 0.0141561
1.792563e-008 0.0435904
1.79423e-008 0.0353039
1.795896e-008 -0.00310743
1.797563e-008 -0.022011
1.79923e-008 -0.00189899
1.800896e-008 0.0204573
1.802563e-008 0.00656014
1.80423e-008 -0.0337502
1.805896e-008 -0.0537758
1.807563e-008 -0.0363397
1.80923e-008 -0.0216657
1.810896e-008 -0.0288301
1.812563e-008 -0.0200257
1.81423e-008 0.0014674
1.815896e-008 -0.0141561
1.817563e-008 -0.0341818
1.81923e-008 0.0083728
1.820896e-008 0.0566243
1.822563e-008 0.0264995
1.82423e-008 -0.0266721
1.825896e-008 -0.0327144
1.827563e-008 -0.0355628
1.82923e-008 -0.0589549
1.830896e-008 -0.0479063
1.832563e-008 -0.00871807
1.83423e-008 -0.00457483
1.835896e-008 -0.023651
1.837563e-008 -0.0161414
1.83923e-008 0.00336639
1.840896e-008 0.00233057
1.842563e-008 -0.00535169
1.84423e-008 -0.00172635
1.845896e-008 -0.00517905
1.847563e-008 -0.0263269
1.84923e-008 -0.0264132
1.850896e-008 0.0185583
1.852563e-008 0.0410872
1.85423e-008 -0.0156235
1.855896e-008 -0.064134
1.857563e-008 -0.0083728
1.85923e-008 0.0730247
1.860896e-008 0.069572
1.862563e-008 0.020112
1.86423e-008 -0.00422956
1.865896e-008 -0.00569696
1.867563e-008 0.012775
1.86923e-008 0.0329733
1.870896e-008 0.00422956
1.872563e-008 -0.0316785
1.87423e-008 0.00362534
1.875896e-008 0.0406556
1.877563e-008 0.00448851
1.87923e-008 -0.0116529
1.880896e-008 0.025291
1.882563e-008 -0.00129476
1.88423e-008 -0.064134
1.885896e-008 -0.025809
1.887563e-008 0.0453167
1.88923e-008 0.021752
1.890896e-008 -0.0129476
1.892563e-008 0.0200257
1.89423e-008 0.0376345
1.895896e-008 0.0285711
1.897563e-008 0.0579191
1.89923e-008 0.0662919
1.900896e-008 0.00906335
1.902563e-008 -0.00673277
1.90423e-008 0.0438493
1.905896e-008 0.036685
1.907563e-008 -0.0457483
1.90923e-008 -0.0897703
1.910896e-008 -0.0537758
1.912563e-008 0.00578328
1.91423e-008 0.0266721
1.915896e-008 0.00120845
1.917563e-008 -0.000690541
1.91923e-008 0.0536895
1.920896e-008 0.072852
1.922563e-008 0.0235647
1.92423e-008 0.0100128
1.925896e-008 0.0307291
1.927563e-008 -0.0301248
1.92923e-008 -0.111177
1.930896e-008 -0.0616307
1.932563e-008 0.0409145
1.93423e-008 0.0340954
1.935896e-008 -0.0384113
1.937563e-008 -0.0564517
1.93923e-008 -0.0230468
1.940896e-008 0.00448851
1.942563e-008 -0.00164003
1.94423e-008 -0.0258953
1.945896e-008 -0.00656014
1.947563e-008 0.0573149
1.94923e-008 0.0630981
1.950896e-008 -0.00940862
1.952563e-008 -0.0555885
1.95423e-008 -0.0486831
1.955896e-008 -0.0420367
1.957563e-008 -0.0248595
1.95923e-008 0.00535169
1.960896e-008 -0.00379797
1.962563e-008 -0.0156235
1.96423e-008 0.0306427
1.965896e-008 0.0532579
1.967563e-008 -0.00362534
1.96923e-008 -0.0279669
1.970896e-008 0.0191625
1.972563e-008 0.02391
1.97423e-008 -0.0175225
1.975896e-008 -0.000604223
1.977563e-008 0.0453167
1.97923e-008 0.021752
1.980896e-008 -0.0435904
1.982563e-008 -0.0694856
1.98423e-008 -0.045403
1.985896e-008 -0.00362534
1.987563e-008 0.0161414
1.98923e-008 0.00181267
1.990896e-008 -0.00302112
1.992563e-008 0.0116529
1.99423e-008 -0.0114802
1.995896e-008 -0.0567106
1.997563e-008 -0.0344407
1.99923e-008 0.0337502
2.000896e-008 0.0428135
2.002563e-008 -0.00906335
2.00423e-008 -0.0453167
2.005896e-008 -0.0398787
2.007563e-008 -0.0122571
2.00923e-008 0.0019853
2.010896e-008 -0.0300385
2.012563e-008 -0.0706078
2.01423e-008 -0.0522221
2.015896e-008 -0.0019853
2.017563e-008 0.0151056
2.01923e-008 0.0107897
2.020896e-008 0.00500642
2.022563e-008 -0.0145014
2.02423e-008 -0.00414324
2.025896e-008 0.070953
2.027563e-008 0.122139
2.02923e-008 0.0741468
2.030896e-008 -0.00284848
2.032563e-008 -0.0310743
2.03423e-008 -0.0195078
2.035896e-008 0.0150193
2.037563e-008 0.0422956
2.03923e-008 0.00207162
2.040896e-008 -0.0699172
2.042563e-008 -0.058437
2.04423e-008 0.0235647
2.045896e-008 0.0466978
2.047563e-008 -0.00949493
2.04923e-008 -0.0432451
2.050896e-008 -0.0150193
2.052563e-008 0.00940862
2.05423e-008 -0.0176088
2.055896e-008 -0.0452304
2.057563e-008 -0.0115666
2.05923e-008 0.0278806
2.060896e-008 -0.0150193
2.062563e-008 -0.0727657
2.06423e-008 -0.0361671
2.065896e-008 0.00940862
2.067563e-008 -0.0498916
2.06923e-008 -0.0992652
2.070896e-008 -0.0222699
2.072563e-008 0.0501505
2.07423e-008 0.0119981
2.075896e-008 -0.00897703
2.077563e-008 0.0570559
2.07923e-008 0.0754416
2.080896e-008 -0.00328007
2.082563e-008 -0.0529127
2.08423e-008 -0.0248595
2.085896e-008 -0.0019853
2.087563e-008 -0.0113939
2.08923e-008 -0.00716436
2.090896e-008 0.00923598
2.092563e-008 0.00621487
2.09423e-008 0.00509274
2.095896e-008 0.0320238
2.097563e-008 0.0429862
2.09923e-008 0.00189899
2.100896e-008 -0.0275353
2.102563e-008 0.00940862
2.10423e-008 0.0419503
2.105896e-008 0.00509274
2.107563e-008 -0.0359081
2.10923e-008 -0.0285711
2.110896e-008 -0.0248595
2.112563e-008 -0.0353902
2.11423e-008 -0.0104444
2.115896e-008 0.0116529
2.117563e-008 -0.0303838
2.11923e-008 -0.069313
2.120896e-008 -0.0296069
2.122563e-008 0.0304701
2.12423e-008 0.0357355
2.125896e-008 -0.00569696
2.127563e-008 -0.0562791
2.12923e-008 -0.074751
2.130896e-008 -0.0379797
2.132563e-008 0.00120845
2.13423e-008 -0.0128613
2.135896e-008 -0.0400514
2.137563e-008 -0.0320238
2.13923e-008 -0.0113076
2.140896e-008 0.0029348
2.142563e-008 0.0169182
2.14423e-008 0.0215794
2.145896e-008 0.0244279
2.147563e-008 0.0338365
2.14923e-008 0.0117392
2.150896e-008 -0.0315922
2.152563e-008 -0.0141561
2.15423e-008 0.0416051
2.155896e-008 0.0315922
2.157563e-008 -0.0078549
2.15923e-008 0.0221836
2.160896e-008 0.067673
2.162563e-008 0.0427272
2.16423e-008 -0.0100128
2.165896e-008 -0.0395334
2.167563e-008 -0.0492873
2.16923e-008 -0.0272764
2.170896e-008 -0.00258953
2.172563e-008 -0.0362534
2.17423e-008 -0.0662056
2.175896e-008 -0.0058696
2.177563e-008 0.0488557
2.17923e-008 -0.00431588
2.180896e-008 -0.0642203
2.182563e-008 -0.0356492
2.18423e-008 0.00215794
2.185896e-008 -0.0161414
2.187563e-008 -0.0377208
2.18923e-008 -0.0176088
2.190896e-008 0.0270174
2.192563e-008 0.045403
2.19423e-008 -0.0100992
2.195896e-008 -0.095122
2.197563e-008 -0.0990926
2.19923e-008 -0.0238237
2.200896e-008 0.0228742
2.202563e-008 0.014674
2.20423e-008 0.00845912
2.205896e-008 0.0220973
2.207563e-008 0.0452304
2.20923e-008 0.0719025
2.210896e-008 0.0711257
2.212563e-008 0.0216657
2.21423e-008 -0.043763
2.215896e-008 -0.0798438
2.217563e-008 -0.0670688
2.21923e-008 -0.0302975
2.220896e-008 -0.0296932
2.222563e-008 -0.0626666
2.22423e-008 -0.0451441
2.225896e-008 0.0263269
2.227563e-008 0.0566243
2.22923e-008 0.0301248
2.230896e-008 0.00371166
2.232563e-008 -0.0122571
2.23423e-008 0.00371166
2.235896e-008 0.0717299
2.237563e-008 0.0825196
2.23923e-008 -0.0296069
2.240896e-008 -0.100301
2.242563e-008 -0.0331459
2.24423e-008 0.00914966
2.245896e-008 -0.0376345
2.247563e-008 -0.0268448
2.24923e-008 0.041864
2.250896e-008 0.0375481
2.252563e-008 0.00414324
2.25423e-008 0.0243416
2.255896e-008 0.0166593
2.257563e-008 -0.0378934
2.25923e-008 -0.0229605
2.260896e-008 0.0420367
2.262563e-008 0.034527
2.26423e-008 -0.0157961
2.265896e-008 -0.0159688
2.267563e-008 0.00543801
2.26923e-008 0.0034527
2.270896e-008 0.00630118
2.272563e-008 0.0222699
2.27423e-008 0.0206299
2.275896e-008 0.000776858
2.277563e-008 -0.0098402
2.27923e-008 0.00759595
2.280896e-008 0.0407419
2.282563e-008 0.0488557
2.28423e-008 0.019853
2.285896e-008 -0.00845912
2.287563e-008 -0.0168319
2.28923e-008 -0.0222699
2.290896e-008 -0.0321101
2.292563e-008 -0.0463525
2.29423e-008 -0.0516179
2.295896e-008 -0.0145877
2.297563e-008 0.032887
2.29923e-008 0.0100992
2.300896e-008 -0.0408282
2.302563e-008 -0.014674
2.30423e-008 0.0234784
2.305896e-008 -0.0325417
2.307563e-008 -0.0821743
2.30923e-008 -0.0299522
2.310896e-008 -0.00552432
2.312563e-008 -0.0811385
2.31423e-008 -0.107034
2.315896e-008 -0.0290027
2.317563e-008 0.0134655
2.31923e-008 -0.0142424
2.320896e-008 -0.0101855
2.322563e-008 0.0333186
2.32423e-008 0.0501505
2.325896e-008 0.0428998
2.327563e-008 0.0354765
2.32923e-008 0.0214931
2.330896e-008 0.0114802
2.332563e-008 0.0134655
2.33423e-008 0.00267584
2.335896e-008 -0.0226152
2.337563e-008 -0.0368576
2.33923e-008 -0.0374618
2.340896e-008 -0.0251184
2.342563e-008 0.00897703
2.34423e-008 0.0370302
2.345896e-008 0.0305564
2.347563e-008 0.02719
2.34923e-008 0.0543801
2.350896e-008 0.063875
2.352563e-008 0.0348723
2.35423e-008 0.0197667
2.355896e-008 0.02555
2.357563e-008 0.00466115
2.35923e-008 -0.0204573
2.360896e-008 0.000517905
2.362563e-008 0.0207162
2.36423e-008 -0.00845912
2.365896e-008 -0.0192488
2.367563e-008 0.0259816
2.36923e-008 0.0318512
2.370896e-008 -0.0389292
2.372563e-008 -0.071212
2.37423e-008 -0.00802753
2.375896e-008 0.0572286
2.377563e-008 0.0557612
2.37923e-008 0.018472
2.380896e-008 -0.0119118
2.382563e-008 -0.0110486
2.38423e-008 0.016314
2.385896e-008 0.00975389
2.387563e-008 -0.047302
2.38923e-008 -0.0624939
2.390896e-008 -8.63176e-005
2.392563e-008 0.0382387
2.39423e-008 0.00621487
2.395896e-008 -0.0199394
2.397563e-008 -0.0132066
2.39923e-008 -0.0112213
2.400896e-008 -8.63176e-005
2.402563e-008 0.0277943
2.40423e-008 0.0175225
2.405896e-008 -0.0227015
2.407563e-008 -0.0179541
2.40923e-008 0.0183856
2.410896e-008 0.0192488
2.412563e-008 -0.00129476
2.41423e-008 -0.00690541
2.415896e-008 -0.0131203
2.417563e-008 -0.0132066
2.41923e-008 0.0129476
2.420896e-008 0.0159688
2.422563e-008 -0.0325417
2.42423e-008 -0.0542938
2.425896e-008 -0.00431588
2.427563e-008 0.0454894
2.42923e-008 0.0435041
2.430896e-008 0.0185583
2.432563e-008 -0.0049201
2.43423e-008 -0.0106171
2.435896e-008 0.0213204
2.437563e-008 0.0447988
2.43923e-008 -0.00112213
2.440896e-008 -0.0594728
2.442563e-008 -0.0479926
2.44423e-008 -0.0155372
2.445896e-008 -0.02555
2.447563e-008 -0.0295206
2.44923e-008 -0.00716436
2.450896e-008 -0.0239963
2.452563e-008 -0.0587823
2.45423e-008 -0.0173498
2.455896e-008 0.0667235
2.457563e-008 0.0869218
2.45923e-008 0.0533443
2.460896e-008 0.0275353
2.462563e-008 0.00371166
2.46423e-008 -0.0228742
2.465896e-008 -0.0334912
2.467563e-008 -0.04946
2.46923e-008 -0.0687951
2.470896e-008 -0.0398787
2.472563e-008 0.00889071
2.47423e-008 0.00422956
2.475896e-008 -0.0019853
2.477563e-008 0.0587823
2.47923e-008 0.0982294
2.480896e-008 0.0505821
2.482563e-008 0.0209752
2.48423e-008 0.0579191
2.485896e-008 0.0547253
2.487563e-008 -0.00794122
2.48923e-008 -0.0268448
2.490896e-008 -0.00595591
2.492563e-008 -0.0315059
2.49423e-008 -0.0696583
2.495896e-008 -0.0367713
2.497563e-008 0.0209752
2.49923e-008 0.00949493
2.500896e-008 -0.039965
2.502563e-008 -0.0253774
2.50423e-008 0.0502368
2.505896e-008 0.0861449
2.507563e-008 0.0602497
2.50923e-008 0.0497189
2.510896e-008 0.0558475
2.512563e-008 0.00397061
2.51423e-008 -0.0595591
2.515896e-008 -0.0247731
2.517563e-008 0.0430725
2.51923e-008 0.0105307
2.520896e-008 -0.0593002
2.522563e-008 -0.0398787
2.52423e-008 0.0170046
2.525896e-008 0.020112
2.527563e-008 0.00802753
2.52923e-008 0.0188172
2.530896e-008 0.0159688
2.532563e-008 0.00233057
2.53423e-008 0.00742331
2.535896e-008 0.00543801
2.537563e-008 -0.0152782
2.53923e-008 -0.0196804
2.540896e-008 -0.0132066
2.542563e-008 -0.0194215
2.54423e-008 -0.0104444
2.545896e-008 0.0173498
2.547563e-008 0.00923598
2.54923e-008 -0.0310743
2.550896e-008 -0.0403966
2.552563e-008 -0.0179541
2.55423e-008 -0.0083728
2.555896e-008 -0.0107897
2.557563e-008 -0.0123434
2.55923e-008 -0.0241689
2.560896e-008 -0.0336639
2.562563e-008 -0.0215794
2.56423e-008 -0.00699172
2.565896e-008 0.0063875
2.567563e-008 0.0445399
2.56923e-008 0.071471
2.570896e-008 0.027449
2.572563e-008 -0.0327144
2.57423e-008 -0.0171772
2.575896e-008 0.025291
2.577563e-008 -0.000776858
2.57923e-008 -0.0517042
2.580896e-008 -0.0430725
2.582563e-008 -0.00725068
2.58423e-008 0.00422956
2.585896e-008 0.0136382
2.587563e-008 0.0212341
2.58923e-008 -0.00112213
2.590896e-008 -0.0180404
2.592563e-008 -0.00656014
2.59423e-008 -0.0206299
2.595896e-008 -0.0485105
2.597563e-008 -0.0107034
2.59923e-008 0.0439356
2.600896e-008 0.0164867
2.602563e-008 -0.0234784
2.60423e-008 0.00889071
2.605896e-008 0.0233921
2.607563e-008 -0.0254637
2.60923e-008 -0.0235647
2.610896e-008 0.0362534
2.612563e-008 0.0360807
2.61423e-008 0.0049201
2.615896e-008 0.0346997
2.617563e-008 0.0516179
2.61923e-008 -0.00906335
2.620896e-008 -0.0497189
2.622563e-008 -0.0344407
2.62423e-008 -0.0468704
2.625896e-008 -0.0706941
2.627563e-008 -0.0340091
2.62923e-008 0.00707804
2.630896e-008 -0.0133792
2.632563e-008 -0.0391882
2.63423e-008 -0.0224426
2.635896e-008 0.00707804
2.637563e-008 0.0232194
2.63923e-008 0.00776858
2.640896e-008 -0.0386703
2.642563e-008 -0.0481652
2.64423e-008 0.00569696
2.645896e-008 0.0307291
2.647563e-008 -0.00802753
2.64923e-008 -0.0244279
2.650896e-008 -0.00569696
2.652563e-008 -0.0131203
2.65423e-008 -0.00940862
2.655896e-008 0.0431588
2.657563e-008 0.0448851
2.65923e-008 -0.0410872
2.660896e-008 -0.072852
2.662563e-008 0.0119981
2.66423e-008 0.0798438
2.665896e-008 0.0465252
2.667563e-008 -0.0093223
2.66923e-008 -0.0172635
2.670896e-008 -0.00630118
2.672563e-008 -0.0138108
2.67423e-008 -0.0302112
2.675896e-008 -0.0397924
2.677563e-008 -0.0480789
2.67923e-008 -0.0511863
2.680896e-008 -0.0219247
2.682563e-008 0.0283122
2.68423e-008 0.0365123
2.685896e-008 -0.0044022
2.687563e-008 -0.0214931
2.68923e-008 0.00448851
2.690896e-008 0.0188172
2.692563e-008 0.0164867
2.69423e-008 0.0276216
2.695896e-008 0.0286574
2.697563e-008 0.00880439
2.69923e-008 0.00750963
2.700896e-008 0.0104444
2.702563e-008 -0.0234784
2.70423e-008 -0.047561
2.705896e-008 -0.0231331
2.707563e-008 -0.0138971
2.70923e-008 -0.0384113
2.710896e-008 -0.0284848
2.712563e-008 0.00820017
2.71423e-008 0.0195078
2.715896e-008 0.036426
2.717563e-008 0.0582644
2.71923e-008 0.00267584
2.720896e-008 -0.0883892
2.722563e-008 -0.0849365
2.72423e-008 -0.0333186
2.725896e-008 -0.0574875
2.727563e-008 -0.102977
2.72923e-008 -0.0803617
2.730896e-008 -0.0472157
2.732563e-008 -0.0407419
2.73423e-008 -0.0129476
2.735896e-008 0.0049201
2.737563e-008 -0.0339228
2.73923e-008 -0.0436767
2.740896e-008 0.0239963
2.742563e-008 0.0543801
2.74423e-008 -0.00966757
2.745896e-008 -0.0688814
2.747563e-008 -0.0628392
2.74923e-008 -0.0346997
2.750896e-008 -0.0138108
2.752563e-008 -0.00241689
2.75423e-008 -0.00906335
2.755896e-008 -0.0179541
2.757563e-008 -0.00483378
2.75923e-008 0.0220973
2.760896e-008 0.0435904
2.762563e-008 0.0441083
2.76423e-008 0.0190762
2.765896e-008 0.00966757
2.767563e-008 0.0436767
2.76923e-008 0.0525674
2.770896e-008 -0.0126024
2.772563e-008 -0.0658603
2.77423e-008 -0.0434177
2.775896e-008 -0.0199394
2.777563e-008 -0.0377208
2.77923e-008 -0.0346133
2.780896e-008 -0.00828649
2.782563e-008 -0.0166593
2.78423e-008 -0.0254637
2.785896e-008 0.0220973
2.787563e-008 0.0633571
2.78923e-008 0.0296932
2.790896e-008 -0.022011
2.792563e-008 -0.0243416
2.79423e-008 -0.00647382
2.795896e-008 -0.00405693
2.797563e-008 0.00414324
2.79923e-008 0.0239963
2.800896e-008 0.0262405
2.802563e-008 0.0185583
2.80423e-008 0.0306427
2.805896e-008 0.0351313
2.807563e-008 -0.0019853
2.80923e-008 -0.0286574
2.810896e-008 0.00112213
2.812563e-008 0.0129476
2.81423e-008 -0.0484242
2.815896e-008 -0.0857997
2.817563e-008 -0.0234784
2.81923e-008 0.0493737
2.820896e-008 0.0511863
2.822563e-008 0.0264995
2.82423e-008 0.0142424
2.825896e-008 0.00267584
2.827563e-008 0.0104444
2.82923e-008 0.0386703
2.830896e-008 0.0321965
2.832563e-008 -0.00966757
2.83423e-008 -0.0318512
2.835896e-008 -0.0365123
2.837563e-008 -0.0378934
2.83923e-008 -0.00647382
2.840896e-008 0.025809
2.842563e-008 -0.00854544
2.84423e-008 -0.0502368
2.845896e-008 -0.0139834
2.847563e-008 0.0242552
2.84923e-008 -0.0190762
2.850896e-008 -0.0580917
2.852563e-008 -0.0155372
2.85423e-008 0.032887
2.855896e-008 0.0246005
2.857563e-008 0.00699172
2.85923e-008 0.00906335
2.860896e-008 -0.0044022
2.862563e-008 -0.036685
2.86423e-008 -0.0408282
2.865896e-008 -0.000431588
2.867563e-008 0.0410872
2.86923e-008 0.0477336
2.870896e-008 0.0436767
2.872563e-008 0.0523084
2.87423e-008 0.0409145
2.875896e-008 -0.00164003
2.877563e-008 -0.0231331
2.87923e-008 -0.0104444
2.880896e-008 -0.0106171
2.882563e-008 -0.0233057
2.88423e-008 -0.0145877
2.885896e-008 -0.000776858
2.887563e-008 0.00189899
2.88923e-008 0.0141561
2.890896e-008 0.02719
2.892563e-008 0.0276216
2.89423e-008 0.0431588
2.895896e-008 0.0558475
2.897563e-008 0.0150193
2.89923e-008 -0.0211478
2.900896e-008 0.0234784
2.902563e-008 0.0692267
2.90423e-008 0.0332323
2.905896e-008 -0.00733699
2.907563e-008 0.00569696
2.90923e-008 0.00716436
2.910896e-008 -0.0232194
2.912563e-008 -0.0354765
2.91423e-008 -0.0321101
2.915896e-008 -0.0285711
2.917563e-008 -0.00759595
2.91923e-008 0.0103581
2.920896e-008 0.00759595
2.922563e-008 0.0225289
2.92423e-008 0.038325
2.925896e-008 -0.00233057
2.927563e-008 -0.0373755
2.92923e-008 0.00863176
2.930896e-008 0.0464389
2.932563e-008 0.000172635
2.93423e-008 -0.0352176
2.935896e-008 -8.63176e-005
2.937563e-008 0.0324554
2.93923e-008 0.0346133
2.940896e-008 0.0396198
2.942563e-008 0.0273627
2.94423e-008 -0.00992652
2.945896e-008 -0.0235647
2.947563e-008 -0.00733699
2.94923e-008 0.0179541
2.950896e-008 0.0595591
2.952563e-008 0.074751
2.95423e-008 0.00897703
2.955896e-008 -0.0579191
2.957563e-008 -0.0290027
2.95923e-008 0.0211478
2.960896e-008 -0.00405693
2.962563e-008 -0.0534306
2.96423e-008 -0.0678456
2.965896e-008 -0.0721615
2.967563e-008 -0.0631845
2.96923e-008 -0.0170046
2.970896e-008 0.0208025
2.972563e-008 0.0132929
2.97423e-008 0.0034527
2.975896e-008 0.0232194
2.977563e-008 0.0468704
2.97923e-008 0.0466978
2.980896e-008 0.0178677
2.982563e-008 -0.0121708
2.98423e-008 -0.000863176
2.985896e-008 0.0264132
2.987563e-008 0.00207162
2.98923e-008 -0.0447125
2.990896e-008 -0.0362534
2.992563e-008 -0.00138108
2.99423e-008 0.00725068
2.995896e-008 0.0294343
2.997563e-008 0.0658603
2.99923e-008 0.0400514
3.000896e-008 -0.00526537
3.002563e-008 0.0372029
3.00423e-008 0.0895976
3.005896e-008 0.0238237
3.007563e-008 -0.0626666
3.00923e-008 -0.0305564
3.010896e-008 0.0408282
3.012563e-008 0.0379797
3.01423e-008 -0.000258953
3.015896e-008 -0.0291753
3.017563e-008 -0.0548117
3.01923e-008 -0.0353902
3.020896e-008 0.0271037
3.022563e-008 0.0285711
3.02423e-008 -0.0318512
3.025896e-008 -0.0365123
3.027563e-008 0.00474747
3.02923e-008 -0.00034527
3.030896e-008 -0.0100992
3.032563e-008 0.0210615
3.03423e-008 0.00431588
3.035896e-008 -0.0613718
3.037563e-008 -0.0428998
3.03923e-008 0.0365123
3.040896e-008 0.0283122
3.042563e-008 -0.0416914
3.04423e-008 -0.0503231
3.045896e-008 -0.0119981
3.047563e-008 0.0190762
3.04923e-008 0.0523084
3.050896e-008 0.0537758
3.052563e-008 -0.00310743
3.05423e-008 -0.0252047
3.055896e-008 0.0278806
3.057563e-008 0.0393608
3.05923e-008 -0.0343544
3.060896e-008 -0.0846775
3.062563e-008 -0.0686225
3.06423e-008 -0.0434177
3.065896e-008 -0.0207162
3.067563e-008 0.0107034
3.06923e-008 0.0246005
3.070896e-008 0.0277079
3.072563e-008 0.052999
3.07423e-008 0.0741468
3.075896e-008 0.0497189
3.077563e-008 -0.00120845
3.07923e-008 -0.0406556
3.080896e-008 -0.0535169
3.082563e-008 -0.0403966
3.08423e-008 -0.0266721
3.085896e-008 -0.0415188
3.087563e-008 -0.0710394
3.08923e-008 -0.0794122
3.090896e-008 -0.0544664
3.092563e-008 -0.0134655
3.09423e-008 0.00664645
3.095896e-008 -0.0044022
3.097563e-008 0.00535169
3.09923e-008 0.05274
3.100896e-008 0.058696
3.102563e-008 0.0029348
3.10423e-008 -0.0162277
3.105896e-008 0.0183856
3.107563e-008 0.00923598
3.10923e-008 -0.0447988
3.110896e-008 -0.0594728
3.112563e-008 -0.0439356
3.11423e-008 -0.0411735
3.115896e-008 -0.0218383
3.117563e-008 0.0107897
3.11923e-008 -0.00034527
3.120896e-008 -0.034786
3.122563e-008 -0.0339228
3.12423e-008 -0.0119118
3.125896e-008 0.00949493
3.127563e-008 0.0328007
3.12923e-008 0.0133792
3.130896e-008 -0.062235
3.132563e-008 -0.0926188
3.13423e-008 -0.0279669
3.135896e-008 0.0245142
3.137563e-008 -0.0150193
3.13923e-008 -0.0832965
3.140896e-008 -0.100646
3.142563e-008 -0.0637024
3.14423e-008 -0.0102718
3.145896e-008 0.0203709
3.147563e-008 0.0168319
3.14923e-008 0.00405693
3.150896e-008 0.00181267
3.152563e-008 0.00466115
3.15423e-008 0.000172635
3.155896e-008 -0.0241689
3.157563e-008 -0.0504095
3.15923e-008 -0.0260679
3.160896e-008 0.0351313
3.162563e-008 0.0387566
3.16423e-008 -0.0213204
3.165896e-008 -0.0394471
3.167563e-008 0.00422956
3.16923e-008 0.025809
3.170896e-008 0.0121708
3.172563e-008 0.0134655
3.17423e-008 0.023651
3.175896e-008 0.0208889
3.177563e-008 0.0227015
3.17923e-008 0.0268448
3.180896e-008 0.0102718
3.182563e-008 -0.0208889
3.18423e-008 -0.0544664
3.185896e-008 -0.0737152
3.187563e-008 -0.0428998
3.18923e-008 0.0106171
3.190896e-008 0.00224426
3.192563e-008 -0.0403966
3.19423e-008 -0.00509274
3.195896e-008 0.0723341
3.197563e-008 0.0576601
3.19923e-008 -0.0192488
3.200896e-008 -0.0267584
3.202563e-008 0.0168319
3.20423e-008 0.00802753
3.205896e-008 -0.0340954
3.207563e-008 -0.0359081
3.20923e-008 -0.0191625
3.210896e-008 -0.029089
3.212563e-008 -0.0349586
3.21423e-008 -0.0110486
3.215896e-008 0.00371166
3.217563e-008 -0.00302112
3.21923e-008 0.0159688
3.220896e-008 0.0613718
3.222563e-008 0.0738015
3.22423e-008 0.0531716
3.225896e-008 0.0488557
3.227563e-008 0.0432451
3.22923e-008 0.00224426
3.230896e-008 -0.0185583
3.232563e-008 0.013034
3.23423e-008 0.0112213
3.235896e-008 -0.0537758
3.237563e-008 -0.0702625
3.23923e-008 -0.00112213
3.240896e-008 0.0378934
3.242563e-008 0.00207162
3.24423e-008 -0.0109623
3.245896e-008 0.0447988
3.247563e-008 0.0935682
3.24923e-008 0.0707804
3.250896e-008 0.00397061
3.252563e-008 -0.0281395
3.25423e-008 0.0150193
3.255896e-008 0.0725068
3.257563e-008 0.0567106
3.25923e-008 -0.0110486
3.260896e-008 -0.0424682
3.262563e-008 -0.0265858
3.26423e-008 -0.0137245
3.265896e-008 -0.0160551
3.267563e-008 -0.020112
3.26923e-008 -0.029089
3.270896e-008 -0.0356492
3.272563e-008 -0.0225289
3.27423e-008 0.00258953
3.275896e-008 0.0245142
3.277563e-008 0.0442809
3.27923e-008 0.0537758
3.280896e-008 0.0340954
3.282563e-008 -0.00267584
3.28423e-008 -0.0185583
3.285896e-008 -0.00664645
3.287563e-008 -0.00129476
3.28923e-008 -0.016573
3.290896e-008 -0.0227015
3.292563e-008 -0.00992652
3.29423e-008 -0.00940862
3.295896e-008 -0.0123434
3.297563e-008 0.0260679
3.29923e-008 0.0705215
3.300896e-008 0.0408282
3.302563e-008 -0.0300385
3.30423e-008 -0.0445399
3.305896e-008 -0.0114802
3.307563e-008 0.0014674
3.30923e-008 -0.00388429
3.310896e-008 -0.0107897
3.312563e-008 -0.0376345
3.31423e-008 -0.0643066
3.315896e-008 -0.0536032
3.317563e-008 -0.0278806
3.31923e-008 -0.00845912
3.320896e-008 0.0221836
3.322563e-008 0.0391882
3.32423e-008 0.0112213
3.325896e-008 -0.00733699
3.327563e-008 0.0170046
3.32923e-008 0.00949493
3.330896e-008 -0.0542938
3.332563e-008 -0.0813975
3.33423e-008 -0.0438493
3.335896e-008 -0.0264995
3.337563e-008 -0.0561927
3.33923e-008 -0.0656877
3.340896e-008 -0.0262405
3.342563e-008 0.0171772
3.34423e-008 0.0254637
3.345896e-008 0.00422956
3.347563e-008 -0.0238237
3.34923e-008 -0.0405693
3.350896e-008 -0.0285711
3.352563e-008 0.0103581
3.35423e-008 0.0199394
3.355896e-008 -0.0404829
3.357563e-008 -0.0901155
3.35923e-008 -0.0403966
3.360896e-008 0.0265858
3.362563e-008 -8.63176e-005
3.36423e-008 -0.045662
3.365896e-008 -0.0122571
3.367563e-008 0.0259816
3.36923e-008 0.00241689
3.370896e-008 -0.00828649
3.372563e-008 0.0219247
3.37423e-008 0.0180404
3.375896e-008 -0.0177814
3.377563e-008 -0.0175225
3.37923e-008 0.00742331
3.380896e-008 0.0155372
3.382563e-008 0.0190762
3.38423e-008 0.0203709
3.385896e-008 -0.00526537
3.387563e-008 -0.0438493
3.38923e-008 -0.058696
3.390896e-008 -0.0391019
3.392563e-008 -0.000776858
3.39423e-008 0.0219247
3.395896e-008 0.0118255
3.397563e-008 0.000431588
3.39923e-008 0.00457483
3.400896e-008 -0.00284848
3.402563e-008 -0.00828649
3.40423e-008 0.0279669
3.405896e-008 0.0639613
3.407563e-008 0.043763
3.40923e-008 0.00768226
3.410896e-008 -0.00371166
3.412563e-008 -0.0229605
3.41423e-008 -0.0540348
3.415896e-008 -0.0613718
3.417563e-008 -0.0542074
3.41923e-008 -0.0455757
3.420896e-008 -0.0183856
3.422563e-008 0.00509274
3.42423e-008 -0.00466115
3.425896e-008 -0.016314
3.427563e-008 -0.016573
3.42923e-008 -0.0282258
3.430896e-008 -0.0156235
3.432563e-008 0.0354765
3.43423e-008 0.030988
3.435896e-008 -0.0395334
3.437563e-008 -0.0409145
3.43923e-008 0.0341818
3.440896e-008 0.0377208
3.442563e-008 -0.0339228
3.44423e-008 -0.0536032
3.445896e-008 -0.0277943
3.447563e-008 -0.0396198
3.44923e-008 -0.0629255
3.450896e-008 -0.054898
3.452563e-008 -0.0526537
3.45423e-008 -0.056538
3.455896e-008 -0.0116529
3.457563e-008 0.0523084
3.45923e-008 0.039965
3.460896e-008 -0.0361671
3.462563e-008 -0.049201
3.46423e-008 0.0384976
3.465896e-008 0.0960715
3.467563e-008 0.0333186
3.46923e-008 -0.0500642
3.470896e-008 -0.0533443
3.472563e-008 -0.0290027
3.47423e-008 -0.0157961
3.475896e-008 0.0342681
3.477563e-008 0.0719025
3.47923e-008 0.00371166
3.480896e-008 -0.073111
3.482563e-008 -0.0232194
3.48423e-008 0.0544664
3.485896e-008 0.0248595
3.487563e-008 -0.0262405
3.48923e-008 0.0120845
3.490896e-008 0.0733699
3.492563e-008 0.0644792
3.49423e-008 0.00258953
3.495896e-008 -0.0463525
3.497563e-008 -0.0392745
3.49923e-008 -0.000604223
3.500896e-008 -0.00284848
3.502563e-008 -0.0397924
3.50423e-008 -0.030988
3.505896e-008 0.0122571
3.507563e-008 0.0150193
3.50923e-008 0.00112213
3.510896e-008 0.0181267
3.512563e-008 0.018472
3.51423e-008 -0.0164867
3.515896e-008 -0.0186446
3.517563e-008 0.0135519
3.51923e-008 0.0101855
3.520896e-008 -0.0231331
3.522563e-008 -0.0362534
3.52423e-008 -0.0319375
3.525896e-008 -0.0189899
3.527563e-008 0.0120845
3.52923e-008 0.0322828
3.530896e-008 0.0167456
3.532563e-008 0.00414324
3.53423e-008 0.0172635
3.535896e-008 0.0145014
3.537563e-008 -0.0227878
3.53923e-008 -0.0538622
3.540896e-008 -0.05274
3.542563e-008 -0.0350449
3.54423e-008 -0.0164867
3.545896e-008 -0.00733699
3.547563e-008 -0.0187309
3.54923e-008 -0.034786
3.550896e-008 -0.0229605
3.552563e-008 0.000776858
3.55423e-008 -0.0114802
3.555896e-008 -0.0473883
3.557563e-008 -0.0539485
3.55923e-008 -0.038325
3.560896e-008 -0.0263269
3.562563e-008 0.00906335
3.56423e-008 0.0451441
3.565896e-008 -0.00863176
3.567563e-008 -0.104185
3.56923e-008 -0.0841596
3.570896e-008 0.0151919
3.572563e-008 0.0208025
3.57423e-008 -0.0411735
3.575896e-008 -0.0339228
3.577563e-008 0.0058696
3.57923e-008 0.00405693
3.580896e-008 0.0212341
3.582563e-008 0.0608539
3.58423e-008 0.0342681
3.585896e-008 -0.00923598
3.587563e-008 0.0315922
3.58923e-008 0.082347
3.590896e-008 0.0533443
3.592563e-008 0.0120845
3.59423e-008 0.00742331
3.595896e-008 -0.00422956
3.597563e-008 -0.0151056
3.59923e-008 -0.00353902
3.600896e-008 -0.014415
3.602563e-008 -0.045403
3.60423e-008 -0.0424682
3.605896e-008 -0.0297796
3.607563e-008 -0.0349586
3.60923e-008 -0.0117392
3.610896e-008 0.0150193
3.612563e-008 -0.0272764
3.61423e-008 -0.058437
3.615896e-008 0.0153645
3.617563e-008 0.0698309
3.61923e-008 -0.00328007
3.620896e-008 -0.0620623
3.622563e-008 0.00319375
3.62423e-008 0.0664645
3.625896e-008 0.0390155
3.627563e-008 0.00656014
3.62923e-008 0.00328007
3.630896e-008 -0.0233057
3.632563e-008 -0.038066
3.63423e-008 0.00647382
3.635896e-008 0.0301248
3.637563e-008 -0.0152782
3.63923e-008 -0.0330596
3.640896e-008 0.0122571
3.642563e-008 0.0269311
3.64423e-008 0.00966757
3.645896e-008 0.0410008
3.647563e-008 0.0612855
3.64923e-008 -0.0131203
3.650896e-008 -0.0678456
3.652563e-008 -0.00759595
3.65423e-008 0.0334049
3.655896e-008 -0.0210615
3.657563e-008 -0.0304701
3.65923e-008 0.0354765
3.660896e-008 0.0240826
3.662563e-008 -0.0599044
3.66423e-008 -0.0648245
3.665896e-008 0.00258953
3.667563e-008 0.0362534
3.66923e-008 0.0270174
3.670896e-008 -0.0170909
3.672563e-008 -0.0946904
3.67423e-008 -0.110228
3.675896e-008 -0.0230468
3.677563e-008 0.0321965
3.67923e-008 -0.00854544
3.680896e-008 -0.0353902
3.682563e-008 -0.0138971
3.68423e-008 -0.0157098
3.685896e-008 -0.027449
3.687563e-008 -0.0132929
3.68923e-008 -0.0154508
3.690896e-008 -0.0222699
3.692563e-008 0.0166593
3.69423e-008 0.0324554
3.695896e-008 -0.0276216
3.697563e-008 -0.0492873
3.69923e-008 0.0231331
3.700896e-008 0.0620623
3.702563e-008 0.0147603
3.70423e-008 -0.0164867
3.705896e-008 0.000172635
3.707563e-008 0.00302112
3.70923e-008 -0.00716436
3.710896e-008 -0.0029348
3.712563e-008 -0.010876
3.71423e-008 -0.0370302
3.715896e-008 -0.0428998
3.717563e-008 -0.0241689
3.71923e-008 -0.000776858
3.720896e-008 0.0230468
3.722563e-008 0.0243416
3.72423e-008 -0.0161414
3.725896e-008 -0.039965
3.727563e-008 0.00750963
3.72923e-008 0.0555885
3.730896e-008 0.0232194
3.732563e-008 -0.0202846
3.73423e-008 0.016573
3.735896e-008 0.0597318
3.737563e-008 0.00699172
3.73923e-008 -0.071212
3.740896e-008 -0.065774
3.742563e-008 -0.0221836
3.74423e-008 -0.0199394
3.745896e-008 -0.0237373
3.747563e-008 0.00535169
3.74923e-008 0.0237373
3.750896e-008 0.0140698
3.752563e-008 0.0175225
3.75423e-008 0.0378934
3.755896e-008 0.0422956
3.757563e-008 0.0222699
3.75923e-008 -0.0132929
3.760896e-008 -0.0428998
3.762563e-008 -0.0336639
3.76423e-008 -0.000604223
3.765896e-008 0.00224426
3.767563e-008 -0.0168319
3.76923e-008 -0.0019853
3.770896e-008 0.038325
3.772563e-008 0.0452304
3.77423e-008 0.00958125
3.775896e-008 -0.0227878
3.777563e-008 -0.016573
3.77923e-008 0.0102718
3.780896e-008 0.0110486
3.782563e-008 -0.0093223
3.78423e-008 0.0029348
3.785896e-008 0.038325
3.787563e-008 0.0296069
3.78923e-008 -0.0152782
3.790896e-008 -0.0355628
3.792563e-008 -0.0398787
3.79423e-008 -0.0511
3.795896e-008 -0.0301248
3.797563e-008 0.0264995
3.79923e-008 0.0534306
3.800896e-008 0.0340091
3.802563e-008 0.00871807
3.80423e-008 -0.0049201
3.805896e-008 -0.00284848
3.807563e-008 0.00733699
3.80923e-008 -0.0175225
3.810896e-008 -0.0759595
3.812563e-008 -0.0908924
3.81423e-008 -0.0454894
3.815896e-008 -0.00854544
3.817563e-008 -0.00483378
3.81923e-008 -0.0138971
3.820896e-008 -0.0336639
3.822563e-008 -0.0313333
3.82423e-008 0.0235647
3.825896e-008 0.0572286
3.827563e-008 0.0109623
3.82923e-008 -0.0276216
3.830896e-008 0.00319375
3.832563e-008 0.0233921
3.83423e-008 -0.00319375
3.835896e-008 -0.00526537
3.837563e-008 0.0253774
3.83923e-008 0.0358218
3.840896e-008 0.034527
3.842563e-008 0.0356492
3.84423e-008 0.00604223
3.845896e-008 -0.0321965
3.847563e-008 -0.0173498
3.84923e-008 0.0208025
3.850896e-008 0.0118255
3.852563e-008 -0.0291753
3.85423e-008 -0.0591275
3.855896e-008 -0.0826922
3.857563e-008 -0.0897703
3.85923e-008 -0.0468704
3.860896e-008 0.0104444
3.862563e-008 0.012516
3.86423e-008 -0.0177814
3.865896e-008 -0.00612855
3.867563e-008 0.0333186
3.86923e-008 0.0283122
3.870896e-008 -0.0234784
3.872563e-008 -0.0668961
3.87423e-008 -0.0718162
3.875896e-008 -0.0321965
3.877563e-008 0.0268448
3.87923e-008 0.0300385
3.880896e-008 -0.0346133
3.882563e-008 -0.0515316
3.88423e-008 0.029348
3.885896e-008 0.0854544
3.887563e-008 0.0420367
3.88923e-008 -0.0166593
3.890896e-008 -0.0348723
3.892563e-008 -0.0367713
3.89423e-008 -0.011135
3.895896e-008 0.0318512
3.897563e-008 0.0221836
3.89923e-008 -0.0158824
3.900896e-008 0.000517905
3.902563e-008 0.0224426
3.90423e-008 -0.0113939
3.905896e-008 -0.0149329
3.907563e-008 0.041864
3.90923e-008 0.0505821
3.910896e-008 0.0153645
3.912563e-008 0.0300385
3.91423e-008 0.0382387
3.915896e-008 -0.0206299
3.917563e-008 -0.0335775
3.91923e-008 0.0357355
3.920896e-008 0.0504958
3.922563e-008 -0.00509274
3.92423e-008 -0.0200257
3.925896e-008 -0.0107897
3.927563e-008 -0.0344407
3.92923e-008 -0.0307291
3.930896e-008 0.0116529
3.932563e-008 0.00595591
3.93423e-008 -0.0262405
3.935896e-008 0.00526537
3.937563e-008 0.0602497
3.93923e-008 0.0499779
3.940896e-008 -0.00379797
3.942563e-008 -0.0289164
3.94423e-008 0.00388429
3.945896e-008 0.0599907
3.947563e-008 0.0526537
3.94923e-008 -0.0423819
3.950896e-008 -0.113939
3.952563e-008 -0.0832101
3.95423e-008 -0.0226152
3.955896e-008 -0.00353902
3.957563e-008 -0.00535169
3.95923e-008 -0.0102718
3.960896e-008 -0.0118255
3.962563e-008 0.019853
3.96423e-008 0.0592139
3.965896e-008 0.0361671
3.967563e-008 -0.0290027
3.96923e-008 -0.0559338
3.970896e-008 -0.0408282
3.972563e-008 -0.0310743
3.97423e-008 -0.0394471
3.975896e-008 -0.0506684
3.977563e-008 -0.0377208
3.97923e-008 0.0132066
3.980896e-008 0.0506684
3.982563e-008 0.0197667
3.98423e-008 -0.0334912
3.985896e-008 -0.038325
3.987563e-008 -0.018213
3.98923e-008 -0.020112
3.990896e-008 -0.0233921
3.992563e-008 -0.00621487
3.99423e-008 0.00224426
3.995896e-008 -0.0118255
3.997563e-008 -0.0154508
3.99923e-008 0.0078549
4.000896e-008 0.0254637
