LECROYSDA18000 15238 Waveform
Segments 1 SegmentSize 3002
Segment TrigTime TimeSinceSegment1
#1 02-Nov-2018 13:12:40 0                 
Time Ampl
-1.001332e-008 -0.00250321
-9.996656e-009 -0.018213
-9.979989e-009 -0.00397061
-9.963323e-009 0.0214931
-9.946656e-009 -0.0336639
-9.929989e-009 -0.104358
-9.913323e-009 -0.0700036
-9.896656e-009 0.00776858
-9.879989e-009 0.0252047
-9.863323e-009 0.00949493
-9.846656e-009 0.000517905
-9.829989e-009 -0.00923598
-9.813323e-009 -0.0105307
-9.796656e-009 -0.012775
-9.779989e-009 -0.0305564
-9.763323e-009 -0.0185583
-9.746656e-009 0.0242552
-9.729989e-009 0.0215794
-9.713323e-009 -0.00630118
-9.696656e-009 0.0157961
-9.679989e-009 0.036685
-9.663323e-009 0.0141561
-9.646656e-009 0.0262405
-9.629989e-009 0.0511863
-9.613323e-009 -0.0142424
-9.596656e-009 -0.0794122
-9.579989e-009 -0.0210615
-9.563323e-009 0.0367713
-9.546656e-009 -0.011135
-9.529989e-009 -0.034786
-9.513323e-009 0.0191625
-9.496656e-009 0.0300385
-9.479989e-009 0.00207162
-9.463323e-009 0.0214931
-9.446656e-009 0.0182993
-9.429989e-009 -0.061976
-9.413323e-009 -0.0954672
-9.396656e-009 -0.0301248
-9.379989e-009 0.0169182
-9.363323e-009 0.00707804
-9.346656e-009 0.010876
-9.329989e-009 0.0233057
-9.313323e-009 0.00448851
-9.296656e-009 -0.00664645
-9.279989e-009 0.00863176
-9.263323e-009 -0.00906335
-9.246656e-009 -0.063875
-9.229989e-009 -0.0752689
-9.213323e-009 -0.0247731
-9.196656e-009 0.0116529
-9.179989e-009 -0.00164003
-9.163323e-009 -0.0181267
-9.146656e-009 -0.0102718
-9.129989e-009 -0.00284848
-9.113323e-009 -0.00207162
-9.096656e-009 0.011135
-9.079989e-009 0.0268448
-9.063323e-009 0.0245142
-9.046656e-009 0.0154508
-9.029989e-009 0.0131203
-9.013323e-009 0.0103581
-8.996656e-009 0.0113076
-8.979989e-009 0.0247731
-8.963323e-009 0.0315059
-8.946656e-009 0.0166593
-8.929989e-009 0.00526537
-8.913323e-009 0.0169182
-8.896656e-009 0.0239963
-8.879989e-009 -0.00414324
-8.863323e-009 -0.0375481
-8.846656e-009 -0.0187309
-8.829989e-009 0.0298659
-8.813323e-009 0.020112
-8.796656e-009 -0.0336639
-8.779989e-009 -0.011135
-8.763323e-009 0.0741468
-8.746656e-009 0.060336
-8.729989e-009 -0.0568833
-8.713323e-009 -0.0968483
-8.696656e-009 -0.0277943
-8.679989e-009 -0.00172635
-8.663323e-009 -0.0463525
-8.646656e-009 -0.0470431
-8.629989e-009 0.00725068
-8.613323e-009 0.0322828
-8.596656e-009 0.0141561
-8.579989e-009 -0.010876
-8.563323e-009 -0.0264132
-8.546656e-009 -0.0110486
-8.529989e-009 0.0350449
-8.513323e-009 0.0595591
-8.496656e-009 0.043763
-8.479989e-009 0.0317649
-8.463323e-009 0.0315922
-8.446656e-009 0.0139834
-8.429989e-009 -0.00155372
-8.413323e-009 0.00949493
-8.396656e-009 0.00561064
-8.379989e-009 -0.038584
-8.363323e-009 -0.0717299
-8.346656e-009 -0.0567106
-8.329989e-009 -0.0211478
-8.313323e-009 0.00224426
-8.296656e-009 -0.00604223
-8.279989e-009 -0.045403
-8.263323e-009 -0.0534306
-8.246656e-009 0.0119981
-8.229989e-009 0.0537758
-8.213323e-009 -0.0164003
-8.196656e-009 -0.0866628
-8.179989e-009 -0.034527
-8.163323e-009 0.0414324
-8.146656e-009 0.018472
-8.129989e-009 -0.0374618
-8.113323e-009 -0.0465252
-8.096656e-009 -0.0409145
-8.079989e-009 -0.0222699
-8.063323e-009 0.0300385
-8.046656e-009 0.0419503
-8.029989e-009 -0.0185583
-8.013323e-009 -0.0478199
-7.996656e-009 -0.0121708
-7.979989e-009 0.00129476
-7.963323e-009 -0.0133792
-7.946656e-009 -0.00034527
-7.929989e-009 0.0116529
-7.913323e-009 0.00267584
-7.896656e-009 0.0223563
-7.879989e-009 0.0502368
-7.863323e-009 0.0250321
-7.846656e-009 -0.00768226
-7.829989e-009 0.00759595
-7.813323e-009 0.0242552
-7.796656e-009 0.0093223
-7.779989e-009 -0.00966757
-7.763323e-009 -0.0304701
-7.746656e-009 -0.0435041
-7.729989e-009 -0.0109623
-7.713323e-009 0.0332323
-7.696656e-009 0.0268448
-7.679989e-009 0.00578328
-7.663323e-009 0.0180404
-7.646656e-009 0.0262405
-7.629989e-009 0.00923598
-7.613323e-009 -0.00284848
-7.596656e-009 -0.0155372
-7.579989e-009 -0.0389292
-7.563323e-009 -0.0359944
-7.546656e-009 0.0014674
-7.529989e-009 0.0288301
-7.513323e-009 0.0233057
-7.496656e-009 -0.00215794
-7.479989e-009 -0.0246005
-7.463323e-009 -0.0249458
-7.446656e-009 -0.0221836
-7.429989e-009 -0.0409145
-7.413323e-009 -0.0453167
-7.396656e-009 -0.0104444
-7.379989e-009 0.012516
-7.363323e-009 0.000949493
-7.346656e-009 -0.0105307
-7.329989e-009 -0.0247731
-7.313323e-009 -0.038325
-7.296656e-009 -0.000258953
-7.279989e-009 0.0504095
-7.263323e-009 0.0149329
-7.246656e-009 -0.0574012
-7.229989e-009 -0.0543801
-7.213323e-009 -0.00569696
-7.196656e-009 0.0225289
-7.179989e-009 0.0361671
-7.163323e-009 0.0132066
-7.146656e-009 -0.0470431
-7.129989e-009 -0.038584
-7.113323e-009 0.051359
-7.096656e-009 0.0763911
-7.079989e-009 0.00414324
-7.063323e-009 -0.0470431
-7.046656e-009 -0.0425546
-7.029989e-009 -0.0210615
-7.013323e-009 0.0154508
-6.996656e-009 0.0304701
-6.979989e-009 -0.0170046
-6.963323e-009 -0.0605949
-6.946656e-009 -0.0413461
-6.929989e-009 -0.00768226
-6.913323e-009 0.00362534
-6.896656e-009 0.00578328
-6.879989e-009 8.63176e-005
-6.863323e-009 0.00794122
-6.846656e-009 0.0362534
-6.829989e-009 0.0180404
-6.813323e-009 -0.0451441
-6.796656e-009 -0.0505821
-6.779989e-009 -0.00578328
-6.763323e-009 0.00457483
-6.746656e-009 0.0136382
-6.729989e-009 0.0430725
-6.713323e-009 0.0175225
-6.696656e-009 -0.0181267
-6.679989e-009 0.0266721
-6.663323e-009 0.041864
-6.646656e-009 -0.0350449
-6.629989e-009 -0.0308154
-6.613323e-009 0.0734563
-6.596656e-009 0.071212
-6.579989e-009 -0.0204573
-6.563323e-009 -0.0265858
-6.546656e-009 -0.000949493
-6.529989e-009 -0.036685
-6.513323e-009 -0.0417777
-6.496656e-009 -0.0044022
-6.479989e-009 -0.0194215
-6.463323e-009 -0.0310743
-6.446656e-009 0.0156235
-6.429989e-009 0.0149329
-6.413323e-009 -0.0324554
-6.396656e-009 -0.00776858
-6.379989e-009 0.0320238
-6.363323e-009 -0.0104444
-6.346656e-009 -0.0413461
-6.329989e-009 -0.0122571
-6.313323e-009 -0.0276216
-6.296656e-009 -0.0737152
-6.279989e-009 -0.0462662
-6.263323e-009 0.000604223
-6.246656e-009 -0.0248595
-6.229989e-009 -0.0650835
-6.213323e-009 -0.0517042
-6.196656e-009 -0.0157961
-6.179989e-009 0.0029348
-6.163323e-009 0.00172635
-6.146656e-009 -0.00233057
-6.129989e-009 0.0106171
-6.113323e-009 0.0226152
-6.096656e-009 0.0113076
-6.079989e-009 0.00664645
-6.063323e-009 0.018472
-6.046656e-009 0.011135
-6.029989e-009 0.00164003
-6.013323e-009 0.0131203
-5.996656e-009 -0.0093223
-5.979989e-009 -0.0615444
-5.963323e-009 -0.0433314
-5.946656e-009 0.0327144
-5.929989e-009 0.0555885
-5.913323e-009 0.0266721
-5.896656e-009 0.00328007
-5.879989e-009 -0.0246868
-5.863323e-009 -0.0436767
-5.846656e-009 -0.0188172
-5.829989e-009 0.00310743
-5.813323e-009 -0.0019853
-5.796656e-009 0.0150193
-5.779989e-009 0.0196804
-5.763323e-009 -0.0415188
-5.746656e-009 -0.0722478
-5.729989e-009 -0.00940862
-5.713323e-009 0.0308154
-5.696656e-009 -0.0019853
-5.679989e-009 -0.0132929
-5.663323e-009 0.00716436
-5.646656e-009 0.00034527
-5.629989e-009 -0.00845912
-5.613323e-009 -0.00112213
-5.596656e-009 -0.0124297
-5.579989e-009 -0.0078549
-5.563323e-009 0.0412598
-5.546656e-009 0.0531716
-5.529989e-009 0.0044022
-5.513323e-009 -0.0141561
-5.496656e-009 -0.00250321
-5.479989e-009 -0.0333186
-5.463323e-009 -0.0549843
-5.446656e-009 0.00776858
-5.429989e-009 0.0665508
-5.413323e-009 0.0189035
-5.396656e-009 -0.0511863
-5.379989e-009 -0.0147603
-5.363323e-009 0.0713846
-5.346656e-009 0.060077
-5.329989e-009 -0.0290027
-5.313323e-009 -0.0523084
-5.296656e-009 -0.00707804
-5.279989e-009 0.00233057
-5.263323e-009 -0.00284848
-5.246656e-009 0.0305564
-5.229989e-009 0.0180404
-5.213323e-009 -0.0563654
-5.196656e-009 -0.0452304
-5.179989e-009 0.0444536
-5.163323e-009 0.0356492
-5.146656e-009 -0.0491147
-5.129989e-009 -0.0517905
-5.113323e-009 -0.00612855
-5.096656e-009 -0.00561064
-5.079989e-009 -0.00431588
-5.063323e-009 0.00647382
-5.046656e-009 -0.0237373
-5.029989e-009 -0.025809
-5.013323e-009 0.0451441
-4.996656e-009 0.0736289
-4.979989e-009 0.0318512
-4.963323e-009 0.0258953
-4.946656e-009 0.0408282
-4.929989e-009 0.0143287
-4.913323e-009 0.0116529
-4.896656e-009 0.0354765
-4.879989e-009 -0.0120845
-4.863323e-009 -0.0681046
-4.846656e-009 -0.0189035
-4.829989e-009 0.0309017
-4.813323e-009 -0.0098402
-4.796656e-009 -0.0193351
-4.779989e-009 0.0370302
-4.763323e-009 0.0319375
-4.746656e-009 -0.0120845
-4.729989e-009 0.0124297
-4.713323e-009 0.0318512
-4.696656e-009 -0.0233057
-4.679989e-009 -0.0401377
-4.663323e-009 0.00889071
-4.646656e-009 -0.00794122
-4.629989e-009 -0.0822606
-4.613323e-009 -0.0849365
-4.596656e-009 -0.0377208
-4.579989e-009 -0.0223563
-4.563323e-009 0.00509274
-4.546656e-009 0.0520495
-4.529989e-009 0.0150193
-4.513323e-009 -0.0795848
-4.496656e-009 -0.0826922
-4.479989e-009 -0.0115666
-4.463323e-009 -0.000258953
-4.446656e-009 -0.0284848
-4.429989e-009 -0.00776858
-4.413323e-009 0.0189035
-4.396656e-009 0.00733699
-4.379989e-009 0.0122571
-4.363323e-009 0.0307291
-4.346656e-009 0.0113939
-4.329989e-009 0.00172635
-4.313323e-009 0.0267584
-4.296656e-009 -0.00276216
-4.279989e-009 -0.0629255
-4.263323e-009 -0.0210615
-4.246656e-009 0.0560201
-4.229989e-009 0.0126024
-4.213323e-009 -0.0614581
-4.196656e-009 -0.0297796
-4.179989e-009 0.0106171
-4.163323e-009 -0.00733699
-4.146656e-009 0.0239963
-4.129989e-009 0.0782037
-4.113323e-009 0.016573
-4.096656e-009 -0.0754416
-4.079989e-009 -0.0397061
-4.063323e-009 0.038584
-4.046656e-009 0.0346133
-4.029989e-009 0.0083728
-4.013323e-009 0.013034
-3.996656e-009 0.00707804
-3.979989e-009 -0.00353902
-3.963323e-009 -0.00129476
-3.946656e-009 -0.0227878
-3.929989e-009 -0.0479926
-3.913323e-009 -0.0229605
-3.896656e-009 0.00578328
-3.879989e-009 -0.0135519
-3.863323e-009 -0.0290027
-3.846656e-009 -0.0110486
-3.829989e-009 0.00189899
-3.813323e-009 0.0162277
-3.796656e-009 0.044022
-3.779989e-009 0.0280532
-3.763323e-009 -0.0381524
-3.746656e-009 -0.0640476
-3.729989e-009 -0.0246005
-3.713323e-009 0.00181267
-3.696656e-009 -0.0179541
-3.679989e-009 -0.0343544
-3.663323e-009 -0.0191625
-3.646656e-009 -0.00535169
-3.629989e-009 -0.0228742
-3.613323e-009 -0.0417777
-3.596656e-009 -0.0192488
-3.579989e-009 0.0151919
-3.563323e-009 0.00733699
-3.546656e-009 -0.0100128
-3.529989e-009 0.0187309
-3.513323e-009 0.0504095
-3.496656e-009 0.0302975
-3.479989e-009 0.00569696
-3.463323e-009 0.0204573
-3.446656e-009 0.0275353
-3.429989e-009 0.00129476
-3.413323e-009 -0.0142424
-3.396656e-009 -0.0140698
-3.379989e-009 -0.0351313
-3.363323e-009 -0.0552432
-3.346656e-009 -0.0317649
-3.329989e-009 8.63176e-005
-3.313323e-009 -0.00699172
-3.296656e-009 -0.0162277
-3.279989e-009 0.00992652
-3.263323e-009 0.0232194
-3.246656e-009 -0.0126024
-3.229989e-009 -0.0422956
-3.213323e-009 -0.0232194
-3.196656e-009 0.00889071
-3.179989e-009 0.0201983
-3.163323e-009 0.00992652
-3.146656e-009 -0.0216657
-3.129989e-009 -0.0368576
-3.113323e-009 0.0126024
-3.096656e-009 0.0643929
-3.079989e-009 0.0266721
-3.063323e-009 -0.0355628
-3.046656e-009 -0.0137245
-3.029989e-009 0.0451441
-3.013323e-009 0.0616307
-2.996656e-009 0.0583507
-2.979989e-009 0.0338365
-2.963323e-009 -0.038066
-2.946656e-009 -0.0704351
-2.929989e-009 -0.000863176
-2.913323e-009 0.0516179
-2.896656e-009 0.00302112
-2.879989e-009 -0.0506684
-2.863323e-009 -0.0425546
-2.846656e-009 -0.0201983
-2.829989e-009 -0.0063875
-2.813323e-009 -0.00569696
-2.796656e-009 -0.0424682
-2.779989e-009 -0.0726794
-2.763323e-009 -0.0346997
-2.746656e-009 0.0239963
-2.729989e-009 0.0417777
-2.713323e-009 0.0303838
-2.696656e-009 -0.00768226
-2.679989e-009 -0.0509274
-2.663323e-009 -0.0191625
-2.646656e-009 0.0519632
-2.629989e-009 0.018472
-2.613323e-009 -0.0885618
-2.596656e-009 -0.106257
-2.579989e-009 -0.0391019
-2.563323e-009 0.0049201
-2.546656e-009 0.0188172
-2.529989e-009 0.0152782
-2.513323e-009 -0.0132066
-2.496656e-009 -0.00353902
-2.479989e-009 0.0520495
-2.463323e-009 0.0334049
-2.446656e-009 -0.0592139
-2.429989e-009 -0.0731973
-2.413323e-009 -0.000776858
-2.396656e-009 0.0295206
-2.379989e-009 0.00656014
-2.363323e-009 -0.00319375
-2.346656e-009 0.00267584
-2.329989e-009 0.0121708
-2.313323e-009 0.0186446
-2.296656e-009 -0.000776858
-2.279989e-009 -0.0170909
-2.263323e-009 0.00276216
-2.246656e-009 -0.000604223
-2.229989e-009 -0.0384976
-2.213323e-009 -0.0142424
-2.196656e-009 0.0483378
-2.179989e-009 0.0183856
-2.163323e-009 -0.0547253
-2.146656e-009 -0.0300385
-2.129989e-009 0.034527
-2.113323e-009 0.00958125
-2.096656e-009 -0.065774
-2.079989e-009 -0.0874397
-2.063323e-009 -0.0414324
-2.046656e-009 0.0169182
-2.029989e-009 0.0182993
-2.013323e-009 -0.0341818
-1.996656e-009 -0.0438493
-1.979989e-009 0.00889071
-1.963323e-009 0.0292617
-1.946656e-009 0.00733699
-1.929989e-009 0.00543801
-1.913323e-009 -0.00155372
-1.896656e-009 -0.0183856
-1.879989e-009 0.029089
-1.863323e-009 0.0821743
-1.846656e-009 0.0207162
-1.829989e-009 -0.0590412
-1.813323e-009 -0.0284848
-1.796656e-009 0.0113939
-1.779989e-009 -0.0193351
-1.763323e-009 -0.0189035
-1.746656e-009 0.0215794
-1.729989e-009 0.00742331
-1.713323e-009 -0.0141561
-1.696656e-009 0.0239963
-1.679989e-009 0.0408282
-1.663323e-009 0.00431588
-1.646656e-009 -0.00630118
-1.629989e-009 0.00923598
-1.613323e-009 0.0101855
-1.596656e-009 0.022011
-1.579989e-009 0.0294343
-1.563323e-009 -0.00802753
-1.546656e-009 -0.0313333
-1.529989e-009 -0.00690541
-1.513323e-009 -0.00802753
-1.496656e-009 -0.0367713
-1.479989e-009 -0.0331459
-1.463323e-009 -0.0346133
-1.446656e-009 -0.0557612
-1.429989e-009 -0.0150193
-1.413323e-009 0.0489421
-1.396656e-009 0.019853
-1.379989e-009 -0.0332323
-1.363323e-009 0.000776858
-1.346656e-009 0.0412598
-1.329989e-009 0.0202846
-1.313323e-009 0.0157961
-1.296656e-009 0.0344407
-1.279989e-009 0.0114802
-1.263323e-009 -0.00578328
-1.246656e-009 0.0237373
-1.229989e-009 0.0164003
-1.213323e-009 -0.0430725
-1.196656e-009 -0.0579191
-1.179989e-009 -0.0191625
-1.163323e-009 0.00578328
-1.146656e-009 0.0102718
-1.129989e-009 0.00120845
-1.113323e-009 -0.0320238
-1.096656e-009 -0.0428998
-1.079989e-009 0.0034527
-1.063323e-009 0.0382387
-1.046656e-009 0.00863176
-1.029989e-009 -0.0283985
-1.013323e-009 -0.0175225
-9.966561e-010 0.0175225
-9.799894e-010 0.0375481
-9.633228e-010 0.0355628
-9.466561e-010 0.0254637
-9.299894e-010 0.023651
-9.133228e-010 0.0261542
-8.966561e-010 0.0179541
-8.799894e-010 0.0115666
-8.633228e-010 0.0289164
-8.466561e-010 0.0483378
-8.299894e-010 0.0277079
-8.133228e-010 -0.0201983
-7.966561e-010 -0.0305564
-7.799894e-010 0.0132929
-7.633228e-010 0.0428135
-7.466561e-010 0.0159688
-7.299894e-010 -0.0129476
-7.133228e-010 -0.00224426
-6.966561e-010 0.00906335
-6.799894e-010 0.00371166
-6.633228e-010 0.014674
-6.466561e-010 0.0260679
-6.299894e-010 0.00207162
-6.133228e-010 -0.0190762
-5.966561e-010 0.00189899
-5.799894e-010 0.0314196
-5.633228e-010 0.0404829
-5.466561e-010 0.0330596
-5.299894e-010 0.00750963
-5.133228e-010 -0.00103581
-4.966561e-010 0.052999
-4.799894e-010 0.103495
-4.633228e-010 0.0555022
-4.466561e-010 -0.0375481
-4.299894e-010 -0.0687088
-4.133228e-010 -0.0452304
-3.966561e-010 -0.0132066
-3.799894e-010 0.0246005
-3.633228e-010 0.0417777
-3.466561e-010 0.00336639
-3.299894e-010 -0.0515316
-3.133228e-010 -0.0574875
-2.966561e-010 -0.00569696
-2.799894e-010 0.0530853
-2.633228e-010 0.0511863
-2.466561e-010 -0.00750963
-2.299894e-010 -0.0303838
-2.133228e-010 0.0104444
-1.966561e-010 0.0331459
-1.799894e-010 0.0202846
-1.633228e-010 0.0311606
-1.466561e-010 0.0455757
-1.299894e-010 0.0252047
-1.133228e-010 0.0226152
-9.665612e-011 0.0508411
-7.998945e-011 0.0531716
-6.332278e-011 0.0585233
-4.665612e-011 0.106084
-2.998945e-011 0.118169
-1.332278e-011 0.0826059
3.343885e-012 0.117047
2.001055e-011 0.220973
3.667722e-011 0.284244
5.334388e-011 0.321619
7.001055e-011 0.391191
8.667722e-011 0.4517
1.033439e-010 0.502023
1.200106e-010 0.596541
1.366772e-010 0.687692
1.533439e-010 0.729642
1.700106e-010 0.795503
1.866772e-010 0.892524
2.033439e-010 0.932575
2.200106e-010 0.94535
2.366772e-010 1.01043
2.533439e-010 1.07422
2.700106e-010 1.09131
2.866772e-010 1.12455
3.033439e-010 1.17642
3.200106e-010 1.19533
3.366772e-010 1.22355
3.533439e-010 1.2895
3.700106e-010 1.31151
3.866772e-010 1.2712
4.033439e-010 1.2548
4.200106e-010 1.26334
4.366772e-010 1.2201
4.533439e-010 1.14543
4.700106e-010 1.13016
4.866772e-010 1.17185
5.033439e-010 1.17392
5.200106e-010 1.11367
5.366772e-010 1.10357
5.533439e-010 1.19472
5.700106e-010 1.24643
5.866772e-010 1.16304
6.033439e-010 1.07681
6.200106e-010 1.08596
6.366772e-010 1.0819
6.533439e-010 1.00586
6.700106e-010 0.943451
6.866772e-010 0.892265
7.033439e-010 0.78454
7.200106e-010 0.680528
7.366772e-010 0.649971
7.533439e-010 0.624162
7.700106e-010 0.53491
7.866772e-010 0.402499
8.033439e-010 0.270174
8.200106e-010 0.189208
8.366772e-010 0.153041
8.533439e-010 0.0498916
8.700106e-010 -0.14087
8.866772e-010 -0.28528
9.033439e-010 -0.368921
9.200106e-010 -0.502973
9.366772e-010 -0.646605
9.533439e-010 -0.71868
9.700106e-010 -0.808191
9.866772e-010 -0.935855
1.003344e-009 -0.970296
1.020011e-009 -0.958298
1.036677e-009 -1.05135
1.053344e-009 -1.15458
1.070011e-009 -1.14069
1.086677e-009 -1.13266
1.103344e-009 -1.19852
1.120011e-009 -1.21138
1.136677e-009 -1.17651
1.153344e-009 -1.20275
1.170011e-009 -1.22459
1.186677e-009 -1.17599
1.203344e-009 -1.16347
1.220011e-009 -1.20983
1.236677e-009 -1.20568
1.253344e-009 -1.15881
1.270011e-009 -1.13508
1.286677e-009 -1.10366
1.303344e-009 -1.06706
1.320011e-009 -1.07621
1.336677e-009 -1.07491
1.353344e-009 -1.01984
1.370011e-009 -1.01026
1.386677e-009 -1.07206
1.403344e-009 -1.07897
1.420011e-009 -1.00085
1.436677e-009 -0.942761
1.453344e-009 -0.936373
1.470011e-009 -0.918246
1.486677e-009 -0.852041
1.503344e-009 -0.761407
1.520011e-009 -0.691058
1.536677e-009 -0.633053
1.553344e-009 -0.530853
1.570011e-009 -0.420108
1.586677e-009 -0.397233
1.603344e-009 -0.397665
1.620011e-009 -0.293652
1.636677e-009 -0.173239
1.653344e-009 -0.166334
1.670011e-009 -0.164003
1.686677e-009 -0.0542938
1.703344e-009 0.0531716
1.720011e-009 0.0788943
1.736677e-009 0.0961578
1.753344e-009 0.120327
1.770011e-009 0.117478
1.786677e-009 0.137159
1.803344e-009 0.182216
1.820011e-009 0.162191
1.836677e-009 0.0876123
1.853344e-009 0.0498052
1.870011e-009 0.0438493
1.886677e-009 0.0315059
1.903344e-009 0.0302112
1.920011e-009 0.0277943
1.936677e-009 0.0034527
1.953344e-009 0.000172635
1.970011e-009 0.0145014
1.986677e-009 -0.0256363
2.003344e-009 -0.0938272
2.020011e-009 -0.103581
2.036677e-009 -0.0849365
2.053344e-009 -0.106171
2.070011e-009 -0.139403
2.086677e-009 -0.148811
2.103344e-009 -0.14415
2.120011e-009 -0.10971
2.136677e-009 -0.0387566
2.153344e-009 0.014674
2.170011e-009 0.0154508
2.186677e-009 -0.0155372
2.203344e-009 -0.0470431
2.220011e-009 -0.0444536
2.236677e-009 -0.0113076
2.253344e-009 -0.0247731
2.270011e-009 -0.103667
2.286677e-009 -0.139058
2.303344e-009 -0.0850228
2.320011e-009 -0.0394471
2.336677e-009 -0.0586096
2.353344e-009 -0.096503
2.370011e-009 -0.11791
2.386677e-009 -0.107638
2.403344e-009 -0.0611992
2.420011e-009 -0.0416914
2.436677e-009 -0.0961578
2.453344e-009 -0.156235
2.470011e-009 -0.167715
2.486677e-009 -0.172376
2.503344e-009 -0.179627
2.520011e-009 -0.163572
2.536677e-009 -0.167542
2.553344e-009 -0.202674
2.570011e-009 -0.179109
2.586677e-009 -0.0945177
2.603344e-009 -0.0670688
2.620011e-009 -0.108329
2.636677e-009 -0.111695
2.653344e-009 -0.0504958
2.670011e-009 0.0170909
2.686677e-009 0.0492873
2.703344e-009 0.0203709
2.720011e-009 -0.0551569
2.736677e-009 -0.100733
2.753344e-009 -0.0879576
2.770011e-009 -0.0692267
2.786677e-009 -0.0509274
2.803344e-009 -0.000172635
2.820011e-009 0.0473883
2.836677e-009 0.0532579
2.853344e-009 0.0561927
2.870011e-009 0.071212
2.886677e-009 0.056797
2.903344e-009 0.0220973
2.920011e-009 0.00552432
2.936677e-009 -0.0119981
2.953344e-009 -0.0411735
2.970011e-009 -0.0449715
2.986677e-009 -0.038325
3.003344e-009 -0.0697446
3.020011e-009 -0.0968483
3.036677e-009 -0.0553296
3.053344e-009 0.00466115
3.070011e-009 0.0078549
3.086677e-009 -0.0193351
3.103344e-009 -0.0260679
3.120011e-009 -0.0227015
3.136677e-009 -0.027449
3.153344e-009 -0.0352176
3.170011e-009 -0.0390155
3.186677e-009 -0.0181267
3.203344e-009 0.0296069
3.220011e-009 0.0404829
3.236677e-009 -0.00914966
3.253344e-009 -0.0248595
3.270011e-009 0.0303838
3.286677e-009 0.0446262
3.303344e-009 -0.0112213
3.320011e-009 -0.0133792
3.336677e-009 0.0450578
3.353344e-009 0.0391882
3.370011e-009 -0.0078549
3.386677e-009 0.0166593
3.403344e-009 0.0577465
3.420011e-009 0.0292617
3.436677e-009 0.00561064
3.453344e-009 0.0176088
3.470011e-009 -0.0356492
3.486677e-009 -0.126283
3.503344e-009 -0.111091
3.520011e-009 -0.0193351
3.536677e-009 0.0209752
3.553344e-009 0.0218383
3.570011e-009 0.0254637
3.586677e-009 -0.0100992
3.603344e-009 -0.0521358
3.620011e-009 -0.00776858
3.636677e-009 0.0629255
3.653344e-009 0.0298659
3.670011e-009 -0.0675867
3.686677e-009 -0.0959851
3.703344e-009 -0.0384976
3.720011e-009 0.0250321
3.736677e-009 0.0466115
3.753344e-009 0.0388429
3.770011e-009 0.0292617
3.786677e-009 0.0208889
3.803344e-009 0.000517905
3.820011e-009 -0.0264995
3.836677e-009 -0.0422956
3.853344e-009 -0.041864
3.870011e-009 -0.0278806
3.886677e-009 -0.0112213
3.903344e-009 -0.00129476
3.920011e-009 0.0188172
3.936677e-009 0.0444536
3.953344e-009 0.0209752
3.970011e-009 -0.0344407
3.986677e-009 -0.027449
4.003344e-009 0.0113076
4.020011e-009 -0.0272764
4.036677e-009 -0.0737152
4.053344e-009 -0.0119981
4.070011e-009 0.0536895
4.086677e-009 0.0180404
4.103344e-009 -0.0106171
4.120011e-009 0.0143287
4.136677e-009 -0.00845912
4.153344e-009 -0.0425546
4.170011e-009 -0.00258953
4.186677e-009 0.00561064
4.203344e-009 -0.0593002
4.220011e-009 -0.0374618
4.236677e-009 0.0548117
4.253344e-009 0.0290027
4.270011e-009 -0.058437
4.286677e-009 -0.0432451
4.303344e-009 -0.00172635
4.320011e-009 -0.0203709
4.336677e-009 -0.0132066
4.353344e-009 0.00794122
4.370011e-009 -0.0422956
4.386677e-009 -0.0771679
4.403344e-009 -0.038325
4.420011e-009 -0.0400514
4.436677e-009 -0.0689677
4.453344e-009 -0.0106171
4.470011e-009 0.0329733
4.486677e-009 -0.0404829
4.503344e-009 -0.0726794
4.520011e-009 -0.00578328
4.536677e-009 -0.0162277
4.553344e-009 -0.0897703
4.570011e-009 -0.0547253
4.586677e-009 0.00517905
4.603344e-009 -0.0514453
4.620011e-009 -0.0826922
4.636677e-009 0.0206299
4.653344e-009 0.0962441
4.670011e-009 0.0651698
4.686677e-009 0.0543801
4.703344e-009 0.0788079
4.720011e-009 0.0384113
4.736677e-009 -0.0299522
4.753344e-009 -0.0351313
4.770011e-009 -0.0176951
4.786677e-009 -0.0373755
4.803344e-009 -0.0504958
4.820011e-009 -0.0178677
4.836677e-009 0.0145877
4.853344e-009 0.00138108
4.870011e-009 -0.0307291
4.886677e-009 -0.0286574
4.903344e-009 0.013034
4.920011e-009 0.0502368
4.936677e-009 0.047302
4.953344e-009 0.0126024
4.970011e-009 -0.0204573
4.986677e-009 -0.0315922
5.003344e-009 -0.0297796
5.020011e-009 -0.0260679
5.036677e-009 -0.0103581
5.053344e-009 0.00871807
5.070011e-009 -0.00388429
5.086677e-009 -0.0219247
5.103344e-009 0.0262405
5.120011e-009 0.0989199
5.136677e-009 0.0710394
5.153344e-009 -0.0411735
5.170011e-009 -0.094863
5.186677e-009 -0.0545527
5.203344e-009 -0.00845912
5.220011e-009 -0.00466115
5.236677e-009 -0.0272764
5.253344e-009 -0.0455757
5.270011e-009 -0.0174361
5.286677e-009 0.0528264
5.303344e-009 0.085627
5.320011e-009 0.0459209
5.336677e-009 -0.00207162
5.353344e-009 -0.00949493
5.370011e-009 0.00276216
5.386677e-009 0.0029348
5.403344e-009 -0.0210615
5.420011e-009 -0.0469568
5.436677e-009 -0.0296069
5.453344e-009 0.0176088
5.470011e-009 0.0332323
5.486677e-009 0.0290027
5.503344e-009 0.0540348
5.520011e-009 0.0734563
5.536677e-009 0.0495463
5.553344e-009 0.0267584
5.570011e-009 0.00940862
5.586677e-009 -0.0506684
5.603344e-009 -0.0987473
5.620011e-009 -0.04946
5.636677e-009 0.0244279
5.653344e-009 0.00820017
5.670011e-009 -0.0571422
5.686677e-009 -0.0673277
5.703344e-009 -0.0156235
5.720011e-009 0.0302112
5.736677e-009 0.0214068
5.753344e-009 -0.0185583
5.770011e-009 -0.0275353
5.786677e-009 -0.0145877
5.803344e-009 -0.0331459
5.820011e-009 -0.0492873
5.836677e-009 -0.022011
5.853344e-009 -0.0278806
5.870011e-009 -0.0845912
5.886677e-009 -0.0612855
5.903344e-009 0.0450578
5.920011e-009 0.0687088
5.936677e-009 0.00189899
5.953344e-009 -0.0157961
5.970011e-009 0.0134655
5.986677e-009 0.0223563
6.003344e-009 0.0486831
6.020011e-009 0.0843323
6.036677e-009 0.047561
6.053344e-009 -0.012516
6.070011e-009 -0.00802753
6.086677e-009 -0.00630118
6.103344e-009 -0.0574875
6.120011e-009 -0.0692267
6.136677e-009 -0.0138108
6.153344e-009 0.02555
6.170011e-009 0.0306427
6.186677e-009 0.0283985
6.203344e-009 0.0157961
6.220011e-009 0.019853
6.236677e-009 0.0499779
6.253344e-009 0.0362534
6.270011e-009 -0.0240826
6.286677e-009 -0.0447988
6.303344e-009 -0.038584
6.320011e-009 -0.0634434
6.336677e-009 -0.0623213
6.353344e-009 -0.00699172
6.370011e-009 0.0119981
6.386677e-009 -0.00940862
6.403344e-009 0.0119118
6.420011e-009 0.0425546
6.436677e-009 0.0254637
6.453344e-009 0.0203709
6.470011e-009 0.040224
6.486677e-009 0.00940862
6.503344e-009 -0.0422956
6.520011e-009 -0.0389292
6.536677e-009 -0.032628
6.553344e-009 -0.069313
6.570011e-009 -0.0707804
6.586677e-009 -0.0107897
6.603344e-009 0.025809
6.620011e-009 0.0100128
6.636677e-009 -0.00733699
6.653344e-009 -0.0014674
6.670011e-009 0.0213204
6.686677e-009 0.0458346
6.703344e-009 0.0407419
6.720011e-009 -0.00181267
6.736677e-009 -0.0454894
6.753344e-009 -0.0585233
6.770011e-009 -0.0441083
6.786677e-009 -0.0278806
6.803344e-009 -0.0246868
6.820011e-009 -0.0122571
6.836677e-009 0.0219247
6.853344e-009 0.0430725
6.870011e-009 0.0429862
6.886677e-009 0.0498916
6.903344e-009 0.0302975
6.920011e-009 -0.0379797
6.936677e-009 -0.0557612
6.953344e-009 0.0121708
6.970011e-009 0.0296069
6.986677e-009 -0.0324554
7.003344e-009 -0.0262405
7.020011e-009 0.0557612
7.036677e-009 0.0781174
7.053344e-009 0.043763
7.070011e-009 0.0225289
7.086677e-009 -0.0151919
7.103344e-009 -0.05274
7.120011e-009 -0.0218383
7.136677e-009 0.00362534
7.153344e-009 -0.0549843
7.170011e-009 -0.0921872
7.186677e-009 -0.0396198
7.203344e-009 0.00517905
7.220011e-009 0.00371166
7.236677e-009 0.00828649
7.253344e-009 0.00906335
7.270011e-009 0.0029348
7.286677e-009 0.0285711
7.303344e-009 0.0391882
7.320011e-009 -0.0049201
7.336677e-009 -0.0218383
7.353344e-009 -0.00362534
7.370011e-009 -0.0489421
7.386677e-009 -0.104617
7.403344e-009 -0.0515316
7.420011e-009 0.0212341
7.436677e-009 -0.000172635
7.453344e-009 -0.0238237
7.470011e-009 0.0162277
7.486677e-009 0.0218383
7.503344e-009 -0.025291
7.520011e-009 -0.0224426
7.536677e-009 0.0240826
7.553344e-009 0.016573
7.570011e-009 -0.0396198
7.586677e-009 -0.0560201
7.603344e-009 -0.0174361
7.620011e-009 0.00750963
7.636677e-009 -0.0100992
7.653344e-009 -0.0206299
7.670011e-009 -0.00914966
7.686677e-009 -0.0214068
7.703344e-009 -0.0367713
7.720011e-009 -0.00336639
7.736677e-009 0.0175225
7.753344e-009 -0.018213
7.770011e-009 -0.00914966
7.786677e-009 0.052999
7.803344e-009 0.02719
7.820011e-009 -0.0422093
7.836677e-009 0.0110486
7.853344e-009 0.0861449
7.870011e-009 0.0145877
7.886677e-009 -0.0640476
7.903344e-009 -0.00828649
7.920011e-009 0.0454894
7.936677e-009 0.0268448
7.953344e-009 0.0459209
7.970011e-009 0.0790669
7.986677e-009 0.0350449
8.003344e-009 -0.0157098
8.020011e-009 -0.0277079
8.036677e-009 -0.0637024
8.053344e-009 -0.0790669
8.070011e-009 -0.0181267
8.086677e-009 0.0116529
8.103344e-009 -0.0199394
8.120011e-009 0.00889071
8.136677e-009 0.0681046
8.153344e-009 0.039965
8.170011e-009 -0.000172635
8.186677e-009 0.0279669
8.203344e-009 0.0266721
8.220011e-009 -0.0196804
8.236677e-009 -0.00595591
8.253344e-009 0.0215794
8.270011e-009 -0.0324554
8.286677e-009 -0.0803617
8.303344e-009 -0.038066
8.320011e-009 0.0181267
8.336677e-009 0.0353902
8.353344e-009 0.0390155
8.370011e-009 0.0151056
8.386677e-009 -0.0329733
8.403344e-009 -0.0363397
8.420011e-009 0.0151919
8.436677e-009 0.0536895
8.453344e-009 0.0363397
8.470011e-009 -0.0297796
8.486677e-009 -0.0892524
8.503344e-009 -0.0751826
8.520011e-009 -0.0267584
8.536677e-009 -0.0384976
8.553344e-009 -0.064134
8.570011e-009 -0.00164003
8.586677e-009 0.0822606
8.603344e-009 0.0743194
8.620011e-009 0.0247731
8.636677e-009 0.0164867
8.653344e-009 0.0164003
8.670011e-009 -0.0128613
8.686677e-009 -0.0447988
8.703344e-009 -0.0629255
8.720011e-009 -0.0574875
8.736677e-009 -0.0103581
8.753344e-009 0.0412598
8.770011e-009 0.0400514
8.786677e-009 0.00681909
8.803344e-009 -0.00673277
8.820011e-009 -0.00241689
8.836677e-009 0.00923598
8.853344e-009 0.0397924
8.870011e-009 0.0662056
8.886677e-009 0.0467841
8.903344e-009 0.000258953
8.920011e-009 -0.014674
8.936677e-009 0.0100992
8.953344e-009 0.0261542
8.970011e-009 0.00397061
8.986677e-009 -0.0276216
9.003344e-009 -0.0276216
9.020011e-009 -0.0029348
9.036677e-009 0.0078549
9.053344e-009 -0.00362534
9.070011e-009 -0.0107034
9.086677e-009 -8.63176e-005
9.103344e-009 0.0162277
9.120011e-009 0.0290027
9.136677e-009 0.0336639
9.153344e-009 0.0164003
9.170011e-009 -0.0182993
9.186677e-009 -0.0297796
9.203344e-009 -0.00172635
9.220011e-009 0.0194215
9.236677e-009 0.00517905
9.253344e-009 -0.00414324
9.270011e-009 0.0122571
9.286677e-009 0.0214931
9.303344e-009 0.0230468
9.320011e-009 0.0353039
9.336677e-009 0.0155372
9.353344e-009 -0.0515316
9.370011e-009 -0.0782037
9.386677e-009 -0.034786
9.403344e-009 -0.0156235
9.420011e-009 -0.0378934
9.436677e-009 -0.014415
9.453344e-009 0.0373755
9.470011e-009 0.0320238
9.486677e-009 0.0063875
9.503344e-009 0.0223563
9.520011e-009 0.0267584
9.536677e-009 -0.00267584
9.553344e-009 -0.00241689
9.570011e-009 0.00595591
9.586677e-009 -0.0438493
9.603344e-009 -0.0844186
9.620011e-009 -0.0409145
9.636677e-009 0.00673277
9.653344e-009 -0.00405693
9.670011e-009 -0.00310743
9.686677e-009 0.0336639
9.703344e-009 0.042123
9.720011e-009 0.0322828
9.736677e-009 0.0512726
9.753344e-009 0.0537758
9.770011e-009 0.00129476
9.786677e-009 -0.0417777
9.803344e-009 -0.0369439
9.820011e-009 -0.032887
9.836677e-009 -0.0541211
9.853344e-009 -0.074751
9.870011e-009 -0.0779448
9.886677e-009 -0.0467841
9.903344e-009 0.0170909
9.920011e-009 0.0516179
9.936677e-009 0.027449
9.953344e-009 0.0136382
9.970011e-009 0.0311606
9.986677e-009 0.00328007
1.000334e-008 -0.0555022
1.002001e-008 -0.0401377
1.003668e-008 0.0151056
1.005334e-008 -0.00535169
1.007001e-008 -0.0482515
1.008668e-008 -0.00742331
1.010334e-008 0.0373755
1.012001e-008 -0.00768226
1.013668e-008 -0.0470431
1.015334e-008 -0.0058696
1.017001e-008 0.0227878
1.018668e-008 8.63176e-005
1.020334e-008 0.00647382
1.022001e-008 0.0282258
1.023668e-008 -0.0156235
1.025334e-008 -0.0737152
1.027001e-008 -0.0599907
1.028668e-008 -0.0277079
1.030334e-008 -0.042123
1.032001e-008 -0.0515316
1.033668e-008 -0.0138108
1.035334e-008 0.0221836
1.037001e-008 0.0137245
1.038668e-008 -0.0233921
1.040334e-008 -0.0447125
1.042001e-008 -0.0124297
1.043668e-008 0.0403966
1.045334e-008 0.0291753
1.047001e-008 -0.030988
1.048668e-008 -0.0340091
1.050334e-008 0.0106171
1.052001e-008 -0.00224426
1.053668e-008 -0.0485105
1.055334e-008 -0.0298659
1.057001e-008 0.0147603
1.058668e-008 0.0153645
1.060334e-008 0.040224
1.062001e-008 0.115579
1.063668e-008 0.109623
1.065334e-008 -0.000863176
1.067001e-008 -0.0428135
1.068668e-008 0.0242552
1.070334e-008 0.032628
1.072001e-008 -0.0551569
1.073668e-008 -0.0898566
1.075334e-008 -0.0391882
1.077001e-008 -0.0093223
1.078668e-008 -0.00621487
1.080334e-008 0.02719
1.082001e-008 0.045403
1.083668e-008 0.00733699
1.085334e-008 -0.0116529
1.087001e-008 0.022011
1.088668e-008 0.0242552
1.090334e-008 -0.031247
1.092001e-008 -0.0649971
1.093668e-008 -0.0471294
1.095334e-008 -0.025291
1.097001e-008 -0.0232194
1.098668e-008 -0.0295206
1.100334e-008 -0.0278806
1.102001e-008 0.00647382
1.103668e-008 0.0590412
1.105334e-008 0.0610265
1.107001e-008 0.00656014
1.108668e-008 -0.0167456
1.110334e-008 0.0155372
1.112001e-008 0.0267584
1.113668e-008 -0.00388429
1.115334e-008 -0.0182993
1.117001e-008 -0.0145877
1.118668e-008 -0.0306427
1.120334e-008 -0.0353039
1.122001e-008 0.00759595
1.123668e-008 0.0503231
1.125334e-008 0.0524811
1.127001e-008 0.0454894
1.128668e-008 0.0422093
1.130334e-008 0.0226152
1.132001e-008 0.00966757
1.133668e-008 0.0176951
1.135334e-008 -0.00276216
1.137001e-008 -0.0451441
1.138668e-008 -0.0301248
1.140334e-008 0.0118255
1.142001e-008 -0.0263269
1.143668e-008 -0.0935682
1.145334e-008 -0.0644792
1.147001e-008 0.0014674
1.148668e-008 -0.0104444
1.150334e-008 -0.0334049
1.152001e-008 0.0138971
1.153668e-008 0.0498052
1.155334e-008 0.0239963
1.157001e-008 0.0147603
1.158668e-008 0.0340954
1.160334e-008 0.0158824
1.162001e-008 -0.0177814
1.163668e-008 -0.0113939
1.165334e-008 0.0110486
1.167001e-008 0.0252047
1.168668e-008 0.036685
1.170334e-008 0.0177814
1.172001e-008 -0.025809
1.173668e-008 -0.0233057
1.175334e-008 0.0208025
1.177001e-008 0.0284848
1.178668e-008 0.000690541
1.180334e-008 -0.0148466
1.182001e-008 -0.0224426
1.183668e-008 -0.0175225
1.185334e-008 0.0143287
1.187001e-008 0.0168319
1.188668e-008 -0.0340091
1.190334e-008 -0.0521358
1.192001e-008 -0.0153645
1.193668e-008 -0.0100128
1.195334e-008 -0.0379797
1.197001e-008 -0.0287438
1.198668e-008 -0.00561064
1.200334e-008 -0.018472
1.202001e-008 -0.0363397
1.203668e-008 -0.0368576
1.205334e-008 -0.0350449
1.207001e-008 -0.0203709
1.208668e-008 -0.0101855
1.210334e-008 -0.0417777
1.212001e-008 -0.0555022
1.213668e-008 0.00768226
1.215334e-008 0.0539485
1.217001e-008 0.0104444
1.218668e-008 -0.0304701
1.220334e-008 -0.0157098
1.222001e-008 -0.0177814
1.223668e-008 -0.0378934
1.225334e-008 -0.0083728
1.227001e-008 0.032628
1.228668e-008 0.0167456
1.230334e-008 -0.0145014
1.232001e-008 -0.0083728
1.233668e-008 0.0093223
1.235334e-008 0.0131203
1.237001e-008 0.0115666
1.238668e-008 0.00474747
1.240334e-008 -0.00483378
1.242001e-008 -0.000431588
1.243668e-008 0.0136382
1.245334e-008 0.00725068
1.247001e-008 -0.0282258
1.248668e-008 -0.0451441
1.250334e-008 0.00207162
1.252001e-008 0.0536895
1.253668e-008 0.0174361
1.255334e-008 -0.0453167
1.257001e-008 -0.0133792
1.258668e-008 0.0545527
1.260334e-008 0.0416051
1.262001e-008 0.00595591
1.263668e-008 0.0222699
1.265334e-008 0.0227878
1.267001e-008 -0.00681909
1.268668e-008 0.00914966
1.270334e-008 0.0260679
1.272001e-008 -0.0213204
1.273668e-008 -0.0394471
1.275334e-008 0.0103581
1.277001e-008 0.0168319
1.278668e-008 -0.0124297
1.280334e-008 0.0152782
1.282001e-008 0.0277079
1.283668e-008 -0.0286574
1.285334e-008 -0.0201983
1.287001e-008 0.060077
1.288668e-008 0.0439356
1.290334e-008 -0.0278806
1.292001e-008 0.00707804
1.293668e-008 0.0580054
1.295334e-008 -0.011135
1.297001e-008 -0.0762184
1.298668e-008 -0.0323691
1.300334e-008 0.00889071
1.302001e-008 -0.00431588
1.303668e-008 0.00923598
1.305334e-008 0.0422956
1.307001e-008 0.0244279
1.308668e-008 -0.0303838
1.310334e-008 -0.0706941
1.312001e-008 -0.0661193
1.313668e-008 -0.00906335
1.315334e-008 0.043763
1.317001e-008 0.0362534
1.318668e-008 0.0149329
1.320334e-008 0.0272764
1.322001e-008 0.0382387
1.323668e-008 0.0367713
1.325334e-008 0.0414324
1.327001e-008 0.0226152
1.328668e-008 -0.00828649
1.330334e-008 0.00258953
1.332001e-008 -0.00284848
1.333668e-008 -0.0754416
1.335334e-008 -0.0864902
1.337001e-008 0.0141561
1.338668e-008 0.0514453
1.340334e-008 -0.0201983
1.342001e-008 -0.0420367
1.343668e-008 -0.0145877
1.345334e-008 -0.0479063
1.347001e-008 -0.070953
1.348668e-008 -0.0265858
1.350334e-008 -0.0394471
1.352001e-008 -0.110486
1.353668e-008 -0.0931367
1.355334e-008 -0.0299522
1.357001e-008 -0.040224
1.358668e-008 -0.0468704
1.360334e-008 0.00595591
1.362001e-008 0.0124297
1.363668e-008 -0.0260679
1.365334e-008 -0.0116529
1.367001e-008 0.00863176
1.368668e-008 -0.0200257
1.370334e-008 -0.0226152
1.372001e-008 -0.0058696
1.373668e-008 -0.0441946
1.375334e-008 -0.0664645
1.377001e-008 -0.0230468
1.378668e-008 -0.032628
1.380334e-008 -0.0939998
1.382001e-008 -0.0506684
1.383668e-008 0.0578328
1.385334e-008 0.061976
1.387001e-008 -0.00328007
1.388668e-008 -0.0159688
1.390334e-008 0.00630118
1.392001e-008 0.0249458
1.393668e-008 0.043763
1.395334e-008 0.0273627
1.397001e-008 -0.0121708
1.398668e-008 -0.00241689
1.400334e-008 0.0200257
1.402001e-008 -0.0049201
1.403668e-008 0.00431588
1.405334e-008 0.0763047
1.407001e-008 0.0883029
1.408668e-008 0.0452304
1.410334e-008 0.0759595
1.412001e-008 0.127577
1.413668e-008 0.0771679
1.415334e-008 0.00733699
1.417001e-008 0.0164003
1.418668e-008 0.0233921
1.420334e-008 -0.0138108
1.422001e-008 -0.0164867
1.423668e-008 0.0129476
1.425334e-008 0.0124297
1.427001e-008 0.0107897
1.428668e-008 0.0348723
1.430334e-008 0.0337502
1.432001e-008 0.00966757
1.433668e-008 0.0277079
1.435334e-008 0.0745784
1.437001e-008 0.0827786
1.438668e-008 0.0573149
1.440334e-008 0.054898
1.442001e-008 0.0868355
1.443668e-008 0.115752
1.445334e-008 0.114026
1.447001e-008 0.084246
1.448668e-008 0.0382387
1.450334e-008 -0.0029348
1.452001e-008 -0.000604223
1.453668e-008 0.0470431
1.455334e-008 0.0734563
1.457001e-008 0.0392745
1.458668e-008 -0.00405693
1.460334e-008 -0.0049201
1.462001e-008 0.0284848
1.463668e-008 0.0683635
1.465334e-008 0.0665508
1.467001e-008 -0.00923598
1.468668e-008 -0.0788079
1.470334e-008 -0.0461799
1.472001e-008 0.0162277
1.473668e-008 -0.00310743
1.475334e-008 -0.0487694
1.477001e-008 -0.0362534
1.478668e-008 -0.0122571
1.480334e-008 -0.0178677
1.482001e-008 -0.0161414
1.483668e-008 -0.00992652
1.485334e-008 -0.025291
1.487001e-008 -0.0314196
1.488668e-008 -0.0203709
1.490334e-008 -0.0353902
1.492001e-008 -0.0710394
1.493668e-008 -0.0817427
1.495334e-008 -0.0592139
1.497001e-008 -0.022011
1.498668e-008 -0.00172635
1.500334e-008 -0.0219247
1.502001e-008 -0.0410872
1.503668e-008 -0.0229605
1.505334e-008 -0.0243416
1.507001e-008 -0.0612855
1.508668e-008 -0.0525674
1.510334e-008 -0.012775
1.512001e-008 -0.0324554
1.513668e-008 -0.0536895
1.515334e-008 0.00431588
1.517001e-008 0.0320238
1.518668e-008 -0.0447988
1.520334e-008 -0.0908061
1.522001e-008 -0.0313333
1.523668e-008 0.0297796
1.525334e-008 0.0371166
1.527001e-008 0.0288301
1.528668e-008 0.0145014
1.530334e-008 -0.00241689
1.532001e-008 -0.0117392
1.533668e-008 -0.0384976
1.535334e-008 -0.0725068
1.537001e-008 -0.0631845
1.538668e-008 -0.0300385
1.540334e-008 -0.00975389
1.542001e-008 0.018213
1.543668e-008 0.0305564
1.545334e-008 -0.0058696
1.547001e-008 -0.00845912
1.548668e-008 0.054639
1.550334e-008 0.0576601
1.552001e-008 -0.0137245
1.553668e-008 -0.025291
1.555334e-008 0.00880439
1.557001e-008 -0.00543801
1.558668e-008 -0.00302112
1.560334e-008 0.0609402
1.562001e-008 0.0820017
1.563668e-008 0.0447125
1.565334e-008 0.0343544
1.567001e-008 0.0376345
1.568668e-008 0.0263269
1.570334e-008 0.0251184
1.572001e-008 -0.00750963
1.573668e-008 -0.0667235
1.575334e-008 -0.0296069
1.577001e-008 0.054639
1.578668e-008 0.00517905
1.580334e-008 -0.0902882
1.582001e-008 -0.0519632
1.583668e-008 0.00189899
1.585334e-008 -0.0445399
1.587001e-008 -0.0479063
1.588668e-008 0.0192488
1.590334e-008 0.0129476
1.592001e-008 -0.0177814
1.593668e-008 0.0262405
1.595334e-008 0.0381524
1.597001e-008 -0.0166593
1.598668e-008 -0.0177814
1.600334e-008 0.00241689
1.602001e-008 -0.034786
1.603668e-008 -0.0351313
1.605334e-008 0.0178677
1.607001e-008 0.0104444
1.608668e-008 -0.00319375
1.610334e-008 0.0598181
1.612001e-008 0.0718162
1.613668e-008 -0.000690541
1.615334e-008 0.0044022
1.617001e-008 0.0633571
1.618668e-008 0.0242552
1.620334e-008 -0.045403
1.622001e-008 -0.0397924
1.623668e-008 -0.0294343
1.625334e-008 -0.0333186
1.627001e-008 0.00621487
1.628668e-008 0.0241689
1.630334e-008 -0.0176088
1.632001e-008 -0.0139834
1.633668e-008 0.0441946
1.635334e-008 0.0573149
1.637001e-008 0.0318512
1.638668e-008 0.00733699
1.640334e-008 -0.0317649
1.642001e-008 -0.0405693
1.643668e-008 0.0058696
1.645334e-008 0.00871807
1.647001e-008 -0.0407419
1.648668e-008 -0.0343544
1.650334e-008 -0.00526537
1.652001e-008 -0.0301248
1.653668e-008 -0.0210615
1.655334e-008 0.0408282
1.657001e-008 0.0177814
1.658668e-008 -0.058178
1.660334e-008 -0.0308154
1.662001e-008 0.0354765
1.663668e-008 0.0093223
1.665334e-008 -0.0328007
1.667001e-008 -0.0100128
1.668668e-008 0.0170909
1.670334e-008 0.0336639
1.672001e-008 0.065515
1.673668e-008 0.0548117
1.675334e-008 -0.00742331
1.677001e-008 -0.0206299
1.678668e-008 0.0311606
1.680334e-008 0.0532579
1.682001e-008 0.0161414
1.683668e-008 -0.02391
1.685334e-008 -0.0267584
1.687001e-008 -0.00302112
1.688668e-008 0.011135
1.690334e-008 0.0101855
1.692001e-008 0.0177814
1.693668e-008 0.00759595
1.695334e-008 -0.0504095
1.697001e-008 -0.076909
1.698668e-008 -0.011135
1.700334e-008 0.0404829
1.702001e-008 -0.00992652
1.703668e-008 -0.0660329
1.705334e-008 -0.0300385
1.707001e-008 0.0426409
1.708668e-008 0.0554159
1.710334e-008 -0.00422956
1.712001e-008 -0.0577465
1.713668e-008 -0.0321965
1.715334e-008 0.0120845
1.717001e-008 -0.0162277
1.718668e-008 -0.0405693
1.720334e-008 0.0224426
1.722001e-008 0.0544664
1.723668e-008 -0.00517905
1.725334e-008 -0.00802753
1.727001e-008 0.0537758
1.728668e-008 0.0159688
1.730334e-008 -0.0583507
1.732001e-008 -0.000431588
1.733668e-008 0.0706941
1.735334e-008 0.00621487
1.737001e-008 -0.0536895
1.738668e-008 -0.0124297
1.740334e-008 0.00828649
1.742001e-008 -0.00397061
1.743668e-008 0.0367713
1.745334e-008 0.0553296
1.747001e-008 0.000172635
1.748668e-008 0.000517905
1.750334e-008 0.0681909
1.752001e-008 0.056538
1.753668e-008 -0.0173498
1.755334e-008 -0.0295206
1.757001e-008 -0.00595591
1.758668e-008 -0.00776858
1.760334e-008 -0.0107034
1.762001e-008 -0.0333186
1.763668e-008 -0.0889934
1.765334e-008 -0.0787216
1.767001e-008 0.0112213
1.768668e-008 0.0435904
1.770334e-008 0.00690541
1.772001e-008 0.00897703
1.773668e-008 0.00975389
1.775334e-008 -0.0615444
1.777001e-008 -0.0966757
1.778668e-008 -0.0387566
1.780334e-008 -0.0160551
1.782001e-008 -0.0484242
1.783668e-008 -0.0162277
1.785334e-008 0.0338365
1.787001e-008 -0.0161414
1.788668e-008 -0.0672414
1.790334e-008 -0.0014674
1.792001e-008 0.0710394
1.793668e-008 0.0517042
1.795334e-008 0.0150193
1.797001e-008 -0.00923598
1.798668e-008 -0.0592139
1.800334e-008 -0.0658603
1.802001e-008 0.0133792
1.803668e-008 0.0511
1.805334e-008 -0.00854544
1.807001e-008 -0.0353039
1.808668e-008 0.0157098
1.810334e-008 0.0306427
1.812001e-008 -0.0174361
1.813668e-008 -0.0369439
1.815334e-008 -0.00353902
1.817001e-008 0.0185583
1.818668e-008 -0.00716436
1.820334e-008 -0.0457483
1.822001e-008 -0.0414324
1.823668e-008 -0.00483378
1.825334e-008 -0.00302112
1.827001e-008 -0.0324554
1.828668e-008 -0.0280532
1.830334e-008 -0.00431588
1.832001e-008 -0.00768226
1.833668e-008 -0.00543801
1.835334e-008 0.00992652
1.837001e-008 -0.0139834
1.838668e-008 -0.0321965
1.840334e-008 0.0176951
1.842001e-008 0.0391882
1.843668e-008 -0.0227015
1.845334e-008 -0.0313333
1.847001e-008 0.0447988
1.848668e-008 0.0560201
1.850334e-008 0.00794122
1.852001e-008 0.0308154
1.853668e-008 0.0690541
1.855334e-008 0.023651
1.857001e-008 -0.0156235
1.858668e-008 0.0102718
1.860334e-008 0.0136382
1.862001e-008 -0.00664645
1.863668e-008 0.0179541
1.865334e-008 0.0267584
1.867001e-008 -0.0296932
1.868668e-008 -0.0429862
1.870334e-008 0.0334049
1.872001e-008 0.0746647
1.873668e-008 0.0148466
1.875334e-008 -0.0502368
1.877001e-008 -0.0363397
1.878668e-008 0.0107897
1.880334e-008 0.00604223
1.882001e-008 -0.0353039
1.883668e-008 -0.0368576
1.885334e-008 -0.0228742
1.887001e-008 -0.0606813
1.888668e-008 -0.0744057
1.890334e-008 0.0149329
1.892001e-008 0.0731973
1.893668e-008 -0.00112213
1.895334e-008 -0.0492873
1.897001e-008 0.0262405
1.898668e-008 0.0665508
1.900334e-008 0.0049201
1.902001e-008 -0.0187309
1.903668e-008 0.0141561
1.905334e-008 -0.00448851
1.907001e-008 -0.0368576
1.908668e-008 0.00517905
1.910334e-008 0.0523084
1.912001e-008 0.0336639
1.913668e-008 0.0160551
1.915334e-008 0.038325
1.917001e-008 0.0329733
1.918668e-008 -0.0172635
1.920334e-008 -0.0389292
1.922001e-008 -0.00569696
1.923668e-008 0.0176088
1.925334e-008 -0.0121708
1.927001e-008 -0.047561
1.928668e-008 -0.0357355
1.930334e-008 -0.00595591
1.932001e-008 -0.00681909
1.933668e-008 -0.0159688
1.935334e-008 0.00621487
1.937001e-008 0.0273627
1.938668e-008 -0.0058696
1.940334e-008 -0.0590412
1.942001e-008 -0.0419503
1.943668e-008 0.0368576
1.945334e-008 0.0476473
1.947001e-008 -0.0490284
1.948668e-008 -0.109019
1.950334e-008 -0.0536895
1.952001e-008 -0.00750963
1.953668e-008 -0.0413461
1.955334e-008 -0.0501505
1.957001e-008 0.00276216
1.958668e-008 0.0283122
1.960334e-008 0.0189899
1.962001e-008 0.0174361
1.963668e-008 -0.0105307
1.965334e-008 -0.0492873
1.967001e-008 -0.0112213
1.968668e-008 0.0597318
1.970334e-008 0.0528264
1.972001e-008 0.00828649
1.973668e-008 0.00820017
1.975334e-008 0.0267584
1.977001e-008 0.0408282
1.978668e-008 0.0550706
1.980334e-008 0.0251184
1.982001e-008 -0.0282258
1.983668e-008 -0.00517905
1.985334e-008 0.0626666
1.987001e-008 0.0624939
1.988668e-008 0.0232194
1.990334e-008 0.00923598
1.992001e-008 -0.0195941
1.993668e-008 -0.0520495
1.995334e-008 -0.0205436
1.997001e-008 0.0167456
1.998668e-008 -0.00854544
2.000334e-008 -0.0169182
2.002001e-008 0.0329733
2.003668e-008 0.0550706
2.005334e-008 0.0348723
2.007001e-008 0.0334912
2.008668e-008 0.0374618
2.010334e-008 0.0148466
2.012001e-008 -0.0205436
2.013668e-008 -0.069313
2.015334e-008 -0.10384
2.017001e-008 -0.0633571
2.018668e-008 0.00120845
2.020334e-008 -0.0103581
2.022001e-008 -0.0506684
2.023668e-008 -0.0372029
2.025334e-008 -0.0112213
2.027001e-008 0.00517905
2.028668e-008 0.0545527
2.030334e-008 0.084246
2.032001e-008 0.0254637
2.033668e-008 -0.045662
2.035334e-008 -0.0507547
2.037001e-008 -0.0256363
2.038668e-008 0.000604223
2.040334e-008 0.0176088
2.042001e-008 -0.0151919
2.043668e-008 -0.0536032
2.045334e-008 0.000863176
2.047001e-008 0.0927051
2.048668e-008 0.0952946
2.050334e-008 0.0362534
2.052001e-008 0.00379797
2.053668e-008 -0.00526537
2.055334e-008 -0.00379797
2.057001e-008 0.0106171
2.058668e-008 -0.00258953
2.060334e-008 -0.0352176
2.062001e-008 -0.0131203
2.063668e-008 0.0420367
2.065334e-008 0.0487694
2.067001e-008 0.0352176
2.068668e-008 0.051359
2.070334e-008 0.0516179
2.072001e-008 0.0204573
2.073668e-008 0.0132066
2.075334e-008 0.0194215
2.077001e-008 -0.00612855
2.078668e-008 -0.0305564
2.080334e-008 -0.021752
2.082001e-008 -0.0138108
2.083668e-008 -0.0147603
2.085334e-008 -0.000690541
2.087001e-008 0.00923598
2.088668e-008 -0.00267584
2.090334e-008 -0.00431588
2.092001e-008 0.0167456
2.093668e-008 0.0276216
2.095334e-008 0.016573
2.097001e-008 0.00966757
2.098668e-008 0.0224426
2.100334e-008 0.0287438
2.102001e-008 -0.00647382
2.103668e-008 -0.0528264
2.105334e-008 -0.0384113
2.107001e-008 0.0196804
2.108668e-008 0.0299522
2.110334e-008 -0.0123434
2.112001e-008 -0.0337502
2.113668e-008 -0.0227878
2.115334e-008 -0.00466115
2.117001e-008 0.0278806
2.118668e-008 0.0518769
2.120334e-008 0.025291
2.122001e-008 -0.0166593
2.123668e-008 -0.0298659
2.125334e-008 -0.0413461
2.127001e-008 -0.0521358
2.128668e-008 -0.0290027
2.130334e-008 -0.0140698
2.132001e-008 -0.0382387
2.133668e-008 -0.0263269
2.135334e-008 0.0301248
2.137001e-008 0.0266721
2.138668e-008 -0.0241689
2.140334e-008 -0.012775
2.142001e-008 0.0283122
2.143668e-008 0.00656014
2.145334e-008 -0.0398787
2.147001e-008 -0.0629255
2.148668e-008 -0.0900292
2.150334e-008 -0.0897703
2.152001e-008 -0.0216657
2.153668e-008 0.0251184
2.155334e-008 -0.0109623
2.157001e-008 -0.0397924
2.158668e-008 -0.0113939
2.160334e-008 0.0114802
2.162001e-008 0.0140698
2.163668e-008 0.0208025
2.165334e-008 0.0019853
2.167001e-008 -0.0394471
2.168668e-008 -0.0489421
2.170334e-008 -0.0408282
2.172001e-008 -0.0496326
2.173668e-008 -0.0349586
2.175334e-008 0.00958125
2.177001e-008 0.0188172
2.178668e-008 -0.00224426
2.180334e-008 -0.00457483
2.182001e-008 -0.0151919
2.183668e-008 -0.0409145
2.185334e-008 -0.00992652
2.187001e-008 0.0564517
2.188668e-008 0.0391882
2.190334e-008 -0.0523948
2.192001e-008 -0.0909787
2.193668e-008 -0.0545527
2.195334e-008 -0.0257226
2.197001e-008 -0.0286574
2.198668e-008 -0.0280532
2.200334e-008 -0.0212341
2.202001e-008 -0.0227878
2.203668e-008 -0.0129476
2.205334e-008 0.0261542
2.207001e-008 0.0567106
2.208668e-008 0.0322828
2.210334e-008 -0.0178677
2.212001e-008 -0.0344407
2.213668e-008 -0.029089
2.215334e-008 -0.0390155
2.217001e-008 -0.042123
2.218668e-008 -0.0185583
2.220334e-008 0.0014674
2.222001e-008 0.0158824
2.223668e-008 0.0447988
2.225334e-008 0.0555022
2.227001e-008 0.029348
2.228668e-008 0.0176088
2.230334e-008 0.0290027
2.232001e-008 0.0121708
2.233668e-008 -0.0227878
2.235334e-008 -0.0322828
2.237001e-008 -0.0246005
2.238668e-008 -0.00189899
2.240334e-008 0.0322828
2.242001e-008 0.0078549
2.243668e-008 -0.0744057
2.245334e-008 -0.0839007
2.247001e-008 -0.0113076
2.248668e-008 0.00647382
2.250334e-008 -0.0137245
2.252001e-008 0.0422093
2.253668e-008 0.095122
2.255334e-008 0.0414324
2.257001e-008 -0.0107034
2.258668e-008 0.00233057
2.260334e-008 -0.0304701
2.262001e-008 -0.0889934
2.263668e-008 -0.0325417
2.265334e-008 0.0719025
2.267001e-008 0.071212
2.268668e-008 0.0244279
2.270334e-008 0.0301248
2.272001e-008 0.0296932
2.273668e-008 -0.00207162
2.275334e-008 0.00578328
2.277001e-008 0.02719
2.278668e-008 -0.0123434
2.280334e-008 -0.0555885
2.282001e-008 -0.0214931
2.283668e-008 0.0352176
2.285334e-008 0.0272764
2.287001e-008 -0.027449
2.288668e-008 -0.0487694
2.290334e-008 -0.00241689
2.292001e-008 0.0525674
2.293668e-008 0.0387566
2.295334e-008 -0.0195078
2.297001e-008 -0.0340091
2.298668e-008 -0.000517905
2.300334e-008 0.0185583
2.302001e-008 0.0153645
2.303668e-008 0.0126024
2.305334e-008 -0.00267584
2.307001e-008 -0.0275353
2.308668e-008 -0.0234784
2.310334e-008 0.00405693
2.312001e-008 0.00750963
2.313668e-008 -0.0214068
2.315334e-008 -0.0543801
2.317001e-008 -0.0712983
2.318668e-008 -0.0567106
2.320334e-008 -0.0106171
2.322001e-008 0.0271037
2.323668e-008 0.0299522
2.325334e-008 0.0334049
2.327001e-008 0.0643929
2.328668e-008 0.0757005
2.330334e-008 0.02555
2.332001e-008 -0.0343544
2.333668e-008 -0.029348
2.335334e-008 0.022011
2.337001e-008 0.0376345
2.338668e-008 -0.0093223
2.340334e-008 -0.0578328
2.342001e-008 -0.0432451
2.343668e-008 0.0185583
2.345334e-008 0.0491147
2.347001e-008 0.0113939
2.348668e-008 -0.0353902
2.350334e-008 -0.0215794
2.352001e-008 0.0311606
2.353668e-008 0.0510137
2.355334e-008 0.0209752
2.357001e-008 -0.0149329
2.358668e-008 -0.0218383
2.360334e-008 -0.00733699
2.362001e-008 0.00120845
2.363668e-008 -0.00405693
2.365334e-008 -0.0049201
2.367001e-008 0.000517905
2.368668e-008 -0.012775
2.370334e-008 -0.0409145
2.372001e-008 -0.0465252
2.373668e-008 -0.0253774
2.375334e-008 -0.0063875
2.377001e-008 0.00302112
2.378668e-008 0.00371166
2.380334e-008 -0.0110486
2.382001e-008 -0.0135519
2.383668e-008 0.027449
2.385334e-008 0.0684498
2.387001e-008 0.0508411
2.388668e-008 0.00422956
2.390334e-008 -0.0149329
2.392001e-008 -0.0134655
2.393668e-008 -0.0113076
2.395334e-008 0.000776858
2.397001e-008 0.0120845
2.398668e-008 -0.00362534
2.400334e-008 -0.0294343
2.402001e-008 -0.0267584
2.403668e-008 0.00189899
2.405334e-008 0.016573
2.407001e-008 -0.00405693
2.408668e-008 -0.0257226
2.410334e-008 0.00112213
2.412001e-008 0.0536895
2.413668e-008 0.0568833
2.415334e-008 0.00880439
2.417001e-008 -0.025291
2.418668e-008 -0.0430725
2.420334e-008 -0.0774269
2.422001e-008 -0.0812248
2.423668e-008 -0.0188172
2.425334e-008 0.016573
2.427001e-008 -0.0340091
2.428668e-008 -0.058178
2.430334e-008 0.0235647
2.432001e-008 0.0968483
2.433668e-008 0.0642203
2.435334e-008 0.0103581
2.437001e-008 0.0179541
2.438668e-008 0.029089
2.440334e-008 -0.00716436
2.442001e-008 -0.0483378
2.443668e-008 -0.0648245
2.445334e-008 -0.0620623
2.447001e-008 -0.0189899
2.448668e-008 0.0497189
2.450334e-008 0.0627529
2.452001e-008 0.0153645
2.453668e-008 0.00820017
2.455334e-008 0.0628392
2.457001e-008 0.0920145
2.458668e-008 0.0660329
2.460334e-008 0.0262405
2.462001e-008 -0.0157961
2.463668e-008 -0.0477336
2.465334e-008 -0.0372029
2.467001e-008 -0.0176088
2.468668e-008 -0.0386703
2.470334e-008 -0.0510137
2.472001e-008 -0.00656014
2.473668e-008 0.0352176
2.475334e-008 0.0398787
2.477001e-008 0.0498916
2.478668e-008 0.0422956
2.480334e-008 -0.025291
2.482001e-008 -0.065515
2.483668e-008 -0.00975389
2.485334e-008 0.0316785
2.487001e-008 -0.0225289
2.488668e-008 -0.0746647
2.490334e-008 -0.0526537
2.492001e-008 -0.0124297
2.493668e-008 0.0166593
2.495334e-008 0.042123
2.497001e-008 0.0202846
2.498668e-008 -0.0434177
2.500334e-008 -0.0522221
2.502001e-008 0.0029348
2.503668e-008 0.0265858
2.505334e-008 0.00871807
2.507001e-008 0.0102718
2.508668e-008 0.0170046
2.510334e-008 0.0034527
2.512001e-008 0.0118255
2.513668e-008 0.0393608
2.515334e-008 0.0214068
2.517001e-008 -0.021752
2.518668e-008 -0.0152782
2.520334e-008 0.0199394
2.522001e-008 0.0202846
2.523668e-008 -0.000172635
2.525334e-008 -0.00716436
2.527001e-008 -0.010876
2.528668e-008 -0.0185583
2.530334e-008 -0.0285711
2.532001e-008 -0.0478199
2.533668e-008 -0.0479063
2.535334e-008 -0.00612855
2.537001e-008 0.0117392
2.538668e-008 -0.0365987
2.540334e-008 -0.0580917
2.542001e-008 0.00336639
2.543668e-008 0.0438493
2.545334e-008 0.00716436
2.547001e-008 -0.011135
2.548668e-008 0.0269311
2.550334e-008 0.0391019
2.552001e-008 0.00656014
2.553668e-008 -0.0147603
2.555334e-008 -0.0228742
2.557001e-008 -0.0288301
2.558668e-008 -0.00103581
2.560334e-008 0.0439356
2.562001e-008 0.0486831
2.563668e-008 0.0245142
2.565334e-008 0.00612855
2.567001e-008 -0.0221836
2.568668e-008 -0.0433314
2.570334e-008 -0.00552432
2.572001e-008 0.0404829
2.573668e-008 0.00405693
2.575334e-008 -0.058696
2.577001e-008 -0.0388429
2.578668e-008 0.0195078
2.580334e-008 0.0173498
2.582001e-008 -0.0135519
2.583668e-008 -0.00466115
2.585334e-008 0.0154508
2.587001e-008 0.0158824
2.588668e-008 0.0283122
2.590334e-008 0.0409145
2.592001e-008 0.00681909
2.593668e-008 -0.0296932
2.595334e-008 -0.00716436
2.597001e-008 0.0134655
2.598668e-008 -0.0228742
2.600334e-008 -0.0423819
2.602001e-008 -0.0166593
2.603668e-008 -0.0298659
2.605334e-008 -0.0574012
2.607001e-008 0.00664645
2.608668e-008 0.0777721
2.610334e-008 0.012775
2.612001e-008 -0.0751826
2.613668e-008 -0.029089
2.615334e-008 0.0381524
2.617001e-008 0.000863176
2.618668e-008 -0.0328007
2.620334e-008 0.00535169
2.622001e-008 0.012516
2.623668e-008 -0.0170046
2.625334e-008 0.00405693
2.627001e-008 0.0223563
2.628668e-008 -0.0275353
2.630334e-008 -0.0453167
2.632001e-008 0.0126887
2.633668e-008 0.0164867
2.635334e-008 -0.0614581
2.637001e-008 -0.07665
2.638668e-008 0.00569696
2.640334e-008 0.0547253
2.642001e-008 0.0154508
2.643668e-008 -0.027449
2.645334e-008 -0.0175225
2.647001e-008 0.00215794
2.648668e-008 -0.00776858
2.650334e-008 -0.0171772
2.652001e-008 -0.00328007
2.653668e-008 -0.00388429
2.655334e-008 -0.0284848
2.657001e-008 -0.0222699
2.658668e-008 0.0181267
2.660334e-008 0.0290027
2.662001e-008 0.00664645
2.663668e-008 -0.00397061
2.665334e-008 -0.00543801
2.667001e-008 -0.00189899
2.668668e-008 0.0246005
2.670334e-008 0.0329733
2.672001e-008 -0.00707804
2.673668e-008 -0.0159688
2.675334e-008 0.0344407
2.677001e-008 0.0396198
2.678668e-008 -0.0136382
2.680334e-008 -0.016573
2.682001e-008 0.0224426
2.683668e-008 0.0185583
2.685334e-008 0.00284848
2.687001e-008 0.00595591
2.688668e-008 -0.0251184
2.690334e-008 -0.0463525
2.692001e-008 0.0246005
2.693668e-008 0.0880439
2.695334e-008 0.0483378
2.697001e-008 0.0195078
2.698668e-008 0.0571422
2.700334e-008 0.038325
2.702001e-008 -0.0315922
2.703668e-008 -0.0264995
2.705334e-008 -0.00379797
2.707001e-008 -0.0672414
2.708668e-008 -0.108674
2.710334e-008 -0.0365123
2.712001e-008 0.0353902
2.713668e-008 0.0344407
2.715334e-008 0.0265858
2.717001e-008 0.0302975
2.718668e-008 0.0253774
2.720334e-008 0.0344407
2.722001e-008 0.0289164
2.723668e-008 -0.0296932
2.725334e-008 -0.062235
2.727001e-008 -0.02555
2.728668e-008 -0.0195941
2.730334e-008 -0.0568833
2.732001e-008 -0.0256363
2.733668e-008 0.0446262
2.735334e-008 0.0396198
2.737001e-008 0.0058696
2.738668e-008 0.0164003
2.740334e-008 0.00828649
2.742001e-008 -0.0273627
2.743668e-008 -0.00673277
2.745334e-008 0.0306427
2.747001e-008 -0.000517905
2.748668e-008 -0.0296069
2.750334e-008 0.00733699
2.752001e-008 0.0260679
2.753668e-008 -0.00820017
2.755334e-008 -0.0186446
2.757001e-008 0.00776858
2.758668e-008 0.0282258
2.760334e-008 0.0416914
2.762001e-008 0.0393608
2.763668e-008 0.0151919
2.765334e-008 0.0176951
2.767001e-008 0.0368576
2.768668e-008 0.00034527
2.770334e-008 -0.0414324
2.772001e-008 -0.00103581
2.773668e-008 0.0332323
2.775334e-008 -0.0171772
2.777001e-008 -0.0297796
2.778668e-008 0.0486831
2.780334e-008 0.0702625
2.782001e-008 -0.00414324
2.783668e-008 -0.0372892
2.785334e-008 0.00276216
2.787001e-008 0.0286574
2.788668e-008 0.0181267
2.790334e-008 -0.0119981
2.792001e-008 -0.0579191
2.793668e-008 -0.0843323
2.795334e-008 -0.074751
2.797001e-008 -0.0548117
2.798668e-008 -0.000690541
2.800334e-008 0.0920145
2.802001e-008 0.110055
2.803668e-008 0.0138971
2.805334e-008 -0.0491147
2.807001e-008 -0.00103581
2.808668e-008 0.0458346
2.810334e-008 0.0122571
2.812001e-008 -0.0489421
2.813668e-008 -0.0718162
2.815334e-008 -0.0346133
2.817001e-008 0.0281395
2.818668e-008 0.0462662
2.820334e-008 0.0282258
2.822001e-008 0.0426409
2.823668e-008 0.061976
2.825334e-008 0.0272764
2.827001e-008 -0.00371166
2.828668e-008 0.0208025
2.830334e-008 0.0459209
2.832001e-008 0.0469568
2.833668e-008 0.0406556
2.835334e-008 0.00034527
2.837001e-008 -0.0353902
2.838668e-008 0.0213204
2.840334e-008 0.0889071
2.842001e-008 0.0478199
2.843668e-008 0.000690541
2.845334e-008 0.031247
2.847001e-008 0.00811385
2.848668e-008 -0.0691404
2.850334e-008 -0.0173498
2.852001e-008 0.0914103
2.853668e-008 0.0314196
2.855334e-008 -0.0990926
2.857001e-008 -0.0855407
2.858668e-008 -0.0202846
2.860334e-008 -0.0436767
2.862001e-008 -0.062235
2.863668e-008 -0.0182993
2.865334e-008 -0.0014674
2.867001e-008 -0.00742331
2.868668e-008 0.029348
2.870334e-008 0.0593865
2.872001e-008 0.0410008
2.873668e-008 0.0338365
2.875334e-008 0.0465252
2.877001e-008 0.020112
2.878668e-008 -0.0321965
2.880334e-008 -0.0435041
2.882001e-008 0.0034527
2.883668e-008 0.063875
2.885334e-008 0.0678456
2.887001e-008 0.00302112
2.888668e-008 -0.0404829
2.890334e-008 -0.00759595
2.892001e-008 0.0270174
2.893668e-008 0.0105307
2.895334e-008 -0.0029348
2.897001e-008 0.00578328
2.898668e-008 -0.00448851
2.900334e-008 -0.0149329
2.902001e-008 0.011135
2.903668e-008 0.0357355
2.905334e-008 0.025291
2.907001e-008 0.00914966
2.908668e-008 0.0113076
2.910334e-008 0.0298659
2.912001e-008 0.049201
2.913668e-008 0.025291
2.915334e-008 -0.0400514
2.917001e-008 -0.0552432
2.918668e-008 0.00267584
2.920334e-008 0.029089
2.922001e-008 -0.00854544
2.923668e-008 -0.0257226
2.925334e-008 -0.00681909
2.927001e-008 -0.00181267
2.928668e-008 0.00138108
2.930334e-008 0.00897703
2.932001e-008 -0.0168319
2.933668e-008 -0.0314196
2.935334e-008 0.0258953
2.937001e-008 0.0725068
2.938668e-008 0.0374618
2.940334e-008 0.00681909
2.942001e-008 0.0160551
2.943668e-008 -0.0114802
2.945334e-008 -0.0346133
2.947001e-008 0.0328007
2.948668e-008 0.0782037
2.950334e-008 -0.00535169
2.952001e-008 -0.0786353
2.953668e-008 -0.0332323
2.955334e-008 0.0177814
2.957001e-008 0.00889071
2.958668e-008 0.00552432
2.960334e-008 -0.000690541
2.962001e-008 -0.0334912
2.963668e-008 -0.0195078
2.965334e-008 0.0268448
2.967001e-008 -0.00897703
2.968668e-008 -0.0806206
2.970334e-008 -0.0593865
2.972001e-008 0.00138108
2.973668e-008 0.00656014
2.975334e-008 0.00889071
2.977001e-008 0.0362534
2.978668e-008 0.0263269
2.980334e-008 0.00431588
2.982001e-008 0.0227015
2.983668e-008 0.0187309
2.985334e-008 -0.0285711
2.987001e-008 -0.0265858
2.988668e-008 0.0161414
2.990334e-008 0
2.992001e-008 -0.0391019
2.993668e-008 -0.00716436
2.995334e-008 0.0480789
2.997001e-008 0.0444536
2.998668e-008 0.00414324
3.000334e-008 -0.0362534
3.002001e-008 -0.0691404
3.003668e-008 -0.0564517
3.005334e-008 0.0139834
3.007001e-008 0.0668098
3.008668e-008 0.0405693
3.010334e-008 -0.025291
3.012001e-008 -0.0504958
3.013668e-008 -0.00474747
3.015334e-008 0.060336
3.017001e-008 0.0624076
3.018668e-008 0.000863176
3.020334e-008 -0.0338365
3.022001e-008 0.00034527
3.023668e-008 0.0411735
3.025334e-008 0.0362534
3.027001e-008 0.00794122
3.028668e-008 -0.0151056
3.030334e-008 -0.0339228
3.032001e-008 -0.0390155
3.033668e-008 -0.0135519
3.035334e-008 0.0195941
3.037001e-008 0.0156235
3.038668e-008 -0.0196804
3.040334e-008 -0.0302975
3.042001e-008 0.00172635
3.043668e-008 0.0261542
3.045334e-008 0.00992652
3.047001e-008 -0.010876
3.048668e-008 0.00776858
3.050334e-008 0.0542074
3.052001e-008 0.0813112
3.053668e-008 0.0574012
3.055334e-008 -0.00120845
3.057001e-008 -0.0361671
3.058668e-008 -0.0120845
3.060334e-008 0.0244279
3.062001e-008 0.0019853
3.063668e-008 -0.056797
3.065334e-008 -0.0466115
3.067001e-008 0.056538
3.068668e-008 0.127318
3.070334e-008 0.0702625
3.072001e-008 -0.0234784
3.073668e-008 -0.0234784
3.075334e-008 0.032887
3.077001e-008 0.0340954
3.078668e-008 -0.0128613
3.080334e-008 -0.0432451
3.082001e-008 -0.0633571
3.083668e-008 -0.0780311
3.085334e-008 -0.0349586
3.087001e-008 0.0518769
3.088668e-008 0.078549
3.090334e-008 0.0227878
3.092001e-008 -0.0121708
3.093668e-008 0.029089
3.095334e-008 0.0727657
3.097001e-008 0.0482515
3.098668e-008 -0.00828649
3.100334e-008 -0.0307291
3.102001e-008 -0.0171772
3.103668e-008 0.0034527
3.105334e-008 0.0204573
3.107001e-008 0.0170046
3.108668e-008 -0.0116529
3.110334e-008 -0.00966757
3.112001e-008 0.0511
3.113668e-008 0.083987
3.115334e-008 0.0343544
3.117001e-008 -0.00474747
3.118668e-008 0.0230468
3.120334e-008 0.027449
3.122001e-008 -0.02555
3.123668e-008 -0.0410872
3.125334e-008 -0.000949493
3.127001e-008 0.0135519
3.128668e-008 -8.63176e-005
3.130334e-008 0.00561064
3.132001e-008 0.00880439
3.133668e-008 -0.00181267
3.135334e-008 0.0195078
3.137001e-008 0.0550706
3.138668e-008 0.0375481
3.140334e-008 -0.0134655
3.142001e-008 -0.0384113
3.143668e-008 -0.0420367
3.145334e-008 -0.0267584
3.147001e-008 0.0341818
3.148668e-008 0.0876123
3.150334e-008 0.0479926
3.152001e-008 -0.0285711
3.153668e-008 -0.0190762
3.155334e-008 0.0452304
3.157001e-008 0.0382387
3.158668e-008 -0.0340091
3.160334e-008 -0.0647382
3.162001e-008 -0.0361671
3.163668e-008 -0.00328007
3.165334e-008 0.0243416
3.167001e-008 0.0416051
3.168668e-008 0.0101855
3.170334e-008 -0.0387566
3.172001e-008 -0.0210615
3.173668e-008 0.0381524
3.175334e-008 0.0446262
3.177001e-008 0.0116529
3.178668e-008 0.00509274
3.180334e-008 0.00353902
3.182001e-008 -0.019853
3.183668e-008 -0.0195941
3.185334e-008 0.00914966
3.187001e-008 0.0134655
3.188668e-008 0.00103581
3.190334e-008 0.012516
3.192001e-008 0.0290027
3.193668e-008 0.0254637
3.195334e-008 0.0132929
3.197001e-008 -0.00379797
3.198668e-008 -0.0119981
3.200334e-008 0.0126887
3.202001e-008 0.0273627
3.203668e-008 -0.0148466
3.205334e-008 -0.0480789
3.207001e-008 -0.0175225
3.208668e-008 0.00138108
3.210334e-008 -0.0321101
3.212001e-008 -0.0378071
3.213668e-008 0.0049201
3.215334e-008 0.0252047
3.217001e-008 0.0132929
3.218668e-008 0.000258953
3.220334e-008 -0.0221836
3.222001e-008 -0.0343544
3.223668e-008 -0.0019853
3.225334e-008 0.0207162
3.227001e-008 -0.0185583
3.228668e-008 -0.0605086
3.230334e-008 -0.0553296
3.232001e-008 -0.034786
3.233668e-008 -0.00483378
3.235334e-008 0.0448851
3.237001e-008 0.0590412
3.238668e-008 0.00733699
3.240334e-008 -0.0451441
3.242001e-008 -0.0473883
3.243668e-008 -0.0155372
3.245334e-008 0.018213
3.247001e-008 0.0142424
3.248668e-008 -0.029089
3.250334e-008 -0.0314196
3.252001e-008 0.0316785
3.253668e-008 0.0557612
3.255334e-008 0.0107034
3.257001e-008 0.00284848
3.258668e-008 0.0381524
3.260334e-008 0.00940862
3.262001e-008 -0.0620623
3.263668e-008 -0.0681909
3.265334e-008 -0.0303838
3.267001e-008 -0.0242552
3.268668e-008 -0.0270174
3.270334e-008 -0.00336639
3.272001e-008 0.0199394
3.273668e-008 0.0301248
3.275334e-008 0.0369439
3.277001e-008 0.0368576
3.278668e-008 0.036685
3.280334e-008 0.0336639
3.282001e-008 -0.00319375
3.283668e-008 -0.0441083
3.285334e-008 -0.0134655
3.287001e-008 0.0534306
3.288668e-008 0.0542938
3.290334e-008 0.00707804
3.292001e-008 -0.00552432
3.293668e-008 0.00543801
3.295334e-008 0.0019853
3.297001e-008 0.0058696
3.298668e-008 0.023651
3.300334e-008 0.0343544
3.302001e-008 0.0514453
3.303668e-008 0.0724204
3.305334e-008 0.0532579
3.307001e-008 0.00630118
3.308668e-008 -0.00966757
3.310334e-008 0.0034527
3.312001e-008 0.0102718
3.313668e-008 0.00914966
3.315334e-008 -0.00284848
3.317001e-008 -0.0248595
3.318668e-008 -0.0193351
3.320334e-008 0.0107034
3.322001e-008 0.0083728
3.323668e-008 -0.0157961
3.325334e-008 -0.00681909
3.327001e-008 0.0100128
3.328668e-008 0.00414324
3.330334e-008 0.020112
3.332001e-008 0.0435041
3.333668e-008 -0.00215794
3.335334e-008 -0.0637024
3.337001e-008 -0.0320238
3.338668e-008 0.0284848
3.340334e-008 0.00422956
3.342001e-008 -0.0486831
3.343668e-008 -0.0485968
3.345334e-008 -0.039965
3.347001e-008 -0.0427272
3.348668e-008 -0.00362534
3.350334e-008 0.043763
3.352001e-008 0.0231331
3.353668e-008 -0.0162277
3.355334e-008 0.00371166
3.357001e-008 0.0315922
3.358668e-008 0.00328007
3.360334e-008 -0.0228742
3.362001e-008 0.0155372
3.363668e-008 0.0640476
3.365334e-008 0.0507547
3.367001e-008 0.00509274
3.368668e-008 -0.00802753
3.370334e-008 -8.63176e-005
3.372001e-008 -0.0157098
3.373668e-008 -0.0308154
3.375334e-008 -0.0058696
3.377001e-008 0.0112213
3.378668e-008 -0.0287438
3.380334e-008 -0.0531716
3.382001e-008 0.0117392
3.383668e-008 0.0844186
3.385334e-008 0.0551569
3.387001e-008 -0.0251184
3.388668e-008 -0.0395334
3.390334e-008 0.00604223
3.392001e-008 0.0206299
3.393668e-008 -0.0172635
3.395334e-008 -0.0484242
3.397001e-008 -0.038325
3.398668e-008 -0.0157961
3.400334e-008 -0.0063875
3.402001e-008 0.00189899
3.403668e-008 0.00889071
3.405334e-008 -0.00604223
3.407001e-008 -0.0239963
3.408668e-008 -0.0140698
3.410334e-008 -0.00526537
3.412001e-008 -0.0166593
3.413668e-008 0.00509274
3.415334e-008 0.0582644
3.417001e-008 0.0505821
3.418668e-008 -0.0101855
3.420334e-008 -0.0166593
3.422001e-008 0.00828649
3.423668e-008 -0.031247
3.425334e-008 -0.0725068
3.427001e-008 -0.0282258
3.428668e-008 0.0058696
3.430334e-008 -0.0384113
3.432001e-008 -0.0450578
3.433668e-008 0.0275353
3.435334e-008 0.0579191
3.437001e-008 0.0256363
3.438668e-008 0.0197667
3.440334e-008 0.0232194
3.442001e-008 -0.0122571
3.443668e-008 -0.0316785
3.445334e-008 -0.0132066
3.447001e-008 -0.0123434
3.448668e-008 -0.019853
3.450334e-008 -0.00880439
3.452001e-008 -0.0213204
3.453668e-008 -0.0388429
3.455334e-008 0.00414324
3.457001e-008 0.0353039
3.458668e-008 -0.02555
3.460334e-008 -0.0644792
3.462001e-008 0.000431588
3.463668e-008 0.047561
3.465334e-008 0.0251184
3.467001e-008 0.0349586
3.468668e-008 0.0609402
3.470334e-008 0.00647382
3.472001e-008 -0.0617171
3.473668e-008 -0.0509274
3.475334e-008 -0.0272764
3.477001e-008 -0.0350449
3.478668e-008 -0.0118255
3.480334e-008 0.0251184
3.482001e-008 -0.0029348
3.483668e-008 -0.0555022
3.485334e-008 -0.0422093
3.487001e-008 0.0230468
3.488668e-008 0.0605086
3.490334e-008 0.0249458
3.492001e-008 -0.0430725
3.493668e-008 -0.0454894
3.495334e-008 0.0228742
3.497001e-008 0.039965
3.498668e-008 -0.0233057
3.500334e-008 -0.0481652
3.502001e-008 -0.0100992
3.503668e-008 -0.00569696
3.505334e-008 -0.0330596
3.507001e-008 -0.0208889
3.508668e-008 0.00845912
3.510334e-008 0.0126024
3.512001e-008 0.0109623
3.513668e-008 0.00276216
3.515334e-008 -0.0240826
3.517001e-008 -0.0355628
3.518668e-008 -0.0320238
3.520334e-008 -0.0521358
3.522001e-008 -0.0644792
3.523668e-008 -0.0327144
3.525334e-008 -0.0126887
3.527001e-008 -0.0315922
3.528668e-008 -0.0282258
3.530334e-008 0.0114802
3.532001e-008 0.0425546
3.533668e-008 0.0531716
3.535334e-008 0.0376345
3.537001e-008 -0.00353902
3.538668e-008 -0.0166593
3.540334e-008 0.00276216
3.542001e-008 -0.0182993
3.543668e-008 -0.0506684
3.545334e-008 -0.00362534
3.547001e-008 0.0514453
3.548668e-008 0.0100992
3.550334e-008 -0.0410872
3.552001e-008 -0.0154508
3.553668e-008 0.0101855
3.555334e-008 0.00215794
3.557001e-008 0.0170909
3.558668e-008 0.0214068
3.560334e-008 -0.0272764
3.562001e-008 -0.052999
3.563668e-008 -0.0223563
3.565334e-008 0.00699172
3.567001e-008 0.0387566
3.568668e-008 0.0721615
3.570334e-008 0.0336639
3.572001e-008 -0.0321101
3.573668e-008 -0.000517905
3.575334e-008 0.0541211
3.577001e-008 -0.00379797
3.578668e-008 -0.080189
3.580334e-008 -0.0561064
3.582001e-008 -0.0135519
3.583668e-008 -0.0100992
3.585334e-008 0.0157098
3.587001e-008 0.0365123
3.588668e-008 -0.00336639
3.590334e-008 -0.0175225
3.592001e-008 0.0426409
3.593668e-008 0.0652561
3.595334e-008 0.00699172
3.597001e-008 -0.0339228
3.598668e-008 -0.0185583
3.600334e-008 -0.00258953
3.602001e-008 -0.014674
3.603668e-008 -0.0387566
3.605334e-008 -0.0428135
3.607001e-008 -0.0118255
3.608668e-008 0.00664645
3.610334e-008 -0.0197667
3.612001e-008 -0.0294343
3.613668e-008 0.00181267
3.615334e-008 -0.00224426
3.617001e-008 -0.0373755
3.618668e-008 -0.0113939
3.620334e-008 0.0429862
3.622001e-008 0.0246005
3.623668e-008 -0.0227015
3.625334e-008 -0.00776858
3.627001e-008 0.0283985
3.628668e-008 0.0123434
3.630334e-008 -0.0330596
3.632001e-008 -0.0490284
3.633668e-008 -0.0154508
3.635334e-008 0.0311606
3.637001e-008 0.0289164
3.638668e-008 -0.00889071
3.640334e-008 -0.00224426
3.642001e-008 0.0433314
3.643668e-008 0.054639
3.645334e-008 0.041864
3.647001e-008 0.0408282
3.648668e-008 0.0151919
3.650334e-008 -0.0333186
3.652001e-008 -0.0430725
3.653668e-008 -0.029089
3.655334e-008 -0.0250321
3.657001e-008 0.0132929
3.658668e-008 0.0623213
3.660334e-008 0.025291
3.662001e-008 -0.0405693
3.663668e-008 -0.0135519
3.665334e-008 0.0337502
3.667001e-008 -0.00310743
3.668668e-008 -0.0376345
3.670334e-008 0.00181267
3.672001e-008 0.0311606
3.673668e-008 0.0126024
3.675334e-008 0.00483378
3.677001e-008 0.0242552
3.678668e-008 0.0560201
3.680334e-008 0.0731973
3.682001e-008 0.0120845
3.683668e-008 -0.0845049
3.685334e-008 -0.0660329
3.687001e-008 0.0365987
3.688668e-008 0.0439356
3.690334e-008 -0.0233057
3.692001e-008 -0.0299522
3.693668e-008 -0.0132929
3.695334e-008 -0.0231331
3.697001e-008 0.0119118
3.698668e-008 0.0476473
3.700334e-008 -0.0160551
3.702001e-008 -0.058178
3.703668e-008 0.030988
3.705334e-008 0.0870081
3.707001e-008 0.00966757
3.708668e-008 -0.0472157
3.710334e-008 -0.0190762
3.712001e-008 0.00189899
3.713668e-008 0.0187309
3.715334e-008 0.0468704
3.717001e-008 0.00319375
3.718668e-008 -0.0820017
3.720334e-008 -0.0788079
3.722001e-008 -0.0143287
3.723668e-008 0.0168319
3.725334e-008 0.0315922
3.727001e-008 0.0302975
3.728668e-008 -0.0186446
3.730334e-008 -0.0340091
3.732001e-008 0.0250321
3.733668e-008 0.0336639
3.735334e-008 -0.0335775
3.737001e-008 -0.0390155
3.738668e-008 0.0166593
3.740334e-008 0.00958125
3.742001e-008 -0.0397061
3.743668e-008 -0.0372892
3.745334e-008 0.00716436
3.747001e-008 0.0519632
3.748668e-008 0.0719889
3.750334e-008 0.0346997
3.752001e-008 -0.0179541
3.753668e-008 -0.00811385
3.755334e-008 0.0156235
3.757001e-008 -0.0207162
3.758668e-008 -0.0534306
3.760334e-008 -0.0360807
3.762001e-008 -0.0389292
3.763668e-008 -0.0610265
3.765334e-008 -0.0256363
3.767001e-008 0.0261542
3.768668e-008 0.0113076
3.770334e-008 -0.0202846
3.772001e-008 0.00233057
3.773668e-008 0.0372029
3.775334e-008 0.0270174
3.777001e-008 -0.0107034
3.778668e-008 -0.0307291
3.780334e-008 -0.0169182
3.782001e-008 0.00422956
3.783668e-008 0.0049201
3.785334e-008 -0.000258953
3.787001e-008 -0.00776858
3.788668e-008 -0.0453167
3.790334e-008 -0.0727657
3.792001e-008 -0.0214931
3.793668e-008 0.0391882
3.795334e-008 0.00129476
3.797001e-008 -0.0652561
3.798668e-008 -0.0410008
3.800334e-008 0.0256363
3.802001e-008 0.0375481
3.803668e-008 0.00923598
3.805334e-008 -0.0154508
3.807001e-008 -0.0269311
3.808668e-008 -0.0126024
3.810334e-008 0.0152782
3.812001e-008 0.0182993
3.813668e-008 0.00215794
3.815334e-008 -0.0102718
3.817001e-008 -0.0294343
3.818668e-008 -0.041864
3.820334e-008 -0.0185583
3.822001e-008 0.00181267
3.823668e-008 -0.0221836
3.825334e-008 -0.0439356
3.827001e-008 -0.0215794
3.828668e-008 0.0110486
3.830334e-008 0.0281395
3.832001e-008 0.0386703
3.833668e-008 0.0346133
3.835334e-008 0.0102718
3.837001e-008 -0.0150193
3.838668e-008 -0.0314196
3.840334e-008 -0.0369439
3.842001e-008 -0.0291753
3.843668e-008 -0.0302975
3.845334e-008 -0.0488557
3.847001e-008 -0.0426409
3.848668e-008 0.00241689
3.850334e-008 0.0377208
3.852001e-008 0.0413461
3.853668e-008 0.0325417
3.855334e-008 0.011135
3.857001e-008 -0.0138108
3.858668e-008 -0.0119118
3.860334e-008 0.000690541
3.862001e-008 -0.00034527
3.863668e-008 0.0220973
3.865334e-008 0.0647382
3.867001e-008 0.0422956
3.868668e-008 -0.0328007
3.870334e-008 -0.038325
3.872001e-008 0.0160551
3.873668e-008 -0.00716436
3.875334e-008 -0.101941
3.877001e-008 -0.12188
3.878668e-008 -0.0403966
3.880334e-008 0.0313333
3.882001e-008 0.0403103
3.883668e-008 0.0205436
3.885334e-008 0.00414324
3.887001e-008 0.0177814
3.888668e-008 0.0681909
3.890334e-008 0.0912377
3.892001e-008 0.0410008
3.893668e-008 -0.0116529
3.895334e-008 -0.00742331
3.897001e-008 -0.00914966
3.898668e-008 -0.0472157
3.900334e-008 -0.0447988
3.902001e-008 -0.00233057
3.903668e-008 -0.0100128
3.905334e-008 -0.0427272
3.907001e-008 -0.0171772
3.908668e-008 0.012516
3.910334e-008 -0.018472
3.912001e-008 -0.0354765
3.913668e-008 -0.000949493
3.915334e-008 0.0100992
3.917001e-008 -0.00880439
3.918668e-008 -0.0112213
3.920334e-008 -0.0240826
3.922001e-008 -0.0391882
3.923668e-008 0.00164003
3.925334e-008 0.0227878
3.927001e-008 -0.0558475
3.928668e-008 -0.0914103
3.930334e-008 0.010876
3.932001e-008 0.071471
3.933668e-008 -0.000690541
3.935334e-008 -0.0335775
3.937001e-008 0.0264995
3.938668e-008 0.039965
3.940334e-008 0.00328007
3.942001e-008 0.0104444
3.943668e-008 0.0245142
3.945334e-008 0.00750963
3.947001e-008 0.0176951
3.948668e-008 0.0351313
3.950334e-008 -0.00371166
3.952001e-008 -0.0348723
3.953668e-008 -0.00034527
3.955334e-008 0.0254637
3.957001e-008 0.0110486
3.958668e-008 0.0172635
3.960334e-008 0.0330596
3.962001e-008 0.00992652
3.963668e-008 -0.0124297
3.965334e-008 0.00224426
3.967001e-008 0.0139834
3.968668e-008 0.0098402
3.970334e-008 0.0149329
3.972001e-008 0.0122571
3.973668e-008 -0.011135
3.975334e-008 -0.018472
3.977001e-008 -0.00750963
3.978668e-008 -0.0246005
3.980334e-008 -0.0588686
3.982001e-008 -0.047561
3.983668e-008 0.00630118
3.985334e-008 0.0332323
3.987001e-008 0.0143287
3.988668e-008 0.00215794
3.990334e-008 0.0183856
3.992001e-008 0.0266721
3.993668e-008 0.0178677
3.995334e-008 0.0208025
3.997001e-008 0.0239963
3.998668e-008 0.0019853
4.000334e-008 -0.0128613
