LECROYSDA18000 15238 Waveform
Segments 1 SegmentSize 3002
Segment TrigTime TimeSinceSegment1
#1 02-Nov-2018 13:11:00 0                 
Time Ampl
-1.001049e-008 0.0214931
-9.993825e-009 0.0140698
-9.977158e-009 0.0188172
-9.960491e-009 0.00483378
-9.943825e-009 -0.0330596
-9.927158e-009 -0.0432451
-9.910491e-009 0.00172635
-9.893825e-009 0.0336639
-9.877158e-009 -0.00466115
-9.860491e-009 -0.0289164
-9.843825e-009 0.0378934
-9.827158e-009 0.0855407
-9.810491e-009 0.0145014
-9.793825e-009 -0.0590412
-9.777158e-009 -0.0296069
-9.760491e-009 0.0164867
-9.743825e-009 0.0129476
-9.727158e-009 0.0153645
-9.710491e-009 0.0256363
-9.693825e-009 -0.00189899
-9.677158e-009 -0.0317649
-9.660491e-009 -0.0262405
-9.643825e-009 -0.0152782
-9.627158e-009 -0.0102718
-9.610491e-009 -0.0100992
-9.593825e-009 -0.0381524
-9.577158e-009 -0.0598181
-9.560491e-009 -0.0262405
-9.543825e-009 0.00328007
-9.527158e-009 -0.0140698
-9.510491e-009 -0.00284848
-9.493825e-009 0.0441083
-9.477158e-009 0.0375481
-9.460491e-009 0.00181267
-9.443825e-009 0.00914966
-9.427158e-009 0.00889071
-9.410491e-009 -0.0195078
-9.393825e-009 0.00241689
-9.377158e-009 0.0393608
-9.360491e-009 0.00267584
-9.343825e-009 -0.0300385
-9.327158e-009 0.0138108
-9.310491e-009 0.0373755
-9.293825e-009 0.00319375
-9.277158e-009 -0.0132929
-9.260491e-009 -0.0280532
-9.243825e-009 -0.0620623
-9.227158e-009 -0.0354765
-9.210491e-009 0.0178677
-9.193825e-009 -0.0124297
-9.177158e-009 -0.0371166
-9.160491e-009 0.0370302
-9.143825e-009 0.0615444
-9.127158e-009 -0.0151919
-9.110491e-009 -0.0132066
-9.093825e-009 0.0524811
-9.077158e-009 0.00630118
-9.060491e-009 -0.0556748
-9.043825e-009 0.0161414
-9.027158e-009 0.0631845
-9.010491e-009 -0.0173498
-8.993825e-009 -0.0396198
-8.977158e-009 0.0388429
-8.960491e-009 0.043763
-8.943825e-009 -0.0131203
-8.927158e-009 -0.0118255
-8.910491e-009 -0.0107034
-8.893825e-009 -0.0493737
-8.877158e-009 -0.025291
-8.860491e-009 0.0425546
-8.843825e-009 0.0377208
-8.827158e-009 0.00189899
-8.810491e-009 0.0154508
-8.793825e-009 0.0297796
-8.777158e-009 0.0195078
-8.760491e-009 0.0196804
-8.743825e-009 -0.00120845
-8.727158e-009 -0.044022
-8.710491e-009 -0.0239963
-8.693825e-009 0.0324554
-8.677158e-009 0.0220973
-8.660491e-009 -0.00552432
-8.643825e-009 0.0289164
-8.627158e-009 0.0430725
-8.610491e-009 -0.00371166
-8.593825e-009 -0.00448851
-8.577158e-009 0.0389292
-8.560491e-009 0.00656014
-8.543825e-009 -0.0643066
-8.527158e-009 -0.0479063
-8.510491e-009 0.012775
-8.493825e-009 0.0114802
-8.477158e-009 -0.0176088
-8.460491e-009 -0.00414324
-8.443825e-009 0.0229605
-8.427158e-009 0.0121708
-8.410491e-009 -0.0278806
-8.393825e-009 -0.0533443
-8.377158e-009 -0.038325
-8.360491e-009 -0.010876
-8.343825e-009 -0.0135519
-8.327158e-009 -0.02719
-8.310491e-009 -0.0174361
-8.293825e-009 -0.0117392
-8.277158e-009 -0.0233921
-8.260491e-009 -0.00889071
-8.243825e-009 0.0195941
-8.227158e-009 0.00500642
-8.210491e-009 -0.0178677
-8.193825e-009 0.0105307
-8.177158e-009 0.0453167
-8.160491e-009 0.0441946
-8.143825e-009 0.0423819
-8.127158e-009 0.0331459
-8.110491e-009 -0.00897703
-8.093825e-009 -0.0167456
-8.077158e-009 0.0356492
-8.060491e-009 0.0500642
-8.043825e-009 0.00966757
-8.027158e-009 -0.00224426
-8.010491e-009 -0.0117392
-7.993825e-009 -0.0643929
-7.977158e-009 -0.0656014
-7.960491e-009 0.00353902
-7.943825e-009 0.00923598
-7.927158e-009 -0.0367713
-7.910491e-009 -0.00768226
-7.893825e-009 0.0367713
-7.877158e-009 0.00552432
-7.860491e-009 0.00250321
-7.843825e-009 0.0557612
-7.827158e-009 0.0211478
-7.810491e-009 -0.0704351
-7.793825e-009 -0.0612855
-7.777158e-009 -0.00828649
-7.760491e-009 -0.0150193
-7.743825e-009 0.0063875
-7.727158e-009 0.0681909
-7.710491e-009 0.0305564
-7.693825e-009 -0.0617171
-7.677158e-009 -0.0409145
-7.660491e-009 0.0442809
-7.643825e-009 0.0586096
-7.627158e-009 0.0332323
-7.610491e-009 0.0246868
-7.593825e-009 0.00362534
-7.577158e-009 -0.0176088
-7.560491e-009 0.00923598
-7.543825e-009 0.0611992
-7.527158e-009 0.0745784
-7.510491e-009 0.0192488
-7.493825e-009 -0.0519632
-7.477158e-009 -0.0330596
-7.460491e-009 0.0547253
-7.443825e-009 0.0620623
-7.427158e-009 -0.000690541
-7.410491e-009 0.00897703
-7.393825e-009 0.0420367
-7.377158e-009 -0.0128613
-7.360491e-009 -0.0422956
-7.343825e-009 0.0222699
-7.327158e-009 0.0207162
-7.310491e-009 -0.0554159
-7.293825e-009 -0.0334912
-7.277158e-009 0.027449
-7.260491e-009 -0.0161414
-7.243825e-009 -0.0447125
-7.227158e-009 0.0231331
-7.210491e-009 0.0303838
-7.193825e-009 -0.0304701
-7.177158e-009 -0.000949493
-7.160491e-009 0.0610265
-7.143825e-009 0.0307291
-7.127158e-009 0.0019853
-7.110491e-009 0.0307291
-7.093825e-009 0.0098402
-7.077158e-009 -0.047302
-7.060491e-009 -0.0406556
-7.043825e-009 -0.00958125
-7.027158e-009 -0.00379797
-7.010491e-009 0.0100992
-6.993825e-009 0.0058696
-6.977158e-009 -0.0264132
-6.960491e-009 0.00388429
-6.943825e-009 0.0648245
-6.927158e-009 0.0188172
-6.910491e-009 -0.0680182
-6.893825e-009 -0.0428135
-6.877158e-009 0.0268448
-6.860491e-009 0.0215794
-6.843825e-009 -0.0135519
-6.827158e-009 -0.0294343
-6.810491e-009 -0.0422956
-6.793825e-009 -0.0253774
-6.777158e-009 0.0138108
-6.760491e-009 0.00215794
-6.743825e-009 -0.0379797
-6.727158e-009 -0.038325
-6.710491e-009 -0.0378071
-6.693825e-009 -0.0543801
-6.677158e-009 -0.0145014
-6.660491e-009 0.0462662
-6.643825e-009 0.0132066
-6.627158e-009 -0.0651698
-6.610491e-009 -0.0666372
-6.593825e-009 -0.020112
-6.577158e-009 -0.0100128
-6.560491e-009 -0.029089
-6.543825e-009 -0.0450578
-6.527158e-009 -0.0448851
-6.510491e-009 -0.0133792
-6.493825e-009 0.023651
-6.477158e-009 0.0204573
-6.460491e-009 0
-6.443825e-009 0.00448851
-6.427158e-009 0.0135519
-6.410491e-009 0.0121708
-6.393825e-009 0.0253774
-6.377158e-009 0.0359081
-6.360491e-009 0.00828649
-6.343825e-009 -0.016314
-6.327158e-009 0.00474747
-6.310491e-009 0.0121708
-6.293825e-009 -0.0387566
-6.277158e-009 -0.0630118
-6.260491e-009 -0.00258953
-6.243825e-009 0.0382387
-6.227158e-009 -0.019853
-6.210491e-009 -0.0737152
-6.193825e-009 -0.0367713
-6.177158e-009 0.0126024
-6.160491e-009 0.0202846
-6.143825e-009 0.0336639
-6.127158e-009 0.0235647
-6.110491e-009 -0.0533443
-6.093825e-009 -0.0696583
-6.077158e-009 0.0469568
-6.060491e-009 0.103926
-6.043825e-009 -0.00414324
-6.027158e-009 -0.0774269
-6.010491e-009 -0.0148466
-5.993825e-009 0.0166593
-5.977158e-009 -0.0368576
-5.960491e-009 -0.0498916
-5.943825e-009 -0.0233921
-5.927158e-009 -0.0275353
-5.910491e-009 -0.00543801
-5.893825e-009 0.0585233
-5.877158e-009 0.0607676
-5.860491e-009 0.00845912
-5.843825e-009 -0.00034527
-5.827158e-009 0.0113939
-5.810491e-009 -0.000949493
-5.793825e-009 0.0128613
-5.777158e-009 0.0302975
-5.760491e-009 -0.025291
-5.743825e-009 -0.069313
-5.727158e-009 -0.00517905
-5.710491e-009 0.047302
-5.693825e-009 -0.00267584
-5.677158e-009 -0.0242552
-5.660491e-009 0.0323691
-5.643825e-009 0.0259816
-5.627158e-009 -0.0412598
-5.610491e-009 -0.0219247
-5.593825e-009 0.0353902
-5.577158e-009 -0.0044022
-5.560491e-009 -0.040224
-5.543825e-009 0.0479926
-5.527158e-009 0.106689
-5.510491e-009 0.0098402
-5.493825e-009 -0.0783764
-5.477158e-009 -0.0335775
-5.460491e-009 0.0114802
-5.443825e-009 -0.0302112
-5.427158e-009 -0.060336
-5.410491e-009 -0.0381524
-5.393825e-009 -0.0294343
-5.377158e-009 -0.0334912
-5.360491e-009 -0.0173498
-5.343825e-009 -0.0140698
-5.327158e-009 -0.0339228
-5.310491e-009 -0.0294343
-5.293825e-009 -0.00699172
-5.277158e-009 -0.014415
-5.260491e-009 -0.0376345
-5.243825e-009 -0.0321101
-5.227158e-009 0.00233057
-5.210491e-009 0.0348723
-5.193825e-009 0.0356492
-5.177158e-009 0.00517905
-5.160491e-009 -0.00940862
-5.143825e-009 0.0156235
-5.127158e-009 0.0335775
-5.110491e-009 0.0201983
-5.093825e-009 0.014674
-5.077158e-009 0.0247731
-5.060491e-009 0.021752
-5.043825e-009 0.0182993
-5.027158e-009 0.0220973
-5.010491e-009 -0.00750963
-4.993825e-009 -0.0526537
-4.977158e-009 -0.0342681
-4.960491e-009 0.027449
-4.943825e-009 0.0322828
-4.927158e-009 -0.014415
-4.910491e-009 -0.0257226
-4.893825e-009 -0.0029348
-4.877158e-009 -0.00750963
-4.860491e-009 -0.0292617
-4.843825e-009 -0.0233921
-4.827158e-009 -0.00569696
-4.810491e-009 -0.00733699
-4.793825e-009 -0.00897703
-4.777158e-009 0.00457483
-4.760491e-009 0.0019853
-4.743825e-009 -0.0261542
-4.727158e-009 -0.0357355
-4.710491e-009 -0.0105307
-4.693825e-009 0.00707804
-4.677158e-009 -0.00267584
-4.660491e-009 -0.0119118
-4.643825e-009 -0.0132066
-4.627158e-009 -0.0260679
-4.610491e-009 -0.0443672
-4.593825e-009 -0.0455757
-4.577158e-009 -0.0303838
-4.560491e-009 -0.0145014
-4.543825e-009 -0.00647382
-4.527158e-009 0.000258953
-4.510491e-009 0.0192488
-4.493825e-009 0.0314196
-4.477158e-009 -0.00535169
-4.460491e-009 -0.0633571
-4.443825e-009 -0.0558475
-4.427158e-009 0.00889071
-4.410491e-009 0.0222699
-4.393825e-009 -0.0382387
-4.377158e-009 -0.07665
-4.360491e-009 -0.0474747
-4.343825e-009 0.00120845
-4.327158e-009 0.0379797
-4.310491e-009 0.0634434
-4.293825e-009 0.0573149
-4.277158e-009 0.0156235
-4.260491e-009 -0.0078549
-4.243825e-009 0.0208025
-4.227158e-009 0.0496326
-4.210491e-009 0.0213204
-4.193825e-009 -0.0273627
-4.177158e-009 -0.0266721
-4.160491e-009 0.00871807
-4.143825e-009 0.0151056
-4.127158e-009 -0.0131203
-4.110491e-009 -0.0397061
-4.093825e-009 -0.0424682
-4.077158e-009 -0.00517905
-4.060491e-009 0.0479063
-4.043825e-009 0.0315059
-4.027158e-009 -0.0533443
-4.010491e-009 -0.0669824
-3.993825e-009 0.0220973
-3.977158e-009 0.0573149
-3.960491e-009 -0.00422956
-3.943825e-009 -0.0140698
-3.927158e-009 0.05274
-3.910491e-009 0.0606813
-3.893825e-009 0.00949493
-3.877158e-009 0.0116529
-3.860491e-009 0.0388429
-3.843825e-009 0.00362534
-3.827158e-009 -0.0397924
-3.810491e-009 -0.0145877
-3.793825e-009 0.0323691
-3.777158e-009 0.0424682
-3.760491e-009 0.0300385
-3.743825e-009 0.014415
-3.727158e-009 0.00716436
-3.710491e-009 0.0259816
-3.693825e-009 0.0384113
-3.677158e-009 -0.00267584
-3.660491e-009 -0.0511
-3.643825e-009 -0.0376345
-3.627158e-009 -0.00310743
-3.610491e-009 -0.00940862
-3.593825e-009 -0.0182993
-3.577158e-009 0.00889071
-3.560491e-009 0.0290027
-3.543825e-009 0.0214931
-3.527158e-009 0.0150193
-3.510491e-009 -0.00241689
-3.493825e-009 -0.0300385
-3.477158e-009 -0.00353902
-3.460491e-009 0.0535169
-3.443825e-009 0.0239963
-3.427158e-009 -0.0573149
-3.410491e-009 -0.0432451
-3.393825e-009 0.0269311
-3.377158e-009 0.0167456
-3.360491e-009 -0.0201983
-3.343825e-009 0.0105307
-3.327158e-009 0.0269311
-3.310491e-009 -0.0177814
-3.293825e-009 -0.023651
-3.277158e-009 0.0112213
-3.260491e-009 -0.00500642
-3.243825e-009 -0.0309017
-3.227158e-009 0.000604223
-3.210491e-009 0.0281395
-3.193825e-009 0.0315059
-3.177158e-009 0.0606813
-3.160491e-009 0.0607676
-3.143825e-009 -0.0044022
-3.127158e-009 -0.0128613
-3.110491e-009 0.0569696
-3.093825e-009 0.0549843
-3.077158e-009 -0.0162277
-3.060491e-009 -0.0200257
-3.043825e-009 0.00854544
-3.027158e-009 -0.0208025
-3.010491e-009 -0.038325
-2.993825e-009 -0.00768226
-2.977158e-009 -0.0131203
-2.960491e-009 -0.0313333
-2.943825e-009 0.0176088
-2.927158e-009 0.0511863
-2.910491e-009 -0.0107897
-2.893825e-009 -0.0618897
-2.877158e-009 -0.0246005
-2.860491e-009 0.0147603
-2.843825e-009 0.00241689
-2.827158e-009 -0.00854544
-2.810491e-009 0.00164003
-2.793825e-009 -0.000949493
-2.777158e-009 -0.0157961
-2.760491e-009 -0.0100128
-2.743825e-009 0.0189035
-2.727158e-009 0.0264132
-2.710491e-009 -0.0193351
-2.693825e-009 -0.0716436
-2.677158e-009 -0.0605949
-2.660491e-009 0.000172635
-2.643825e-009 0.0401377
-2.627158e-009 0.0263269
-2.610491e-009 -0.0141561
-2.593825e-009 -0.0203709
-2.577158e-009 0.0264995
-2.560491e-009 0.0413461
-2.543825e-009 -0.0257226
-2.527158e-009 -0.0628392
-2.510491e-009 -0.00681909
-2.493825e-009 0.0152782
-2.477158e-009 -0.0361671
-2.460491e-009 -0.0226152
-2.443825e-009 0.0459209
-2.427158e-009 0.0206299
-2.410491e-009 -0.044022
-2.393825e-009 -0.0159688
-2.377158e-009 0.0156235
-2.360491e-009 -0.0305564
-2.343825e-009 -0.0340091
-2.327158e-009 0.0240826
-2.310491e-009 0.00397061
-2.293825e-009 -0.0602497
-2.277158e-009 -0.0285711
-2.260491e-009 0.0384976
-2.243825e-009 0.0239963
-2.227158e-009 -0.0182993
-2.210491e-009 -0.0208025
-2.193825e-009 -0.0170046
-2.177158e-009 -0.019853
-2.160491e-009 -0.0155372
-2.143825e-009 -0.0214931
-2.127158e-009 -0.0333186
-2.110491e-009 -0.0409145
-2.093825e-009 -0.0675867
-2.077158e-009 -0.0797574
-2.060491e-009 -0.0241689
-2.043825e-009 0.0181267
-2.027158e-009 -0.0341818
-2.010491e-009 -0.0780311
-1.993825e-009 -0.0346133
-1.977158e-009 -0.0058696
-1.960491e-009 -0.02555
-1.943825e-009 0.00716436
-1.927158e-009 0.0592139
-1.910491e-009 0.0139834
-1.893825e-009 -0.0532579
-1.877158e-009 -0.0158824
-1.860491e-009 0.0424682
-1.843825e-009 0.0083728
-1.827158e-009 -0.0430725
-1.810491e-009 -0.0227878
-1.793825e-009 0.0173498
-1.777158e-009 0.0197667
-1.760491e-009 0.0122571
-1.743825e-009 0.0208025
-1.727158e-009 0.0303838
-1.710491e-009 0.0289164
-1.693825e-009 0.0133792
-1.677158e-009 -0.0234784
-1.660491e-009 -0.0654287
-1.643825e-009 -0.0633571
-1.627158e-009 -0.00699172
-1.610491e-009 0.0250321
-1.593825e-009 -0.0206299
-1.577158e-009 -0.0552432
-1.560491e-009 0.00302112
-1.543825e-009 0.0557612
-1.527158e-009 0.00414324
-1.510491e-009 -0.0521358
-1.493825e-009 -0.0223563
-1.477158e-009 -0.000172635
-1.460491e-009 -0.0350449
-1.443825e-009 -0.0290027
-1.427158e-009 0.0189035
-1.410491e-009 0.00414324
-1.393825e-009 -0.0438493
-1.377158e-009 -0.0316785
-1.360491e-009 0.00319375
-1.343825e-009 0.00699172
-1.327158e-009 0.00656014
-1.310491e-009 -0.00673277
-1.293825e-009 -0.0427272
-1.277158e-009 -0.0302975
-1.260491e-009 0.0209752
-1.243825e-009 0.00820017
-1.227158e-009 -0.0273627
-1.210491e-009 0.00914966
-1.193825e-009 0.0243416
-1.177158e-009 -0.0467841
-1.160491e-009 -0.0618897
-1.143825e-009 0.00284848
-1.127158e-009 -0.0113939
-1.110491e-009 -0.0608539
-1.093825e-009 0.00889071
-1.077158e-009 0.07829
-1.060491e-009 0.000431588
-1.043825e-009 -0.0680182
-1.027158e-009 -0.0155372
-1.010491e-009 0.00215794
-9.938246e-010 -0.0597318
-9.771579e-010 -0.060336
-9.604912e-010 -0.0132066
-9.438246e-010 -0.0194215
-9.271579e-010 -0.0193351
-9.104912e-010 0.0342681
-8.938246e-010 0.0407419
-8.771579e-010 -0.0234784
-8.604912e-010 -0.0599907
-8.438246e-010 -0.0462662
-8.271579e-010 -0.0283985
-8.104912e-010 -0.0191625
-7.938246e-010 -0.0297796
-7.771579e-010 -0.0538622
-7.604912e-010 -0.0362534
-7.438246e-010 0.0180404
-7.271579e-010 0.032887
-7.104912e-010 0.0104444
-6.938246e-010 0.0118255
-6.771579e-010 0.0265858
-6.604912e-010 0.0231331
-6.438246e-010 0.0249458
-6.271579e-010 0.0393608
-6.104912e-010 0.0359081
-5.938246e-010 0.016573
-5.771579e-010 0.0100128
-5.604912e-010 0.0205436
-5.438246e-010 0.0257226
-5.271579e-010 0.00561064
-5.104912e-010 -0.014415
-4.938246e-010 0.00889071
-4.771579e-010 0.0384976
-4.604912e-010 0.0123434
-4.438246e-010 -0.0124297
-4.271579e-010 0.0279669
-4.104912e-010 0.0509274
-3.938246e-010 0.0132929
-3.771579e-010 0.0187309
-3.604912e-010 0.0574012
-3.438246e-010 0.000776858
-3.271579e-010 -0.076909
-3.104912e-010 -0.0177814
-2.938246e-010 0.0675867
-2.771579e-010 0.0145877
-2.604912e-010 -0.0642203
-2.438246e-010 -0.0363397
-2.271579e-010 0.00707804
-2.104912e-010 -0.00138108
-1.938246e-010 0.0078549
-1.771579e-010 0.0376345
-1.604912e-010 0.0327144
-1.438246e-010 0.0194215
-1.271579e-010 0.0227878
-1.104912e-010 0.00647382
-9.382457e-011 -0.0254637
-7.715791e-011 -0.0373755
-6.049124e-011 -0.0244279
-4.382457e-011 0.0327144
-2.715791e-011 0.13267
-1.049124e-011 0.184633
6.175426e-012 0.163917
2.284209e-011 0.20276
3.950876e-011 0.344493
5.617543e-011 0.439874
7.284209e-011 0.429775
8.950876e-011 0.445399
1.061754e-010 0.539571
1.228421e-010 0.616307
1.395088e-010 0.654978
1.561754e-010 0.732059
1.728421e-010 0.838748
1.895088e-010 0.909528
2.061754e-010 0.963563
2.228421e-010 1.03926
2.395088e-010 1.09805
2.561754e-010 1.1223
2.728421e-010 1.16537
2.895088e-010 1.23236
3.061754e-010 1.26904
3.228421e-010 1.27655
3.395088e-010 1.28872
3.561754e-010 1.30132
3.728421e-010 1.3223
3.895088e-010 1.36563
4.061754e-010 1.38212
4.228421e-010 1.35156
4.395088e-010 1.34569
4.561754e-010 1.37107
4.728421e-010 1.35182
4.895088e-010 1.31021
5.061754e-010 1.30132
5.228421e-010 1.27146
5.395088e-010 1.22338
5.561754e-010 1.2554
5.728421e-010 1.30012
5.895088e-010 1.22502
6.061754e-010 1.14716
6.228421e-010 1.19343
6.395088e-010 1.21207
6.561754e-010 1.11307
6.728421e-010 1.04237
6.895088e-010 1.00948
7.061754e-010 0.897185
7.228421e-010 0.796798
7.395088e-010 0.793776
7.561754e-010 0.721356
7.728421e-010 0.531026
7.895088e-010 0.415015
8.061754e-010 0.386012
8.228421e-010 0.28761
8.395088e-010 0.149416
8.561754e-010 0.0618897
8.728421e-010 -0.0354765
8.895088e-010 -0.1697
9.061754e-010 -0.286315
9.228421e-010 -0.407851
9.395088e-010 -0.547944
9.561754e-010 -0.653769
9.728421e-010 -0.758473
9.895088e-010 -0.898307
1.006175e-009 -0.980395
1.022842e-009 -1.00465
1.039509e-009 -1.10314
1.056175e-009 -1.22726
1.072842e-009 -1.22554
1.089509e-009 -1.17228
1.106175e-009 -1.20232
1.122842e-009 -1.25523
1.139509e-009 -1.26473
1.156175e-009 -1.2699
1.172842e-009 -1.26326
1.189509e-009 -1.23779
1.206175e-009 -1.26093
1.222842e-009 -1.30866
1.239509e-009 -1.28613
1.256175e-009 -1.23037
1.272842e-009 -1.21846
1.289509e-009 -1.21276
1.306175e-009 -1.18436
1.322842e-009 -1.17021
1.339509e-009 -1.16382
1.356175e-009 -1.14492
1.372842e-009 -1.1223
1.389509e-009 -1.07966
1.406175e-009 -1.03322
1.422842e-009 -1.04367
1.439509e-009 -1.05981
1.456175e-009 -1.00154
1.472842e-009 -0.960715
1.489509e-009 -1.00008
1.506175e-009 -0.972195
1.522842e-009 -0.824937
1.539509e-009 -0.708408
1.556175e-009 -0.64298
1.572842e-009 -0.525156
1.589509e-009 -0.396111
1.606175e-009 -0.317562
1.622842e-009 -0.23159
1.639509e-009 -0.156753
1.656175e-009 -0.159342
1.672842e-009 -0.148207
1.689509e-009 -0.0615444
1.706175e-009 -0.0208025
1.722842e-009 -0.0514453
1.739509e-009 -0.0221836
1.756175e-009 0.0672414
1.772842e-009 0.122226
1.789509e-009 0.154854
1.806175e-009 0.174275
1.822842e-009 0.134742
1.839509e-009 0.0902882
1.856175e-009 0.103926
1.872842e-009 0.0938272
1.889509e-009 0.0149329
1.906175e-009 -0.0335775
1.922842e-009 -0.0143287
1.939509e-009 0.00189899
1.956175e-009 -0.00215794
1.972842e-009 -0.0034527
1.989509e-009 -0.0196804
2.006175e-009 -0.0555022
2.022842e-009 -0.0796711
2.039509e-009 -0.0703488
2.056175e-009 -0.0320238
2.072842e-009 -0.0147603
2.089509e-009 -0.0691404
2.106175e-009 -0.13103
2.122842e-009 -0.0988336
2.139509e-009 -0.0269311
2.156175e-009 -0.0342681
2.172842e-009 -0.0911514
2.189509e-009 -0.0997831
2.206175e-009 -0.0675003
2.222842e-009 -0.0589549
2.239509e-009 -0.0927914
2.256175e-009 -0.132152
2.272842e-009 -0.119981
2.289509e-009 -0.060336
2.306175e-009 -0.0327144
2.322842e-009 -0.0561064
2.339509e-009 -0.0605949
2.356175e-009 -0.0391882
2.372842e-009 -0.0500642
2.389509e-009 -0.0890797
2.406175e-009 -0.121621
2.422842e-009 -0.148898
2.439509e-009 -0.15589
2.456175e-009 -0.127405
2.472842e-009 -0.100042
2.489509e-009 -0.0934819
2.506175e-009 -0.097021
2.522842e-009 -0.13595
2.539509e-009 -0.193265
2.556175e-009 -0.178073
2.572842e-009 -0.106343
2.589509e-009 -0.0966757
2.606175e-009 -0.139144
2.622842e-009 -0.132497
2.639509e-009 -0.0815701
2.656175e-009 -0.0355628
2.672842e-009 0.00353902
2.689509e-009 0.0101855
2.706175e-009 -0.0182993
2.722842e-009 -0.00871807
2.739509e-009 0.0262405
2.756175e-009 -0.0151056
2.772842e-009 -0.094863
2.789509e-009 -0.0971073
2.806175e-009 -0.0482515
2.822842e-009 -0.0147603
2.839509e-009 0.0257226
2.856175e-009 0.0617171
2.872842e-009 0.0506684
2.889509e-009 0.034527
2.906175e-009 0.034527
2.922842e-009 -0.000431588
2.939509e-009 -0.0381524
2.956175e-009 -0.0193351
2.972842e-009 -0.0151919
2.989509e-009 -0.0662919
3.006175e-009 -0.0777721
3.022842e-009 -0.040224
3.039509e-009 -0.0410008
3.056175e-009 -0.0431588
3.072842e-009 0.0189899
3.089509e-009 0.0626666
3.106175e-009 0.0275353
3.122842e-009 -0.00992652
3.139509e-009 -0.00716436
3.156175e-009 0.0117392
3.172842e-009 0.0452304
3.189509e-009 0.0557612
3.206175e-009 -0.00673277
3.222842e-009 -0.0646519
3.239509e-009 -0.0282258
3.256175e-009 0.0227878
3.272842e-009 -0.00690541
3.289509e-009 -0.0633571
3.306175e-009 -0.0775995
3.322842e-009 -0.0577465
3.339509e-009 -0.00768226
3.356175e-009 0.0620623
3.372842e-009 0.0886481
3.389509e-009 0.0491147
3.406175e-009 0.00699172
3.422842e-009 0.0106171
3.439509e-009 0.0335775
3.456175e-009 0.0234784
3.472842e-009 -0.0367713
3.489509e-009 -0.107465
3.506175e-009 -0.13595
3.522842e-009 -0.120499
3.539509e-009 -0.0919282
3.556175e-009 -0.0599044
3.572842e-009 -0.0247731
3.589509e-009 8.63176e-005
3.606175e-009 0.00379797
3.622842e-009 -0.00733699
3.639509e-009 -0.0112213
3.656175e-009 -0.000776858
3.672842e-009 -0.0128613
3.689509e-009 -0.0542938
3.706175e-009 -0.0485105
3.722842e-009 0.0188172
3.739509e-009 0.0324554
3.756175e-009 -0.0252047
3.772842e-009 -0.0183856
3.789509e-009 0.0510137
3.806175e-009 0.0277079
3.822842e-009 -0.0700036
3.839509e-009 -0.0819154
3.856175e-009 -0.0149329
3.872842e-009 0.0166593
3.889509e-009 0.014415
3.906175e-009 0.0174361
3.922842e-009 0.00750963
3.939509e-009 -0.0063875
3.956175e-009 -0.00310743
3.972842e-009 -0.0103581
3.989509e-009 -0.0315922
4.006175e-009 -0.043763
4.022842e-009 -0.0607676
4.039509e-009 -0.0614581
4.056175e-009 -0.00034527
4.072842e-009 0.0458346
4.089509e-009 -0.00535169
4.106175e-009 -0.0503231
4.122842e-009 -0.00612855
4.139509e-009 0.0178677
4.156175e-009 -0.0187309
4.172842e-009 -0.0098402
4.189509e-009 0.0191625
4.206175e-009 -0.0296932
4.222842e-009 -0.0704351
4.239509e-009 -0.0224426
4.256175e-009 -0.00820017
4.272842e-009 -0.0776858
4.289509e-009 -0.0914966
4.306175e-009 -0.0206299
4.322842e-009 0.0100128
4.339509e-009 -0.0206299
4.356175e-009 -0.0320238
4.372842e-009 -0.00112213
4.389509e-009 0.0415188
4.406175e-009 0.0523084
4.422842e-009 0.00267584
4.439509e-009 -0.0518769
4.456175e-009 -0.0446262
4.472842e-009 -0.0188172
4.489509e-009 -0.016314
4.506175e-009 0.00820017
4.522842e-009 0.0377208
4.539509e-009 0.00509274
4.556175e-009 -0.0240826
4.572842e-009 0.02391
4.589509e-009 0.0433314
4.606175e-009 -0.0361671
4.622842e-009 -0.0863176
4.639509e-009 -0.0371166
4.656175e-009 0.0078549
4.672842e-009 0.00258953
4.689509e-009 0.00543801
4.706175e-009 0.0201983
4.722842e-009 0.0147603
4.739509e-009 0.000172635
4.756175e-009 -0.0164867
4.772842e-009 -0.0387566
4.789509e-009 -0.0476473
4.806175e-009 -0.0482515
4.822842e-009 -0.061976
4.839509e-009 -0.0624076
4.856175e-009 -0.0313333
4.872842e-009 -0.00656014
4.889509e-009 0.00656014
4.906175e-009 0.0393608
4.922842e-009 0.0686225
4.939509e-009 0.060336
4.956175e-009 0.0357355
4.972842e-009 0.00604223
4.989509e-009 -0.0309017
5.006175e-009 -0.038066
5.022842e-009 -0.0245142
5.039509e-009 -0.062235
5.056175e-009 -0.113076
5.072842e-009 -0.0615444
5.089509e-009 0.0461799
5.106175e-009 0.067673
5.122842e-009 0.0215794
5.139509e-009 0.013034
5.156175e-009 0.0268448
5.172842e-009 0.00604223
5.189509e-009 -0.0277079
5.206175e-009 -0.0521358
5.222842e-009 -0.0751826
5.239509e-009 -0.0710394
5.256175e-009 -0.0316785
5.272842e-009 -0.012516
5.289509e-009 -0.0247731
5.306175e-009 -0.00923598
5.322842e-009 0.0319375
5.339509e-009 0.0344407
5.356175e-009 0.00707804
5.372842e-009 -0.00250321
5.389509e-009 -0.0283122
5.406175e-009 -0.096503
5.422842e-009 -0.115925
5.439509e-009 -0.0428998
5.456175e-009 -0.00241689
5.472842e-009 -0.0593865
5.489509e-009 -0.0832965
5.506175e-009 -0.00466115
5.522842e-009 0.0643929
5.539509e-009 0.0711257
5.556175e-009 0.0763911
5.572842e-009 0.063875
5.589509e-009 0.00267584
5.606175e-009 -0.0168319
5.622842e-009 0.0302975
5.639509e-009 0.0210615
5.656175e-009 -0.0531716
5.672842e-009 -0.069572
5.689509e-009 -0.0408282
5.706175e-009 -0.0515316
5.722842e-009 -0.0462662
5.739509e-009 0.0248595
5.756175e-009 0.071212
5.772842e-009 0.0459209
5.789509e-009 0.0145014
5.806175e-009 0.00776858
5.822842e-009 0.00543801
5.839509e-009 -0.0140698
5.856175e-009 -0.069572
5.872842e-009 -0.104876
5.889509e-009 -0.0422956
5.906175e-009 0.0195941
5.922842e-009 -0.0441946
5.939509e-009 -0.0949493
5.956175e-009 0.00897703
5.972842e-009 0.096503
5.989509e-009 0.0351313
6.006175e-009 -0.00664645
6.022842e-009 0.0486831
6.039509e-009 0.0507547
6.056175e-009 0.000776858
6.072842e-009 0.0260679
6.089509e-009 0.0498916
6.106175e-009 -0.0384113
6.122842e-009 -0.11368
6.139509e-009 -0.0596454
6.156175e-009 0.0171772
6.172842e-009 0.0112213
6.189509e-009 -0.0183856
6.206175e-009 0.0171772
6.222842e-009 0.0996105
6.239509e-009 0.127059
6.256175e-009 0.0563654
6.272842e-009 -0.0151919
6.289509e-009 -0.00966757
6.306175e-009 -0.000949493
6.322842e-009 -0.0394471
6.339509e-009 -0.0498916
6.356175e-009 -0.0269311
6.372842e-009 -0.0536895
6.389509e-009 -0.0902882
6.406175e-009 -0.0423819
6.422842e-009 0.029348
6.439509e-009 0.0320238
6.456175e-009 0.0156235
6.472842e-009 0.0405693
6.489509e-009 0.0616307
6.506175e-009 0.0391882
6.522842e-009 0.00371166
6.539509e-009 -0.0166593
6.556175e-009 -0.034527
6.572842e-009 -0.0706078
6.589509e-009 -0.108674
6.606175e-009 -0.10643
6.622842e-009 -0.0679319
6.639509e-009 -0.032628
6.656175e-009 0.0119981
6.672842e-009 0.0751826
6.689509e-009 0.0822606
6.706175e-009 0.0197667
6.722842e-009 0.0106171
6.739509e-009 0.0769953
6.756175e-009 0.071471
6.772842e-009 -0.0303838
6.789509e-009 -0.0742331
6.806175e-009 -0.025809
6.822842e-009 -0.00466115
6.839509e-009 -0.0229605
6.856175e-009 0.00828649
6.872842e-009 0.0616307
6.889509e-009 0.0407419
6.906175e-009 -0.0212341
6.922842e-009 -0.0231331
6.939509e-009 0.0164867
6.956175e-009 0.0118255
6.972842e-009 -0.0195941
6.989509e-009 -0.00975389
7.006175e-009 0.0143287
7.022842e-009 0.000517905
7.039509e-009 -0.0116529
7.056175e-009 0.0129476
7.072842e-009 0.0245142
7.089509e-009 0.0029348
7.106175e-009 -0.00284848
7.122842e-009 0.012516
7.139509e-009 0.0120845
7.156175e-009 0.00336639
7.172842e-009 0.00699172
7.189509e-009 0.0153645
7.206175e-009 0.0227015
7.222842e-009 0.0190762
7.239509e-009 -0.00397061
7.256175e-009 -0.00328007
7.272842e-009 0.0468704
7.289509e-009 0.0723341
7.306175e-009 0.0245142
7.322842e-009 -0.0277943
7.339509e-009 -0.0332323
7.356175e-009 -0.0190762
7.372842e-009 0.00267584
7.389509e-009 0.0227015
7.406175e-009 0.000863176
7.422842e-009 -0.0395334
7.439509e-009 -0.02555
7.456175e-009 0.0288301
7.472842e-009 0.0523948
7.489509e-009 0.0292617
7.506175e-009 -0.0119981
7.522842e-009 -0.021752
7.539509e-009 0.0341818
7.556175e-009 0.0784627
7.572842e-009 0.0176088
7.589509e-009 -0.062235
7.606175e-009 -0.0416051
7.622842e-009 0.00112213
7.639509e-009 -0.0267584
7.656175e-009 -0.0452304
7.672842e-009 -0.00863176
7.689509e-009 0.000258953
7.706175e-009 -0.0229605
7.722842e-009 -0.0109623
7.739509e-009 0.00733699
7.756175e-009 -0.0063875
7.772842e-009 0.0063875
7.789509e-009 0.0639613
7.806175e-009 0.0838144
7.822842e-009 0.0277943
7.839509e-009 -0.0414324
7.856175e-009 -0.0599044
7.872842e-009 -0.0403966
7.889509e-009 -0.0384113
7.906175e-009 -0.054639
7.922842e-009 -0.0422093
7.939509e-009 -0.0143287
7.956175e-009 -0.00768226
7.972842e-009 0.0211478
7.989509e-009 0.0825196
8.006175e-009 0.082347
8.022842e-009 0.0224426
8.039509e-009 0.0201983
8.056175e-009 0.0523948
8.072842e-009 0.00405693
8.089509e-009 -0.0809659
8.106175e-009 -0.100646
8.122842e-009 -0.0741468
8.139509e-009 -0.0317649
8.156175e-009 0.0277943
8.172842e-009 0.0540348
8.189509e-009 0.0427272
8.206175e-009 0.0606813
8.222842e-009 0.0769953
8.239509e-009 0.0408282
8.256175e-009 0.0307291
8.272842e-009 0.0507547
8.289509e-009 -0.0264995
8.306175e-009 -0.140611
8.322842e-009 -0.110055
8.339509e-009 -0.00906335
8.356175e-009 -0.00457483
8.372842e-009 -0.0201983
8.389509e-009 0.0427272
8.406175e-009 0.0879576
8.422842e-009 0.0624076
8.439509e-009 0.0441946
8.456175e-009 0.0524811
8.472842e-009 0.056538
8.489509e-009 0.0607676
8.506175e-009 0.0371166
8.522842e-009 -0.0410008
8.539509e-009 -0.105307
8.556175e-009 -0.0926188
8.572842e-009 -0.0386703
8.589509e-009 -0.00258953
8.606175e-009 -0.00155372
8.622842e-009 -0.000863176
8.639509e-009 0.0483378
8.656175e-009 0.106084
8.672842e-009 0.0917556
8.689509e-009 0.0489421
8.706175e-009 0.0485968
8.722842e-009 0.0319375
8.739509e-009 -0.0208889
8.756175e-009 -0.0189899
8.772842e-009 0.00535169
8.789509e-009 -0.0470431
8.806175e-009 -0.095122
8.822842e-009 -0.0591275
8.839509e-009 -0.0360807
8.856175e-009 -0.0342681
8.872842e-009 0.0444536
8.889509e-009 0.109192
8.906175e-009 0.0507547
8.922842e-009 0.00863176
8.939509e-009 0.0618897
8.956175e-009 0.0601633
8.972842e-009 -0.0158824
8.989509e-009 -0.025809
9.006175e-009 0.0116529
9.022842e-009 0.0102718
9.039509e-009 0.00828649
9.056175e-009 0.0150193
9.072842e-009 -0.0063875
9.089509e-009 0.00552432
9.106175e-009 0.0654287
9.122842e-009 0.0656014
9.139509e-009 0.0174361
9.156175e-009 0.027449
9.172842e-009 0.0523948
9.189509e-009 0.0193351
9.206175e-009 -0.00690541
9.222842e-009 -0.00233057
9.239509e-009 -0.032887
9.256175e-009 -0.0715573
9.272842e-009 -0.0492873
9.289509e-009 0.0034527
9.306175e-009 0.0344407
9.322842e-009 0.0282258
9.339509e-009 -0.012516
9.356175e-009 -0.0179541
9.372842e-009 0.0559338
9.389509e-009 0.0908061
9.406175e-009 0.00794122
9.422842e-009 -0.0586096
9.439509e-009 -0.0270174
9.456175e-009 -0.00474747
9.472842e-009 -0.0275353
9.489509e-009 -0.0179541
9.506175e-009 0.00595591
9.522842e-009 -0.00664645
9.539509e-009 -0.0128613
9.556175e-009 0
9.572842e-009 -0.0134655
9.589509e-009 -0.0310743
9.606175e-009 -0.019853
9.622842e-009 -0.0119981
9.639509e-009 -0.0044022
9.656175e-009 0.0283985
9.672842e-009 0.0336639
9.689509e-009 -0.0113076
9.706175e-009 -0.0176951
9.722842e-009 0.0427272
9.739509e-009 0.0748373
9.756175e-009 0.0333186
9.772842e-009 -0.0185583
9.789509e-009 -0.0189899
9.806175e-009 0.0266721
9.822842e-009 0.0547253
9.839509e-009 0.0153645
9.856175e-009 -0.0423819
9.872842e-009 -0.0377208
9.889509e-009 0.0178677
9.906175e-009 0.0625802
9.922842e-009 0.069572
9.939509e-009 0.0304701
9.956175e-009 -0.0232194
9.972842e-009 -0.0195078
9.989509e-009 0.0166593
1.000618e-008 -0.0195078
1.002284e-008 -0.0908924
1.003951e-008 -0.0691404
1.005618e-008 0.0044022
1.007284e-008 0.00889071
1.008951e-008 -0.0176951
1.010618e-008 -0.00889071
1.012284e-008 -0.0275353
1.013951e-008 -0.0794985
1.015618e-008 -0.0555885
1.017284e-008 0.0227015
1.018951e-008 0.016314
1.020618e-008 -0.0517042
1.022284e-008 -0.0424682
1.023951e-008 0.0335775
1.025618e-008 0.0636161
1.027284e-008 0.036685
1.028951e-008 0.00517905
1.030618e-008 -0.0195078
1.032284e-008 -0.0256363
1.033951e-008 0.000604223
1.035618e-008 0.0175225
1.037284e-008 -0.00120845
1.038951e-008 0.000863176
1.040618e-008 0.0473883
1.042284e-008 0.0696583
1.043951e-008 0.038066
1.045618e-008 0.00483378
1.047284e-008 -0.00802753
1.048951e-008 -0.0196804
1.050618e-008 -0.0238237
1.052284e-008 -0.0182993
1.053951e-008 -0.0213204
1.055618e-008 -0.018472
1.057284e-008 0.00250321
1.058951e-008 0.00966757
1.060618e-008 0.0083728
1.062284e-008 0.0342681
1.063951e-008 0.038584
1.065618e-008 -0.0214931
1.067284e-008 -0.0460073
1.068951e-008 0.0209752
1.070618e-008 0.0466978
1.072284e-008 -0.031247
1.073951e-008 -0.0744921
1.075618e-008 -0.0330596
1.077284e-008 -0.0266721
1.078951e-008 -0.0698309
1.080618e-008 -0.0621487
1.082284e-008 -0.0188172
1.083951e-008 -0.00457483
1.085618e-008 0.0247731
1.087284e-008 0.0840733
1.088951e-008 0.0775995
1.090618e-008 0.00328007
1.092284e-008 -0.0149329
1.093951e-008 0.0330596
1.095618e-008 0.0342681
1.097284e-008 -0.0162277
1.098951e-008 -0.0259816
1.100618e-008 -0.00405693
1.102284e-008 -0.0231331
1.103951e-008 -0.0500642
1.105618e-008 -0.0129476
1.107284e-008 0.0463525
1.108951e-008 0.0519632
1.110618e-008 0.0271037
1.112284e-008 0.0189035
1.113951e-008 0.00742331
1.115618e-008 -0.0189035
1.117284e-008 -0.0237373
1.118951e-008 -0.00388429
1.120618e-008 0.0019853
1.122284e-008 -0.0209752
1.123951e-008 -0.0614581
1.125618e-008 -0.0925324
1.127284e-008 -0.0733699
1.128951e-008 -0.0175225
1.130618e-008 0.00811385
1.132284e-008 0.0078549
1.133951e-008 0.0388429
1.135618e-008 0.0656877
1.137284e-008 0.0340091
1.138951e-008 0.00897703
1.140618e-008 0.0330596
1.142284e-008 0.0215794
1.143951e-008 -0.0321965
1.145618e-008 -0.0208889
1.147284e-008 0.0262405
1.148951e-008 -0.0093223
1.150618e-008 -0.0629255
1.152284e-008 -0.0110486
1.153951e-008 0.0687088
1.155618e-008 0.067414
1.157284e-008 0.047561
1.158951e-008 0.0561927
1.160618e-008 0.0230468
1.162284e-008 -0.0422956
1.163951e-008 -0.0426409
1.165618e-008 0.00699172
1.167284e-008 0.0149329
1.168951e-008 -0.022011
1.170618e-008 -0.0536895
1.172284e-008 -0.056538
1.173951e-008 -0.0214931
1.175618e-008 0.0215794
1.177284e-008 0.0174361
1.178951e-008 -0.00457483
1.180618e-008 0.0214931
1.182284e-008 0.0396198
1.183951e-008 -0.0227015
1.185618e-008 -0.0749237
1.187284e-008 -0.0282258
1.188951e-008 0.0218383
1.190618e-008 -0.00673277
1.192284e-008 -0.0304701
1.193951e-008 -0.00483378
1.195618e-008 -0.00820017
1.197284e-008 -0.043763
1.198951e-008 -0.0324554
1.200618e-008 0.00362534
1.202284e-008 -0.0106171
1.203951e-008 -0.0459209
1.205618e-008 -0.0391019
1.207284e-008 -0.0058696
1.208951e-008 0.014674
1.210618e-008 0.0152782
1.212284e-008 -0.00466115
1.213951e-008 -0.0374618
1.215618e-008 -0.0608539
1.217284e-008 -0.0618897
1.218951e-008 -0.0396198
1.220618e-008 -0.0145877
1.222284e-008 -0.0247731
1.223951e-008 -0.0515316
1.225618e-008 -0.0263269
1.227284e-008 0.0307291
1.228951e-008 0.0367713
1.230618e-008 0.021752
1.232284e-008 0.0534306
1.233951e-008 0.0602497
1.235618e-008 -0.0168319
1.237284e-008 -0.0613718
1.238951e-008 -0.00707804
1.240618e-008 0.0197667
1.242284e-008 -0.038325
1.243951e-008 -0.0621487
1.245618e-008 -0.0132066
1.247284e-008 0.0029348
1.248951e-008 -0.0367713
1.250618e-008 -0.0373755
1.252284e-008 0.02719
1.253951e-008 0.0725068
1.255618e-008 0.0422956
1.257284e-008 -0.0106171
1.258951e-008 -0.0102718
1.260618e-008 0.0212341
1.262284e-008 0.0138108
1.263951e-008 -0.0139834
1.265618e-008 -0.00794122
1.267284e-008 0.00112213
1.268951e-008 -0.0135519
1.270618e-008 0.00155372
1.272284e-008 0.0379797
1.273951e-008 0.0186446
1.275618e-008 -0.0109623
1.277284e-008 0.0397924
1.278951e-008 0.089425
1.280618e-008 0.0359081
1.282284e-008 -0.0313333
1.283951e-008 -0.0230468
1.285618e-008 -0.00768226
1.287284e-008 -0.0177814
1.288951e-008 0.00690541
1.290618e-008 0.0376345
1.292284e-008 0.00120845
1.293951e-008 -0.0534306
1.295618e-008 -0.0515316
1.297284e-008 -0.0139834
1.298951e-008 0.0233921
1.300618e-008 0.0453167
1.302284e-008 0.0254637
1.303951e-008 0.000690541
1.305618e-008 0.0426409
1.307284e-008 0.0880439
1.308951e-008 0.0276216
1.310618e-008 -0.0620623
1.312284e-008 -0.0501505
1.313951e-008 -0.00733699
1.315618e-008 -0.0529127
1.317284e-008 -0.115407
1.318951e-008 -0.0810522
1.320618e-008 0.00215794
1.322284e-008 0.0323691
1.323951e-008 0.00776858
1.325618e-008 -0.0102718
1.327284e-008 0.016573
1.328951e-008 0.0664645
1.330618e-008 0.0749237
1.332284e-008 0.0250321
1.333951e-008 -0.0183856
1.335618e-008 -0.0151919
1.337284e-008 -0.00405693
1.338951e-008 -0.012516
1.340618e-008 -0.0218383
1.342284e-008 -0.0260679
1.343951e-008 -0.0290027
1.345618e-008 -0.0170046
1.347284e-008 0.00319375
1.348951e-008 0.0049201
1.350618e-008 -0.00353902
1.352284e-008 -0.00483378
1.353951e-008 -0.0159688
1.355618e-008 -0.0359944
1.357284e-008 -0.029348
1.358951e-008 -0.00759595
1.360618e-008 -0.0209752
1.362284e-008 -0.0541211
1.363951e-008 -0.0480789
1.365618e-008 -0.0188172
1.367284e-008 -0.0340954
1.368951e-008 -0.0835554
1.370618e-008 -0.0914103
1.372284e-008 -0.0516179
1.373951e-008 -0.0292617
1.375618e-008 -0.0300385
1.377284e-008 -0.00561064
1.378951e-008 0.016573
1.380618e-008 -0.019853
1.382284e-008 -0.0505821
1.383951e-008 0.00422956
1.385618e-008 0.0570559
1.387284e-008 0.00863176
1.388951e-008 -0.0471294
1.390618e-008 -0.011135
1.392284e-008 0.0292617
1.393951e-008 0.00034527
1.395618e-008 -0.014674
1.397284e-008 0.0281395
1.398951e-008 0.0531716
1.400618e-008 0.0319375
1.402284e-008 0.0102718
1.403951e-008 0.00138108
1.405618e-008 -0.00112213
1.407284e-008 0.012516
1.408951e-008 0.0363397
1.410618e-008 0.0570559
1.412284e-008 0.0593002
1.413951e-008 0.0197667
1.415618e-008 -0.0181267
1.417284e-008 0.0239963
1.418951e-008 0.0805343
1.420618e-008 0.0317649
1.422284e-008 -0.0315059
1.423951e-008 0.0277079
1.425618e-008 0.0956399
1.427284e-008 0.0477336
1.428951e-008 0.0058696
1.430618e-008 0.0428998
1.432284e-008 0.0384976
1.433951e-008 0
1.435618e-008 0.0466978
1.437284e-008 0.0987473
1.438951e-008 0.0479063
1.440618e-008 0.0150193
1.442284e-008 0.0694856
1.443951e-008 0.0731973
1.445618e-008 0.0137245
1.447284e-008 0.0314196
1.448951e-008 0.0879576
1.450618e-008 0.0553296
1.452284e-008 0.000776858
1.453951e-008 0.031247
1.455618e-008 0.0794985
1.457284e-008 0.0640476
1.458951e-008 0.0219247
1.460618e-008 0.00647382
1.462284e-008 0.0264995
1.463951e-008 0.058178
1.465618e-008 0.0512726
1.467284e-008 0.00940862
1.468951e-008 0.00725068
1.470618e-008 0.0483378
1.472284e-008 0.0473883
1.473951e-008 -0.0034527
1.475618e-008 -0.02719
1.477284e-008 -0.011135
1.478951e-008 -0.00371166
1.480618e-008 -0.0151919
1.482284e-008 -0.02719
1.483951e-008 -0.0342681
1.485618e-008 -0.0250321
1.487284e-008 0.0143287
1.488951e-008 0.0575738
1.490618e-008 0.0457483
1.492284e-008 -0.0342681
1.493951e-008 -0.109105
1.495618e-008 -0.113162
1.497284e-008 -0.0866628
1.498951e-008 -0.0890797
1.500618e-008 -0.0895976
1.502284e-008 -0.0568833
1.503951e-008 -0.0273627
1.505618e-008 -0.00155372
1.507284e-008 0.0500642
1.508951e-008 0.0668098
1.510618e-008 0.000258953
1.512284e-008 -0.04946
1.513951e-008 -0.0123434
1.515618e-008 0.0153645
1.517284e-008 -0.0253774
1.518951e-008 -0.0523084
1.520618e-008 -0.0269311
1.522284e-008 -0.00889071
1.523951e-008 -0.0201983
1.525618e-008 -0.0305564
1.527284e-008 -0.0214931
1.528951e-008 0.00992652
1.530618e-008 0.034786
1.532284e-008 0.0100992
1.533951e-008 -0.0359081
1.535618e-008 -0.0407419
1.537284e-008 -0.0164003
1.538951e-008 -0.00328007
1.540618e-008 0.00250321
1.542284e-008 -0.00241689
1.543951e-008 -0.0216657
1.545618e-008 -0.0107897
1.547284e-008 0.0346133
1.548951e-008 0.0428135
1.550618e-008 -8.63176e-005
1.552284e-008 -0.0337502
1.553951e-008 -0.0426409
1.555618e-008 -0.0391882
1.557284e-008 -0.0176088
1.558951e-008 -0.00759595
1.560618e-008 -0.0310743
1.562284e-008 -0.0290027
1.563951e-008 0.0233057
1.565618e-008 0.0568833
1.567284e-008 0.0489421
1.568951e-008 0.0331459
1.570618e-008 0.00474747
1.572284e-008 -0.0161414
1.573951e-008 0.0157098
1.575618e-008 0.0379797
1.577284e-008 -0.00889071
1.578951e-008 -0.0314196
1.580618e-008 0.00353902
1.582284e-008 -0.0230468
1.583951e-008 -0.0905471
1.585618e-008 -0.0599907
1.587284e-008 0.00362534
1.588951e-008 -0.0203709
1.590618e-008 -0.0309017
1.592284e-008 0.0353902
1.593951e-008 0.0378071
1.595618e-008 -0.0416051
1.597284e-008 -0.0687088
1.598951e-008 -0.0637024
1.600618e-008 -0.0977978
1.602284e-008 -0.0971936
1.603951e-008 -0.0590412
1.605618e-008 -0.0841596
1.607284e-008 -0.103926
1.608951e-008 -0.0176088
1.610618e-008 0.0451441
1.612284e-008 -0.00112213
1.613951e-008 -0.00431588
1.615618e-008 0.0781174
1.617284e-008 0.0870081
1.618951e-008 0.00422956
1.620618e-008 -0.0427272
1.622284e-008 -0.0375481
1.623951e-008 -0.0222699
1.625618e-008 0.0113939
1.627284e-008 0.0315059
1.628951e-008 -0.000517905
1.630618e-008 -0.0281395
1.632284e-008 -0.0123434
1.633951e-008 -0.00138108
1.635618e-008 0.000517905
1.637284e-008 0.0346133
1.638951e-008 0.0681046
1.640618e-008 0.049201
1.642284e-008 0.00811385
1.643951e-008 -0.000949493
1.645618e-008 0.0176088
1.647284e-008 0.0132929
1.648951e-008 -0.0386703
1.650618e-008 -0.0755279
1.652284e-008 -0.0320238
1.653951e-008 0.0222699
1.655618e-008 -0.00595591
1.657284e-008 -0.0477336
1.658951e-008 -0.00733699
1.660618e-008 0.0478199
1.662284e-008 0.032887
1.663951e-008 -0.0034527
1.665618e-008 -0.00422956
1.667284e-008 0.00664645
1.668951e-008 -0.00164003
1.670618e-008 -0.0303838
1.672284e-008 -0.0493737
1.673951e-008 -0.0181267
1.675618e-008 0.021752
1.677284e-008 -0.0093223
1.678951e-008 -0.0568833
1.680618e-008 -0.023651
1.682284e-008 0.0241689
1.683951e-008 8.63176e-005
1.685618e-008 -0.0221836
1.687284e-008 0.00949493
1.688951e-008 0.0231331
1.690618e-008 0.00517905
1.692284e-008 0.00526537
1.693951e-008 0.00379797
1.695618e-008 -0.0034527
1.697284e-008 0.0256363
1.698951e-008 0.036685
1.700618e-008 -0.0283985
1.702284e-008 -0.0656877
1.703951e-008 -0.0029348
1.705618e-008 0.04946
1.707284e-008 0.0220973
1.708951e-008 -0.0162277
1.710618e-008 -0.0257226
1.712284e-008 -0.00776858
1.713951e-008 0.0434177
1.715618e-008 0.0617171
1.717284e-008 -0.00699172
1.718951e-008 -0.0643066
1.720618e-008 -0.036685
1.722284e-008 -0.0128613
1.723951e-008 -0.032887
1.725618e-008 -0.0206299
1.727284e-008 0.0193351
1.728951e-008 0.02719
1.730618e-008 0.0282258
1.732284e-008 0.0395334
1.733951e-008 0.0213204
1.735618e-008 -0.00949493
1.737284e-008 -0.0170909
1.738951e-008 -0.0226152
1.740618e-008 -0.0168319
1.742284e-008 0.0164867
1.743951e-008 0.0098402
1.745618e-008 -0.0390155
1.747284e-008 -0.0132066
1.748951e-008 0.071212
1.750618e-008 0.071471
1.752284e-008 0.00889071
1.753951e-008 -0.00250321
1.755618e-008 0.00397061
1.757284e-008 -0.0216657
1.758951e-008 -0.0248595
1.760618e-008 -0.0124297
1.762284e-008 -0.0373755
1.763951e-008 -0.0464389
1.765618e-008 -0.00776858
1.767284e-008 0.00129476
1.768951e-008 -0.012775
1.770618e-008 0.0270174
1.772284e-008 0.0680182
1.773951e-008 0.0373755
1.775618e-008 -0.00155372
1.777284e-008 -0.00958125
1.778951e-008 -0.0381524
1.780618e-008 -0.0677593
1.782284e-008 -0.0410008
1.783951e-008 0.00880439
1.785618e-008 0.0358218
1.787284e-008 0.0341818
1.788951e-008 -0.014415
1.790618e-008 -0.071471
1.792284e-008 -0.047561
1.793951e-008 0.0162277
1.795618e-008 0.00966757
1.797284e-008 -0.0283122
1.798951e-008 -0.0205436
1.800618e-008 -0.0123434
1.802284e-008 -0.0176951
1.803951e-008 0.0164003
1.805618e-008 0.0321101
1.807284e-008 -0.0246868
1.808951e-008 -0.0392745
1.810618e-008 0.0289164
1.812284e-008 0.0363397
1.813951e-008 -0.0279669
1.815618e-008 -0.019853
1.817284e-008 0.0356492
1.818951e-008 0.0222699
1.820618e-008 -0.00276216
1.822284e-008 0.0254637
1.823951e-008 0.0233057
1.825618e-008 -0.0194215
1.827284e-008 -0.00612855
1.828951e-008 0.027449
1.830618e-008 -0.0124297
1.832284e-008 -0.0626666
1.833951e-008 -0.0378934
1.835618e-008 0.0115666
1.837284e-008 0.0286574
1.838951e-008 0.0227015
1.840618e-008 -0.00241689
1.842284e-008 -0.0175225
1.843951e-008 0.0265858
1.845618e-008 0.0786353
1.847284e-008 0.0536895
1.848951e-008 -0.00388429
1.850618e-008 -0.0209752
1.852284e-008 -0.0291753
1.853951e-008 -0.045403
1.855618e-008 -0.0232194
1.857284e-008 0.00794122
1.858951e-008 -0.0100128
1.860618e-008 -0.0195941
1.862284e-008 0.0284848
1.863951e-008 0.0487694
1.865618e-008 -0.00379797
1.867284e-008 -0.0377208
1.868951e-008 -0.010876
1.870618e-008 0.00940862
1.872284e-008 0.000690541
1.873951e-008 0.00543801
1.875618e-008 0.0243416
1.877284e-008 0.0267584
1.878951e-008 0.0113939
1.880618e-008 -0.00164003
1.882284e-008 0.00241689
1.883951e-008 0.00914966
1.885618e-008 -0.0181267
1.887284e-008 -0.0607676
1.888951e-008 -0.0477336
1.890618e-008 0.00906335
1.892284e-008 0.0258953
1.893951e-008 0.019853
1.895618e-008 0.0697446
1.897284e-008 0.123693
1.898951e-008 0.0780311
1.900618e-008 -0.0126024
1.902284e-008 -0.0262405
1.903951e-008 0.0190762
1.905618e-008 0.0262405
1.907284e-008 -0.0129476
1.908951e-008 -0.0359081
1.910618e-008 -0.0197667
1.912284e-008 0.00189899
1.913951e-008 0.0014674
1.915618e-008 -0.00310743
1.917284e-008 0.00742331
1.918951e-008 0.00871807
1.920618e-008 -0.0119118
1.922284e-008 -0.0138971
1.923951e-008 0.0157961
1.925618e-008 0.0283985
1.927284e-008 0.0093223
1.928951e-008 -0.00224426
1.930618e-008 0.00673277
1.932284e-008 0.0261542
1.933951e-008 0.0521358
1.935618e-008 0.0499779
1.937284e-008 -0.00155372
1.938951e-008 -0.0369439
1.940618e-008 -0.0126024
1.942284e-008 0.00310743
1.943951e-008 -0.0243416
1.945618e-008 -0.029089
1.947284e-008 -0.00103581
1.948951e-008 0.00828649
1.950618e-008 0.0216657
1.952284e-008 0.060336
1.953951e-008 0.0536895
1.955618e-008 -0.00215794
1.957284e-008 -0.0113076
1.958951e-008 0.013034
1.960618e-008 -0.0204573
1.962284e-008 -0.0675867
1.963951e-008 -0.0466115
1.965618e-008 -0.00768226
1.967284e-008 0.0104444
1.968951e-008 0.0514453
1.970618e-008 0.0690541
1.972284e-008 -0.00543801
1.973951e-008 -0.0661193
1.975618e-008 -0.0203709
1.977284e-008 0.0157098
1.978951e-008 -0.0283122
1.980618e-008 -0.0487694
1.982284e-008 -0.036426
1.983951e-008 -0.0737152
1.985618e-008 -0.0805343
1.987284e-008 0.0145014
1.988951e-008 0.0530853
1.990618e-008 -0.0280532
1.992284e-008 -0.0289164
1.993951e-008 0.0908061
1.995618e-008 0.116615
1.997284e-008 0.0229605
1.998951e-008 -0.0179541
2.000618e-008 -0.0105307
2.002284e-008 -0.0411735
2.003951e-008 -0.0413461
2.005618e-008 0.0112213
2.007284e-008 0.00794122
2.008951e-008 -0.0266721
2.010618e-008 0.00362534
2.012284e-008 0.0170909
2.013951e-008 -0.0479063
2.015618e-008 -0.058696
2.017284e-008 0.00621487
2.018951e-008 -0.00759595
2.020618e-008 -0.0717299
2.022284e-008 -0.0333186
2.023951e-008 0.0311606
2.025618e-008 -0.0141561
2.027284e-008 -0.0577465
2.028951e-008 0.0115666
2.030618e-008 0.0664645
2.032284e-008 0.0113939
2.033951e-008 -0.0524811
2.035618e-008 -0.0593002
2.037284e-008 -0.0651698
2.038951e-008 -0.084246
2.040618e-008 -0.074751
2.042284e-008 -0.0482515
2.043951e-008 -0.0375481
2.045618e-008 -0.0235647
2.047284e-008 0.0132066
2.048951e-008 0.0342681
2.050618e-008 0.0106171
2.052284e-008 -0.00733699
2.053951e-008 0.0214068
2.055618e-008 0.0356492
2.057284e-008 -0.0131203
2.058951e-008 -0.0538622
2.060618e-008 -0.041864
2.062284e-008 -0.0477336
2.063951e-008 -0.0805343
2.065618e-008 -0.0566243
2.067284e-008 -0.00224426
2.068951e-008 -0.00647382
2.070618e-008 -0.0154508
2.072284e-008 0.039965
2.073951e-008 0.0735426
2.075618e-008 0.034786
2.077284e-008 0.0203709
2.078951e-008 0.0607676
2.080618e-008 0.0744921
2.082284e-008 0.0431588
2.083951e-008 -0.000949493
2.085618e-008 -0.0466978
2.087284e-008 -0.0493737
2.088951e-008 0.00224426
2.090618e-008 0.00897703
2.092284e-008 -0.0486831
2.093951e-008 -0.0474747
2.095618e-008 0.0147603
2.097284e-008 0.0151919
2.098951e-008 -0.0246868
2.100618e-008 -0.0166593
2.102284e-008 -0.0132929
2.103951e-008 -0.0410008
2.105618e-008 -0.00707804
2.107284e-008 0.051359
2.108951e-008 0.00224426
2.110618e-008 -0.0825196
2.112284e-008 -0.054898
2.113951e-008 0.0180404
2.115618e-008 0.0251184
2.117284e-008 0.0176951
2.118951e-008 0.0264132
2.120618e-008 -0.0140698
2.122284e-008 -0.0687088
2.123951e-008 -0.0371166
2.125618e-008 0.0400514
2.127284e-008 0.0574875
2.128951e-008 0.0222699
2.130618e-008 -0.00647382
2.132284e-008 -0.0149329
2.133951e-008 -0.00250321
2.135618e-008 0.0207162
2.137284e-008 0.0156235
2.138951e-008 -0.0149329
2.140618e-008 -0.0151056
2.142284e-008 0.0114802
2.143951e-008 -0.0029348
2.145618e-008 -0.0493737
2.147284e-008 -0.0451441
2.148951e-008 0.00189899
2.150618e-008 -0.000604223
2.152284e-008 -0.0483378
2.153951e-008 -0.0450578
2.155618e-008 0.0104444
2.157284e-008 0.0296932
2.158951e-008 0.00397061
2.160618e-008 -0.0114802
2.162284e-008 -0.0176088
2.163951e-008 -0.0296932
2.165618e-008 -0.0224426
2.167284e-008 -0.00647382
2.168951e-008 -0.0157098
2.170618e-008 -0.0164003
2.172284e-008 0.0166593
2.173951e-008 0.0277943
2.175618e-008 0.0098402
2.177284e-008 0.0268448
2.178951e-008 0.0511
2.180618e-008 0.0175225
2.182284e-008 -0.00466115
2.183951e-008 0.0497189
2.185618e-008 0.0778585
2.187284e-008 0.0113939
2.188951e-008 -0.0430725
2.190618e-008 -0.0180404
2.192284e-008 0.0169182
2.193951e-008 0.019853
2.195618e-008 0.0044022
2.197284e-008 -0.0369439
2.198951e-008 -0.0734563
2.200618e-008 -0.0448851
2.202284e-008 0.00535169
2.203951e-008 -0.00112213
2.205618e-008 -0.0221836
2.207284e-008 -0.000604223
2.208951e-008 0.0115666
2.210618e-008 -0.0116529
2.212284e-008 -0.00923598
2.213951e-008 0.0100992
2.215618e-008 -0.02555
2.217284e-008 -0.0788079
2.218951e-008 -0.0549843
2.220618e-008 0.0135519
2.222284e-008 0.0270174
2.223951e-008 -0.00897703
2.225618e-008 -0.0230468
2.227284e-008 -0.00828649
2.228951e-008 0.00120845
2.230618e-008 0.0098402
2.232284e-008 0.030988
2.233951e-008 0.049201
2.235618e-008 0.0597318
2.237284e-008 0.0719889
2.238951e-008 0.0560201
2.240618e-008 -0.0148466
2.242284e-008 -0.078549
2.243951e-008 -0.0624076
2.245618e-008 -0.00569696
2.247284e-008 0.0151056
2.248951e-008 0.0119118
2.250618e-008 0.0264995
2.252284e-008 0.0442809
2.253951e-008 0.0412598
2.255618e-008 0.0226152
2.257284e-008 -0.0029348
2.258951e-008 -0.0224426
2.260618e-008 -0.0223563
2.262284e-008 -0.0149329
2.263951e-008 -0.00759595
2.265618e-008 0.00241689
2.267284e-008 -0.0187309
2.268951e-008 -0.0767363
2.270618e-008 -0.0783764
2.272284e-008 0.00397061
2.273951e-008 0.0384113
2.275618e-008 -0.0210615
2.277284e-008 -0.0384976
2.278951e-008 0.021752
2.280618e-008 0.0391019
2.282284e-008 0.0102718
2.283951e-008 0.0213204
2.285618e-008 0.0193351
2.287284e-008 -0.0522221
2.288951e-008 -0.0746647
2.290618e-008 0.00673277
2.292284e-008 0.0381524
2.293951e-008 -0.0469568
2.295618e-008 -0.0922735
2.297284e-008 -0.0118255
2.298951e-008 0.0673277
2.300618e-008 0.0389292
2.302284e-008 -0.0280532
2.303951e-008 -0.038066
2.305618e-008 -0.0138971
2.307284e-008 -0.0137245
2.308951e-008 -0.0115666
2.310618e-008 0.02555
2.312284e-008 0.0350449
2.313951e-008 -0.023651
2.315618e-008 -0.0594728
2.317284e-008 -0.00975389
2.318951e-008 0.0307291
2.320618e-008 -0.0126024
2.322284e-008 -0.0528264
2.323951e-008 -0.00543801
2.325618e-008 0.0666372
2.327284e-008 0.0700899
2.328951e-008 0.0249458
2.330618e-008 0.00914966
2.332284e-008 0.0276216
2.333951e-008 0.0224426
2.335618e-008 -0.00914966
2.337284e-008 -0.0171772
2.338951e-008 -0.0110486
2.340618e-008 -0.0281395
2.342284e-008 -0.0349586
2.343951e-008 -0.00889071
2.345618e-008 -0.00673277
2.347284e-008 -0.0252047
2.348951e-008 0.0078549
2.350618e-008 0.0503231
2.352284e-008 0.0120845
2.353951e-008 -0.0453167
2.355618e-008 -0.0329733
2.357284e-008 -0.00138108
2.358951e-008 0.00241689
2.360618e-008 0.00975389
2.362284e-008 0.00552432
2.363951e-008 -0.0272764
2.365618e-008 -0.0275353
2.367284e-008 0.0078549
2.368951e-008 0.0119118
2.370618e-008 0.00483378
2.372284e-008 0.0170046
2.373951e-008 -0.0098402
2.375618e-008 -0.0517905
2.377284e-008 -0.0132066
2.378951e-008 0.0414324
2.380618e-008 0.00725068
2.382284e-008 -0.0343544
2.383951e-008 -0.0109623
2.385618e-008 0.00164003
2.387284e-008 -0.00716436
2.388951e-008 0.0159688
2.390618e-008 0.0143287
2.392284e-008 -0.0307291
2.393951e-008 -0.0161414
2.395618e-008 0.0373755
2.397284e-008 0.0154508
2.398951e-008 -0.0269311
2.400618e-008 -0.000863176
2.402284e-008 0.0202846
2.403951e-008 -0.00612855
2.405618e-008 -0.0166593
2.407284e-008 -0.0227015
2.408951e-008 -0.0499779
2.410618e-008 -0.0325417
2.412284e-008 0.0282258
2.413951e-008 0.0534306
2.415618e-008 0.0532579
2.417284e-008 0.0457483
2.418951e-008 -0.00828649
2.420618e-008 -0.0524811
2.422284e-008 -0.0207162
2.423951e-008 -0.00759595
2.425618e-008 -0.0519632
2.427284e-008 -0.0363397
2.428951e-008 0.0199394
2.430618e-008 -0.00457483
2.432284e-008 -0.0426409
2.433951e-008 -0.0116529
2.435618e-008 -0.00328007
2.437284e-008 -0.0211478
2.438951e-008 0.0242552
2.440618e-008 0.0368576
2.442284e-008 -0.0591275
2.443951e-008 -0.0914103
2.445618e-008 -0.0014674
2.447284e-008 0.0340091
2.448951e-008 -0.00699172
2.450618e-008 -0.0135519
2.452284e-008 -0.0202846
2.453951e-008 -0.0333186
2.455618e-008 0.0396198
2.457284e-008 0.103408
2.458951e-008 0.0243416
2.460618e-008 -0.0554159
2.462284e-008 -0.0222699
2.463951e-008 -0.0151056
2.465618e-008 -0.0621487
2.467284e-008 -0.0419503
2.468951e-008 -0.0150193
2.470618e-008 -0.0556748
2.472284e-008 -0.0300385
2.473951e-008 0.0765637
2.475618e-008 0.0860586
2.477284e-008 0.0185583
2.478951e-008 0.0227878
2.480618e-008 0.041864
2.482284e-008 -0.0029348
2.483951e-008 -0.0167456
2.485618e-008 0.0197667
2.487284e-008 0.00707804
2.488951e-008 -0.029089
2.490618e-008 -0.0110486
2.492284e-008 0.0138108
2.493951e-008 0.00267584
2.495618e-008 -0.00509274
2.497284e-008 -0.00647382
2.498951e-008 -0.0197667
2.500618e-008 -0.0176088
2.502284e-008 -0.00353902
2.503951e-008 -0.0132929
2.505618e-008 -0.0200257
2.507284e-008 0.0195078
2.508951e-008 0.0694856
2.510618e-008 0.064134
2.512284e-008 0.0014674
2.513951e-008 -0.04946
2.515618e-008 -0.0392745
2.517284e-008 -0.0171772
2.518951e-008 -0.0325417
2.520618e-008 -0.0272764
2.522284e-008 0.0183856
2.523951e-008 0.00630118
2.525618e-008 -0.045662
2.527284e-008 0.00509274
2.528951e-008 0.098402
2.530618e-008 0.0531716
2.532284e-008 -0.0492873
2.533951e-008 -0.0299522
2.535618e-008 0.0238237
2.537284e-008 -0.0193351
2.538951e-008 -0.0634434
2.540618e-008 -0.0372892
2.542284e-008 -0.0263269
2.543951e-008 -0.0291753
2.545618e-008 0.0275353
2.547284e-008 0.0806206
2.548951e-008 0.0548117
2.550618e-008 0.0167456
2.552284e-008 0.0123434
2.553951e-008 -0.00975389
2.555618e-008 -0.0478199
2.557284e-008 -0.0466978
2.558951e-008 -0.0188172
2.560618e-008 -0.00267584
2.562284e-008 0.00802753
2.563951e-008 0.0124297
2.565618e-008 -0.00923598
2.567284e-008 -0.0325417
2.568951e-008 -0.0166593
2.570618e-008 0.0132066
2.572284e-008 0.00112213
2.573951e-008 -0.0407419
2.575618e-008 -0.0609402
2.577284e-008 -0.0666372
2.578951e-008 -0.0814838
2.580618e-008 -0.0644792
2.582284e-008 -0.0078549
2.583951e-008 0.00517905
2.585618e-008 -0.0227015
2.587284e-008 0.012516
2.588951e-008 0.0644792
2.590618e-008 -0.00129476
2.592284e-008 -0.091065
2.593951e-008 -0.039965
2.595618e-008 0.0439356
2.597284e-008 0.0126024
2.598951e-008 -0.0219247
2.600618e-008 0.0249458
2.602284e-008 0.029348
2.603951e-008 -0.0203709
2.605618e-008 0.00129476
2.607284e-008 0.0342681
2.608951e-008 -0.0422956
2.610618e-008 -0.11368
2.612284e-008 -0.0563654
2.613951e-008 0.0170046
2.615618e-008 0.00353902
2.617284e-008 -0.0254637
2.618951e-008 -0.0168319
2.620618e-008 -0.0029348
2.622284e-008 0.00561064
2.623951e-008 0.00768226
2.625618e-008 -0.0098402
2.627284e-008 -0.0206299
2.628951e-008 -0.00431588
2.630618e-008 0.00517905
2.632284e-008 -0.000690541
2.633951e-008 0.00949493
2.635618e-008 0.0224426
2.637284e-008 0.00466115
2.638951e-008 -0.0200257
2.640618e-008 -0.0140698
2.642284e-008 0.0116529
2.643951e-008 0.0233057
2.645618e-008 0.00958125
2.647284e-008 -0.00958125
2.648951e-008 -0.0152782
2.650618e-008 -0.0206299
2.652284e-008 -0.0300385
2.653951e-008 -0.0157098
2.655618e-008 0.0135519
2.657284e-008 0.0148466
2.658951e-008 0.00319375
2.660618e-008 0.00897703
2.662284e-008 0.00103581
2.663951e-008 -0.016314
2.665618e-008 0.012516
2.667284e-008 0.0416914
2.668951e-008 -0.000517905
2.670618e-008 -0.0360807
2.672284e-008 -0.00656014
2.673951e-008 -0.016573
2.675618e-008 -0.080448
2.677284e-008 -0.065515
2.678951e-008 0.00241689
2.680618e-008 -0.0133792
2.682284e-008 -0.0633571
2.683951e-008 -0.0480789
2.685618e-008 -0.0254637
2.687284e-008 -0.0241689
2.688951e-008 0.0107897
2.690618e-008 0.0306427
2.692284e-008 -0.00854544
2.693951e-008 -0.014415
2.695618e-008 0.0194215
2.697284e-008 -0.000517905
2.698951e-008 -0.0138108
2.700618e-008 0.0473883
2.702284e-008 0.0498052
2.703951e-008 -0.0441946
2.705618e-008 -0.0632708
2.707284e-008 0.00552432
2.708951e-008 0.0256363
2.710618e-008 0.0238237
2.712284e-008 0.0495463
2.713951e-008 0.025809
2.715618e-008 -0.00448851
2.717284e-008 0.0582644
2.718951e-008 0.0870081
2.720618e-008 -0.00863176
2.722284e-008 -0.0511863
2.723951e-008 0.0101855
2.725618e-008 -0.00258953
2.727284e-008 -0.0752689
2.728951e-008 -0.0630118
2.730618e-008 -0.0284848
2.732284e-008 -0.0458346
2.733951e-008 -0.0324554
2.735618e-008 -0.00405693
2.737284e-008 -0.032887
2.738951e-008 -0.0375481
2.740618e-008 0.00224426
2.742284e-008 -0.0187309
2.743951e-008 -0.0302975
2.745618e-008 0.0568833
2.747284e-008 0.060077
2.748951e-008 -0.0917556
2.750618e-008 -0.145531
2.752284e-008 -0.0413461
2.753951e-008 -0.000776858
2.755618e-008 -0.0367713
2.757284e-008 -0.0240826
2.758951e-008 -0.023651
2.760618e-008 -0.0582644
2.762284e-008 -0.018472
2.763951e-008 0.0352176
2.765618e-008 -0.00448851
2.767284e-008 -0.02555
2.768951e-008 0.0288301
2.770618e-008 0.0296932
2.772284e-008 -0.0170909
2.773951e-008 -0.0173498
2.775618e-008 -0.0324554
2.777284e-008 -0.071471
2.778951e-008 -0.02391
2.780618e-008 0.0315059
2.782284e-008 -0.0315922
2.783951e-008 -0.0697446
2.785618e-008 0.0211478
2.787284e-008 0.0746647
2.788951e-008 0.0334049
2.790618e-008 0.0296932
2.792284e-008 0.0532579
2.793951e-008 0.0371166
2.795618e-008 0.0519632
2.797284e-008 0.0917556
2.798951e-008 0.0473883
2.800618e-008 -0.0303838
2.802284e-008 -0.0359081
2.803951e-008 -0.0115666
2.805618e-008 0.00302112
2.807284e-008 0.0239963
2.808951e-008 0.00310743
2.810618e-008 -0.0441946
2.812284e-008 -0.012516
2.813951e-008 0.034527
2.815618e-008 -0.0295206
2.817284e-008 -0.0962441
2.818951e-008 -0.05274
2.820618e-008 -0.0181267
2.822284e-008 -0.0386703
2.823951e-008 -0.00155372
2.825618e-008 0.0487694
2.827284e-008 0.00742331
2.828951e-008 -0.0204573
2.830618e-008 0.0377208
2.832284e-008 0.047561
2.833951e-008 -0.0213204
2.835618e-008 -0.0396198
2.837284e-008 -0.0113939
2.838951e-008 -0.0201983
2.840618e-008 -0.0157961
2.842284e-008 0.0467841
2.843951e-008 0.0790669
2.845618e-008 0.0324554
2.847284e-008 -0.0152782
2.848951e-008 -0.0019853
2.850618e-008 0.0267584
2.852284e-008 -0.00992652
2.853951e-008 -0.0897703
2.855618e-008 -0.0909787
2.857284e-008 -0.00466115
2.858951e-008 0.0227015
2.860618e-008 -0.0382387
2.862284e-008 -0.0522221
2.863951e-008 -0.00388429
2.865618e-008 0.00630118
2.867284e-008 0.00362534
2.868951e-008 0.0412598
2.870618e-008 0.0336639
2.872284e-008 -0.0406556
2.873951e-008 -0.0520495
2.875618e-008 0.00880439
2.877284e-008 0.0104444
2.878951e-008 -0.0460073
2.880618e-008 -0.0587823
2.882284e-008 -0.0391882
2.883951e-008 -0.0372029
2.885618e-008 -0.0243416
2.887284e-008 -0.00319375
2.888951e-008 -0.0270174
2.890618e-008 -0.058437
2.892284e-008 -0.0195078
2.893951e-008 0.040224
2.895618e-008 0.0206299
2.897284e-008 -0.0435041
2.898951e-008 -0.0452304
2.900618e-008 0.0114802
2.902284e-008 0.0365123
2.903951e-008 0.00448851
2.905618e-008 -0.0333186
2.907284e-008 -0.0372029
2.908951e-008 -0.00431588
2.910618e-008 0.0372892
2.912284e-008 0.0389292
2.913951e-008 0.00215794
2.915618e-008 -0.0044022
2.917284e-008 0.0267584
2.918951e-008 0.0186446
2.920618e-008 -0.0271037
2.922284e-008 -0.0284848
2.923951e-008 -0.00258953
2.925618e-008 -0.0170046
2.927284e-008 -0.02555
2.928951e-008 0.0162277
2.930618e-008 0.0248595
2.932284e-008 -0.0228742
2.933951e-008 -0.0164003
2.935618e-008 0.0473883
2.937284e-008 0.0461799
2.938951e-008 -0.0116529
2.940618e-008 -0.0240826
2.942284e-008 -0.0164003
2.943951e-008 -0.0453167
2.945618e-008 -0.0489421
2.947284e-008 -0.000949493
2.948951e-008 0.0119981
2.950618e-008 -0.0188172
2.952284e-008 -0.00820017
2.953951e-008 0.0353902
2.955618e-008 0.0415188
2.957284e-008 0.0235647
2.958951e-008 0.0115666
2.960618e-008 -0.0172635
2.962284e-008 -0.0441946
2.963951e-008 -0.0265858
2.965618e-008 -0.00759595
2.967284e-008 -0.0263269
2.968951e-008 -0.0234784
2.970618e-008 0.012516
2.972284e-008 -0.000604223
2.973951e-008 -0.0511
2.975618e-008 -0.0444536
2.977284e-008 -0.00517905
2.978951e-008 -0.00820017
2.980618e-008 -0.00656014
2.982284e-008 0.0422093
2.983951e-008 0.0599907
2.985618e-008 0.0221836
2.987284e-008 0.010876
2.988951e-008 0.029089
2.990618e-008 0.00897703
2.992284e-008 -0.0283985
2.993951e-008 -0.0292617
2.995618e-008 -0.0102718
2.997284e-008 0.0107897
2.998951e-008 0.0349586
3.000618e-008 0.0302112
3.002284e-008 0.00612855
3.003951e-008 0.0302975
3.005618e-008 0.0694856
3.007284e-008 0.0189899
3.008951e-008 -0.07501
3.010618e-008 -0.0702625
3.012284e-008 0.0170046
3.013951e-008 0.0520495
3.015618e-008 0.0126887
3.017284e-008 -0.0150193
3.018951e-008 -0.00552432
3.020618e-008 -0.00664645
3.022284e-008 -0.0247731
3.023951e-008 -0.0136382
3.025618e-008 0.016314
3.027284e-008 -0.00302112
3.028951e-008 -0.0499779
3.030618e-008 -0.0225289
3.032284e-008 0.0563654
3.033951e-008 0.0593002
3.035618e-008 -0.00388429
3.037284e-008 -0.0232194
3.038951e-008 -0.0104444
3.040618e-008 -0.0272764
3.042284e-008 -0.0372892
3.043951e-008 -0.0270174
3.045618e-008 -0.0436767
3.047284e-008 -0.0344407
3.048951e-008 0.0620623
3.050618e-008 0.130685
3.052284e-008 0.0763047
3.053951e-008 0.0083728
3.055618e-008 0.0078549
3.057284e-008 -0.00276216
3.058951e-008 -0.0447125
3.060618e-008 -0.0508411
3.062284e-008 -0.0339228
3.063951e-008 -0.0292617
3.065618e-008 0.000517905
3.067284e-008 0.0426409
3.068951e-008 0.0226152
3.070618e-008 -0.0300385
3.072284e-008 -0.0188172
3.073951e-008 0.0498916
3.075618e-008 0.0939135
3.077284e-008 0.0819154
3.078951e-008 0.0445399
3.080618e-008 0.0188172
3.082284e-008 0.00750963
3.083951e-008 -0.0107034
3.085618e-008 -0.0264132
3.087284e-008 -0.0221836
3.088951e-008 -0.0276216
3.090618e-008 -0.044022
3.092284e-008 -0.00750963
3.093951e-008 0.0593865
3.095618e-008 0.0544664
3.097284e-008 0.0148466
3.098951e-008 0.0517905
3.100618e-008 0.100042
3.102284e-008 0.0473883
3.103951e-008 -0.0263269
3.105618e-008 -0.0231331
3.107284e-008 -0.00966757
3.108951e-008 -0.0376345
3.110618e-008 -0.0526537
3.112284e-008 -0.0410008
3.113951e-008 -0.0229605
3.115618e-008 0.0178677
3.117284e-008 0.0511863
3.118951e-008 0.0296069
3.120618e-008 0.0154508
3.122284e-008 0.0558475
3.123951e-008 0.0637024
3.125618e-008 0.0157098
3.127284e-008 0.0212341
3.128951e-008 0.0802753
3.130618e-008 0.0722478
3.132284e-008 -0.00258953
3.133951e-008 -0.0434177
3.135618e-008 -0.0285711
3.137284e-008 0.00328007
3.138951e-008 0.019853
3.140618e-008 -0.00379797
3.142284e-008 -0.0329733
3.143951e-008 -0.00707804
3.145618e-008 0.0265858
3.147284e-008 -0.00189899
3.148951e-008 -0.0220973
3.150618e-008 0.0318512
3.152284e-008 0.0692267
3.153951e-008 0.0313333
3.155618e-008 0.000172635
3.157284e-008 0.00673277
3.158951e-008 -0.00966757
3.160618e-008 -0.0379797
3.162284e-008 -0.0239963
3.163951e-008 0.00725068
3.165618e-008 0.0158824
3.167284e-008 0.0170909
3.168951e-008 0.0150193
3.170618e-008 -0.0078549
3.172284e-008 -0.0297796
3.173951e-008 -0.0119981
3.175618e-008 0.0325417
3.177284e-008 0.0434177
3.178951e-008 8.63176e-005
3.180618e-008 -0.0227878
3.182284e-008 0.0296932
3.183951e-008 0.0643066
3.185618e-008 -0.00267584
3.187284e-008 -0.061976
3.188951e-008 -0.0207162
3.190618e-008 0.00284848
3.192284e-008 -0.0560201
3.193951e-008 -0.0504095
3.195618e-008 0.0580054
3.197284e-008 0.0982294
3.198951e-008 0.0288301
3.200618e-008 -0.0119981
3.202284e-008 0.00664645
3.203951e-008 0.010876
3.205618e-008 0.000258953
3.207284e-008 -0.00776858
3.208951e-008 -0.0359081
3.210618e-008 -0.056538
3.212284e-008 -0.0272764
3.213951e-008 0.0138971
3.215618e-008 0.0302975
3.217284e-008 0.0487694
3.218951e-008 0.0735426
3.220618e-008 0.0744057
3.222284e-008 0.0586096
3.223951e-008 0.0559338
3.225618e-008 0.0661193
3.227284e-008 0.0580917
3.228951e-008 0.00733699
3.230618e-008 -0.0461799
3.232284e-008 -0.0340091
3.233951e-008 0.0109623
3.235618e-008 0.000172635
3.237284e-008 -0.0341818
3.238951e-008 -0.0132066
3.240618e-008 0.0172635
3.242284e-008 0.000172635
3.243951e-008 -0.0189899
3.245618e-008 -0.0218383
3.247284e-008 -0.0202846
3.248951e-008 0.042123
3.250618e-008 0.133533
3.252284e-008 0.0956399
3.253951e-008 -0.030988
3.255618e-008 -0.0296932
3.257284e-008 0.0656014
3.258951e-008 0.054639
3.260618e-008 -0.0104444
3.262284e-008 0.0119981
3.263951e-008 0.029089
3.265618e-008 -0.0361671
3.267284e-008 -0.0483378
3.268951e-008 0.0281395
3.270618e-008 0.0472157
3.272284e-008 -0.00302112
3.273951e-008 -0.00224426
3.275618e-008 0.0407419
3.277284e-008 0.0367713
3.278951e-008 -0.0063875
3.280618e-008 -0.0377208
3.282284e-008 -0.0504095
3.283951e-008 -0.0448851
3.285618e-008 -0.0175225
3.287284e-008 0.00863176
3.288951e-008 0.00267584
3.290618e-008 -0.0289164
3.292284e-008 -0.038325
3.293951e-008 0.00112213
3.295618e-008 0.0423819
3.297284e-008 0.0297796
3.298951e-008 -0.00871807
3.300618e-008 -0.0128613
3.302284e-008 0.0171772
3.303951e-008 0.0357355
3.305618e-008 0.0104444
3.307284e-008 -0.0355628
3.308951e-008 -0.0308154
3.310618e-008 0.0269311
3.312284e-008 0.0321101
3.313951e-008 -0.0355628
3.315618e-008 -0.0557612
3.317284e-008 -0.0098402
3.318951e-008 -0.00302112
3.320618e-008 -0.0208025
3.322284e-008 0.0100128
3.323951e-008 0.0178677
3.325618e-008 -0.0391019
3.327284e-008 -0.0410872
3.328951e-008 0.0258953
3.330618e-008 0.0238237
3.332284e-008 -0.0374618
3.333951e-008 -0.0403966
3.335618e-008 -0.0139834
3.337284e-008 -0.0209752
3.338951e-008 -0.00863176
3.340618e-008 0.0275353
3.342284e-008 0.0177814
3.343951e-008 -0.0063875
3.345618e-008 0.014415
3.347284e-008 0.0287438
3.348951e-008 -0.00267584
3.350618e-008 -0.0296069
3.352284e-008 -0.0311606
3.353951e-008 -0.0289164
3.355618e-008 -0.0259816
3.357284e-008 -0.0342681
3.358951e-008 -0.0542938
3.360618e-008 -0.0400514
3.362284e-008 0.00733699
3.363951e-008 0.0290027
3.365618e-008 0.030988
3.367284e-008 0.0410872
3.368951e-008 0.0101855
3.370618e-008 -0.0611128
3.372284e-008 -0.0672414
3.373951e-008 -0.00328007
3.375618e-008 0.00845912
3.377284e-008 -0.0466978
3.378951e-008 -0.056538
3.380618e-008 0.00155372
3.382284e-008 0.0353902
3.383951e-008 0.0118255
3.385618e-008 0.00828649
3.387284e-008 0.0712983
3.388951e-008 0.115493
3.390618e-008 0.0540348
3.392284e-008 -0.0363397
3.393951e-008 -0.034527
3.395618e-008 0.0191625
3.397284e-008 0.0243416
3.398951e-008 0.000863176
3.400618e-008 0.000172635
3.402284e-008 0.00215794
3.403951e-008 0.00500642
3.405618e-008 0.0372029
3.407284e-008 0.0683635
3.408951e-008 0.0542074
3.410618e-008 0.0058696
3.412284e-008 -0.0460073
3.413951e-008 -0.0605949
3.415618e-008 -0.0102718
3.417284e-008 0.0376345
3.418951e-008 0.00336639
3.420618e-008 -0.0556748
3.422284e-008 -0.0543801
3.423951e-008 -0.0191625
3.425618e-008 0.0195078
3.427284e-008 0.0606813
3.428951e-008 0.0374618
3.430618e-008 -0.0557612
3.432284e-008 -0.0721615
3.433951e-008 0.0192488
3.435618e-008 0.0495463
3.437284e-008 -0.0162277
3.438951e-008 -0.0297796
3.440618e-008 0.0193351
3.442284e-008 0.0150193
3.443951e-008 -0.0232194
3.445618e-008 -0.00889071
3.447284e-008 0.0254637
3.448951e-008 0.014415
3.450618e-008 -0.02391
3.452284e-008 -0.0430725
3.453951e-008 -0.0258953
3.455618e-008 0.0116529
3.457284e-008 0.0301248
3.458951e-008 0.0190762
3.460618e-008 0.00871807
3.462284e-008 0.00673277
3.463951e-008 -0.000431588
3.465618e-008 -0.000517905
3.467284e-008 0.0139834
3.468951e-008 0.0203709
3.470618e-008 0.00604223
3.472284e-008 -0.016573
3.473951e-008 -0.0268448
3.475618e-008 -0.00483378
3.477284e-008 0.0286574
3.478951e-008 0.0208889
3.480618e-008 -0.0194215
3.482284e-008 -0.0304701
3.483951e-008 -0.00768226
3.485618e-008 0.00647382
3.487284e-008 -0.00258953
3.488951e-008 -0.0301248
3.490618e-008 -0.0498916
3.492284e-008 -0.0151056
3.493951e-008 0.0466115
3.495618e-008 0.0544664
3.497284e-008 0.0298659
3.498951e-008 0.0375481
3.500618e-008 0.0340954
3.502284e-008 -0.010876
3.503951e-008 -0.0206299
3.505618e-008 0.00975389
3.507284e-008 0.00673277
3.508951e-008 0.00371166
3.510618e-008 0.0439356
3.512284e-008 0.0493737
3.513951e-008 0.00906335
3.515618e-008 0.00880439
3.517284e-008 0.0101855
3.518951e-008 -0.0457483
3.520618e-008 -0.0542074
3.522284e-008 0.0147603
3.523951e-008 0.0178677
3.525618e-008 -0.0394471
3.527284e-008 -0.0223563
3.528951e-008 0.016573
3.530618e-008 -0.0151919
3.532284e-008 -0.0196804
3.533951e-008 0.0400514
3.535618e-008 0.0450578
3.537284e-008 0.00716436
3.538951e-008 0.0152782
3.540618e-008 -0.00388429
3.542284e-008 -0.0870944
3.543951e-008 -0.0953809
3.545618e-008 -0.0138108
3.547284e-008 0.00630118
3.548951e-008 -0.0422956
3.550618e-008 -0.0525674
3.552284e-008 -0.0267584
3.553951e-008 0.00474747
3.555618e-008 0.0624076
3.557284e-008 0.0992652
3.558951e-008 0.0485105
3.560618e-008 -0.040224
3.562284e-008 -0.0835554
3.563951e-008 -0.0643929
3.565618e-008 -0.00302112
3.567284e-008 0.0388429
3.568951e-008 0.00431588
3.570618e-008 -0.0452304
3.572284e-008 -0.0279669
3.573951e-008 0.00250321
3.575618e-008 -0.0171772
3.577284e-008 -0.0386703
3.578951e-008 -0.0302112
3.580618e-008 -0.016573
3.582284e-008 0.0142424
3.583951e-008 0.0466978
3.585618e-008 0.0149329
3.587284e-008 -0.0370302
3.588951e-008 -0.0132066
3.590618e-008 0.0227015
3.592284e-008 -0.0173498
3.593951e-008 -0.0428135
3.595618e-008 0.0141561
3.597284e-008 0.0447125
3.598951e-008 0.000863176
3.600618e-008 -0.0151056
3.602284e-008 0.0179541
3.603951e-008 0.0178677
3.605618e-008 -0.0126024
3.607284e-008 -0.0166593
3.608951e-008 -0.00794122
3.610618e-008 -0.0133792
3.612284e-008 -0.0174361
3.613951e-008 -0.019853
3.615618e-008 -0.0232194
3.617284e-008 0.00310743
3.618951e-008 0.042123
3.620618e-008 0.0178677
3.622284e-008 -0.0525674
3.623951e-008 -0.0540348
3.625618e-008 0.0132066
3.627284e-008 0.013034
3.628951e-008 -0.0721615
3.630618e-008 -0.0944314
3.632284e-008 -0.0110486
3.633951e-008 0.0397924
3.635618e-008 -0.00742331
3.637284e-008 -0.0547253
3.638951e-008 -0.0397061
3.640618e-008 -0.00776858
3.642284e-008 0.0112213
3.643951e-008 0.0258953
3.645618e-008 0.0213204
3.647284e-008 -0.00975389
3.648951e-008 -0.0311606
3.650618e-008 -0.0124297
3.652284e-008 0.0315922
3.653951e-008 0.0511
3.655618e-008 0.00914966
3.657284e-008 -0.0485968
3.658951e-008 -0.0367713
3.660618e-008 0.0269311
3.662284e-008 0.0449715
3.663951e-008 0.00673277
3.665618e-008 -0.0222699
3.667284e-008 -0.0268448
3.668951e-008 -0.022011
3.670618e-008 -0.00699172
3.672284e-008 -0.00897703
3.673951e-008 -0.0419503
3.675618e-008 -0.0464389
3.677284e-008 -0.000431588
3.678951e-008 0.0283985
3.680618e-008 0.0171772
3.682284e-008 0.00725068
3.683951e-008 -0.00422956
3.685618e-008 -0.0204573
3.687284e-008 -0.00129476
3.688951e-008 0.0248595
3.690618e-008 -0.00707804
3.692284e-008 -0.045662
3.693951e-008 -0.0237373
3.695618e-008 -0.00647382
3.697284e-008 -0.0365987
3.698951e-008 -0.0382387
3.700618e-008 -0.0034527
3.702284e-008 -0.00906335
3.703951e-008 -0.0297796
3.705618e-008 -0.00267584
3.707284e-008 0.0116529
3.708951e-008 -0.0334912
3.710618e-008 -0.0473883
3.712284e-008 0.0172635
3.713951e-008 0.0616307
3.715618e-008 0.0203709
3.717284e-008 -0.0384113
3.718951e-008 -0.041864
3.720618e-008 -0.00820017
3.722284e-008 0.00958125
3.723951e-008 -0.000776858
3.725618e-008 -0.0149329
3.727284e-008 -0.0181267
3.728951e-008 -0.0124297
3.730618e-008 -0.00233057
3.732284e-008 -0.00414324
3.733951e-008 -0.0260679
3.735618e-008 -0.0300385
3.737284e-008 0.0044022
3.738951e-008 0.0182993
3.740618e-008 -0.0174361
3.742284e-008 -0.0324554
3.743951e-008 -0.00215794
3.745618e-008 0.00483378
3.747284e-008 -0.0129476
3.748951e-008 0.00707804
3.750618e-008 0.0372029
3.752284e-008 0.0251184
3.753951e-008 0.0202846
3.755618e-008 0.0511
3.757284e-008 0.0441946
3.758951e-008 -0.0172635
3.760618e-008 -0.0551569
3.762284e-008 -0.0503231
3.763951e-008 -0.0460936
3.765618e-008 -0.0403966
3.767284e-008 -0.0170909
3.768951e-008 -0.00189899
3.770618e-008 -0.0132066
3.772284e-008 -0.0352176
3.773951e-008 -0.0392745
3.775618e-008 -0.00457483
3.777284e-008 0.0355628
3.778951e-008 0.0151056
3.780618e-008 -0.0378071
3.782284e-008 -0.0278806
3.783951e-008 0.0201983
3.785618e-008 0.0100992
3.787284e-008 -0.0176951
3.788951e-008 0.0241689
3.790618e-008 0.0630981
3.792284e-008 0.0093223
3.793951e-008 -0.049201
3.795618e-008 -0.0239963
3.797284e-008 0.0102718
3.798951e-008 -0.000604223
3.800618e-008 0.0148466
3.802284e-008 0.0633571
3.803951e-008 0.0479926
3.805618e-008 -0.0238237
3.807284e-008 -0.0335775
3.808951e-008 0.0310743
3.810618e-008 0.0646519
3.812284e-008 0.0256363
3.813951e-008 -0.031247
3.815618e-008 -0.0545527
3.817284e-008 -0.0278806
3.818951e-008 0.0260679
3.820618e-008 0.0393608
3.822284e-008 -0.011135
3.823951e-008 -0.0413461
3.825618e-008 0.00509274
3.827284e-008 0.0507547
3.828951e-008 0.0315922
3.830618e-008 0.0113076
3.832284e-008 0.034527
3.833951e-008 0.0281395
3.835618e-008 -0.0405693
3.837284e-008 -0.0794985
3.838951e-008 -0.0375481
3.840618e-008 0.00690541
3.842284e-008 -0.00397061
3.843951e-008 -0.0214931
3.845618e-008 -0.00647382
3.847284e-008 0.00328007
3.848951e-008 -0.0134655
3.850618e-008 -0.0154508
3.852284e-008 0.0179541
3.853951e-008 0.0422093
3.855618e-008 0.0173498
3.857284e-008 -0.0284848
3.858951e-008 -0.032628
3.860618e-008 0.0120845
3.862284e-008 0.0340091
3.863951e-008 -0.00811385
3.865618e-008 -0.0468704
3.867284e-008 -0.0247731
3.868951e-008 0.00258953
3.870618e-008 -0.00621487
3.872284e-008 0.00250321
3.873951e-008 0.0296932
3.875618e-008 -0.000258953
3.877284e-008 -0.058437
3.878951e-008 -0.0539485
3.880618e-008 -0.02555
3.882284e-008 -0.0403966
3.883951e-008 -0.0412598
3.885618e-008 0.0034527
3.887284e-008 0.0276216
3.888951e-008 0.0396198
3.890618e-008 0.0794122
3.892284e-008 0.0668098
3.893951e-008 -0.0258953
3.895618e-008 -0.0606813
3.897284e-008 -0.00776858
3.898951e-008 -0.00742331
3.900618e-008 -0.070953
3.902284e-008 -0.0790669
3.903951e-008 -0.0281395
3.905618e-008 0.0183856
3.907284e-008 0.0511
3.908951e-008 0.0430725
3.910618e-008 -0.00371166
3.912284e-008 0.0093223
3.913951e-008 0.0778585
3.915618e-008 0.0575738
3.917284e-008 -0.0382387
3.918951e-008 -0.0519632
3.920618e-008 0.00457483
3.922284e-008 0.0100128
3.923951e-008 -0.0237373
3.925618e-008 -0.0430725
3.927284e-008 -0.063875
3.928951e-008 -0.0693993
3.930618e-008 -0.0341818
3.932284e-008 -0.012516
3.933951e-008 -0.0290027
3.935618e-008 -0.0327144
3.937284e-008 -0.0154508
3.938951e-008 0.00535169
3.940618e-008 0.0420367
3.942284e-008 0.0566243
3.943951e-008 0.00820017
3.945618e-008 -0.0282258
3.947284e-008 -0.00362534
3.948951e-008 -0.00448851
3.950618e-008 -0.0526537
3.952284e-008 -0.0538622
3.953951e-008 -0.0149329
3.955618e-008 -0.0189899
3.957284e-008 -0.0356492
3.958951e-008 -0.00310743
3.960618e-008 0.0389292
3.962284e-008 0.0455757
3.963951e-008 0.0314196
3.965618e-008 0.00759595
3.967284e-008 -0.0172635
3.968951e-008 -0.0266721
3.970618e-008 -0.0284848
3.972284e-008 -0.0268448
3.973951e-008 -0.0178677
3.975618e-008 -0.0340954
3.977284e-008 -0.0732836
3.978951e-008 -0.0543801
3.980618e-008 0.0289164
3.982284e-008 0.0730247
3.983951e-008 0.0502368
3.985618e-008 0.0243416
3.987284e-008 0.00949493
3.988951e-008 -0.000172635
3.990618e-008 0.0188172
3.992284e-008 0.038066
3.993951e-008 0.0136382
3.995618e-008 -0.0185583
3.997284e-008 -0.0272764
3.998951e-008 -0.0323691
4.000618e-008 -0.0171772
