LECROYSDA18000 15238 Waveform
Segments 1 SegmentSize 302
Segment TrigTime TimeSinceSegment1
#1 01-Jan-2002 01:30:25 0                 
Time Ampl
-2.50773e-009 0.00206113
-2.49106e-009 0.00461613
-2.47439e-009 -0.00296256
-2.45773e-009 -0.00297982
-2.44106e-009 0.00440897
-2.42439e-009 0.00119795
-2.40773e-009 -0.00425732
-2.39106e-009 0.00219924
-2.37439e-009 0.00335589
-2.35773e-009 -0.00859046
-2.34106e-009 -0.00826245
-2.32439e-009 0.00720566
-2.30773e-009 0.00941539
-2.29106e-009 -0.00159874
-2.27439e-009 -0.00291076
-2.25773e-009 0.000576465
-2.24106e-009 -0.00479249
-2.22439e-009 -0.00743381
-2.20773e-009 -0.000649244
-2.19106e-009 0.000783628
-2.17439e-009 -0.0049306
-2.15773e-009 -0.00351499
-2.14106e-009 0.00351126
-2.12439e-009 0.00347674
-2.10773e-009 -0.00335962
-2.09106e-009 -0.00822793
-2.07439e-009 -0.00629441
-2.05773e-009 0.00104258
-2.04106e-009 0.00513403
-2.02439e-009 0.000507411
-2.00773e-009 -0.00358404
-1.99106e-009 0.0011289
-1.97439e-009 0.00656691
-1.95773e-009 0.00553109
-1.94106e-009 0.00209565
-1.92439e-009 -0.00260002
-1.90773e-009 -0.00831424
-1.89106e-009 -0.00619083
-1.87439e-009 0.00302788
-1.85773e-009 0.00304515
-1.84106e-009 -0.00646705
-1.82439e-009 -0.0062081
-1.80773e-009 0.00616984
-1.79106e-009 0.0130235
-1.77439e-009 0.00846589
-1.75773e-009 0.000835418
-1.74106e-009 -0.00418826
-1.72439e-009 -0.00313519
-1.70773e-009 0.00359758
-1.69106e-009 0.00579005
-1.67439e-009 -0.00140884
-1.65773e-009 -0.00660516
-1.64106e-009 -0.00291076
-1.62439e-009 0.00123248
-1.60773e-009 0.00138785
-1.59106e-009 0.00269988
-1.57439e-009 0.00358032
-1.55773e-009 -0.00272087
-1.54106e-009 -0.0113008
-1.52439e-009 -0.00945364
-1.50773e-009 0.00264809
-1.49106e-009 0.00910464
-1.47439e-009 0.0024064
-1.45773e-009 -0.00301435
-1.44106e-009 0.003494
-1.42439e-009 0.00774082
-1.40773e-009 -0.000407555
-1.39106e-009 -0.00370489
-1.37439e-009 0.00801704
-1.35773e-009 0.0149397
-1.34106e-009 0.00544478
-1.32439e-009 -0.00403289
-1.30773e-009 -0.00337688
-1.29106e-009 -0.00152968
-1.27439e-009 -0.00277266
-1.25773e-009 -0.00480975
-1.24106e-009 -0.00836604
-1.22439e-009 -0.00862499
-1.20773e-009 -9.68116e-005
-1.19106e-009 0.00774082
-1.17439e-009 0.00580731
-1.15773e-009 0.00299336
-1.14106e-009 0.00618711
-1.12439e-009 0.00687765
-1.10773e-009 0.0011289
-1.09106e-009 -0.00272087
-1.07439e-009 -0.00101178
-1.05773e-009 -0.000631981
-1.04106e-009 -0.00700222
-1.02439e-009 -0.0139422
-1.00773e-009 -0.00931553
-9.91061e-010 0.00389106
-9.74395e-010 0.00653238
-9.57728e-010 -0.00296256
-9.41061e-010 -0.00260002
-9.24395e-010 0.010572
-9.07728e-010 0.0130062
-8.91061e-010 -0.000252183
-8.74395e-010 -0.00812435
-8.57728e-010 -0.00254823
-8.41061e-010 0.00511677
-8.24395e-010 0.00755093
-8.07728e-010 0.0054793
-7.91061e-010 0.00206113
-7.74395e-010 0.00209565
-7.57728e-010 0.00489234
-7.41061e-010 0.00485782
-7.24395e-010 0.00244093
-7.07728e-010 0.000973526
-6.91061e-010 0.000438357
-6.74395e-010 0.0031142
-6.57728e-010 0.00782714
-6.41061e-010 0.00456434
-6.24395e-010 -0.00482701
-6.07728e-010 -0.0043609
-5.91061e-010 0.0049614
-5.74395e-010 0.00941539
-5.57728e-010 0.0116424
-5.41061e-010 0.0133169
-5.24395e-010 0.000956263
-5.07728e-010 -0.0157203
-4.91061e-010 -0.00753739
-4.74395e-010 0.014301
-4.57728e-010 0.0133169
-4.41061e-010 -0.00453353
-4.24395e-010 -0.00922921
-4.07728e-010 -0.00220296
-3.91061e-010 0.00335589
-3.74395e-010 0.00991603
-3.57728e-010 0.0124192
-3.41061e-010 0.00154322
-3.24395e-010 -0.00855593
-3.07728e-010 -0.0027036
-2.91061e-010 0.00699849
-2.74395e-010 0.00786167
-2.57728e-010 0.00560015
-2.41061e-010 0.00392559
-2.24395e-010 0.00040383
-2.07728e-010 -0.00128799
-1.91061e-010 -0.000200393
-1.74395e-010 -0.0021857
-1.57728e-010 -0.00565566
-1.41061e-010 -0.00427458
-1.24395e-010 0.000541938
-1.07728e-010 0.00591089
-9.10614e-011 0.0121775
-7.43947e-011 0.0147325
-5.77281e-011 0.0103304
-4.10614e-011 0.00784441
-2.43947e-011 0.0134896
-7.72807e-012 0.0162172
8.9386e-012 0.00767177
2.56053e-011 0.00173312
4.22719e-011 0.0135759
5.89386e-011 0.0340332
7.56053e-011 0.0504335
9.22719e-011 0.0761907
1.08939e-010 0.127515
1.25605e-010 0.18868
1.42272e-010 0.238347
1.58939e-010 0.287496
1.75605e-010 0.352372
1.92272e-010 0.419873
2.08939e-010 0.474356
2.25605e-010 0.52228
2.42272e-010 0.567631
2.58939e-010 0.602987
2.75605e-010 0.632231
2.92272e-010 0.662684
3.08939e-010 0.681087
3.25605e-010 0.670988
3.42272e-010 0.639672
3.58939e-010 0.604955
3.75605e-010 0.572171
3.92272e-010 0.536384
4.08939e-010 0.496298
4.25605e-010 0.458111
4.42272e-010 0.425535
4.58939e-010 0.391923
4.75605e-010 0.352407
4.92272e-010 0.31403
5.08939e-010 0.279192
5.25605e-010 0.239555
5.42272e-010 0.19909
5.58939e-010 0.172366
5.75605e-010 0.154343
5.92272e-010 0.128689
6.08939e-010 0.100411
6.25605e-010 0.0851504
6.42272e-010 0.0813525
6.58939e-010 0.0784522
6.75605e-010 0.072151
6.92272e-010 0.0629495
7.08939e-010 0.0573907
7.25605e-010 0.0603945
7.42272e-010 0.0596522
7.58939e-010 0.0451509
7.75605e-010 0.0344993
7.92272e-010 0.040904
8.08939e-010 0.0434936
8.25605e-010 0.0293547
8.42272e-010 0.0206539
8.58939e-010 0.0272659
8.75605e-010 0.02806
8.92272e-010 0.0186514
9.08939e-010 0.0175292
9.25605e-010 0.0225011
9.42272e-010 0.018168
9.58939e-010 0.0130407
9.75605e-010 0.0214308
9.92272e-010 0.0330837
1.00894e-009 0.0336361
1.02561e-009 0.0256776
1.04227e-009 0.0157511
1.05894e-009 0.00891474
1.07561e-009 0.0111935
1.09227e-009 0.0158892
1.10894e-009 0.00851768
1.12561e-009 -0.0039811
1.14227e-009 -0.00242739
1.15894e-009 0.00850042
1.17561e-009 0.0100023
1.19227e-009 0.00313147
1.20894e-009 0.000783628
1.22561e-009 0.0042018
1.24227e-009 0.00689491
1.25894e-009 0.0053412
1.27561e-009 0.00188849
1.29227e-009 0.00454707
1.30894e-009 0.0132997
1.32561e-009 0.0145081
1.34227e-009 0.00744734
1.35894e-009 0.00855221
1.37561e-009 0.0136622
1.39227e-009 0.00392559
1.40894e-009 -0.00788266
1.42561e-009 0.00137059
1.44227e-009 0.0144218
1.45894e-009 0.00679133
1.47561e-009 -0.00575924
1.49227e-009 -0.00387752
1.50894e-009 0.00264809
1.52561e-009 0.00679133
1.54227e-009 0.0129717
1.55894e-009 0.0133342
1.57561e-009 0.00411549
1.59227e-009 0.00249272
1.60894e-009 0.0144563
1.62561e-009 0.0215689
1.64227e-009 0.0144218
1.65894e-009 0.0056692
1.67561e-009 0.00796525
1.69227e-009 0.0175465
1.70894e-009 0.0185996
1.72561e-009 0.00644606
1.74227e-009 -0.0018059
1.75894e-009 0.00247545
1.77561e-009 0.00409822
1.79227e-009 -7.95481e-005
1.80894e-009 0.00421907
1.82561e-009 0.00979518
1.84227e-009 0.00287251
1.85894e-009 -0.000355764
1.87561e-009 0.0103821
1.89227e-009 0.0119876
1.90894e-009 -0.00277266
1.92561e-009 -0.0110937
1.94227e-009 -0.00686411
1.95894e-009 -0.000959987
1.97561e-009 0.00539299
1.99227e-009 0.00774082
2.00894e-009 0.00173312
2.02561e-009 0.000835418
2.04227e-009 0.0073265
2.05894e-009 0.00471971
2.07561e-009 0.00124974
2.09227e-009 0.012143
2.10894e-009 0.0163726
2.12561e-009 0.00433991
2.14227e-009 0.00478876
2.15894e-009 0.0157684
2.17561e-009 0.00793072
2.19227e-009 -0.00133978
2.20894e-009 0.0123502
2.22561e-009 0.019739
2.24227e-009 0.00711934
2.25894e-009 0.00746461
2.27561e-009 0.0192729
2.29227e-009 0.0128854
2.30894e-009 0.00283799
2.32561e-009 0.00812062
2.34227e-009 0.00646332
2.35894e-009 -0.00786539
2.37561e-009 -0.0118878
2.39227e-009 -0.00600093
2.40894e-009 0.000472884
2.42561e-009 0.00934633
2.44227e-009 0.0054793
2.45894e-009 -0.0142184
2.47561e-009 -0.0130099
2.49227e-009 0.0109518
2.50894e-009 0.0121775
