LECROYSDA18000 15238 Waveform
Segments 1 SegmentSize 302
Segment TrigTime TimeSinceSegment1
#1 01-Jan-2002 01:31:23 0                 
Time Ampl
-2.50253e-009 0.00725745
-2.48586e-009 0.0183924
-2.4692e-009 0.00858674
-2.45253e-009 -0.00569019
-2.43586e-009 0.00228555
-2.4192e-009 0.013455
-2.40253e-009 0.00263082
-2.38586e-009 -0.00753739
-2.3692e-009 0.00185397
-2.35253e-009 0.00644606
-2.33586e-009 -0.0045508
-2.3192e-009 -0.00919468
-2.30253e-009 -0.00415374
-2.28586e-009 -0.00299708
-2.2692e-009 -0.00147789
-2.25253e-009 0.0025963
-2.23586e-009 -0.001616
-2.2192e-009 -0.00622536
-2.20253e-009 0.0020266
-2.18586e-009 0.00812062
-2.1692e-009 0.00235461
-2.15253e-009 0.00344221
-2.13586e-009 0.00915643
-2.1192e-009 -0.00522408
-2.10253e-009 -0.0242312
-2.08586e-009 -0.0130444
-2.0692e-009 0.0104857
-2.05253e-009 0.00960528
-2.03586e-009 -0.00228928
-2.0192e-009 0.000680047
-2.00253e-009 0.006049
-1.98586e-009 0.00109437
-1.9692e-009 -0.000528399
-1.95253e-009 0.00459886
-1.93586e-009 0.00345947
-1.9192e-009 -0.00261728
-1.90253e-009 -0.0037912
-1.88586e-009 -0.0010981
-1.8692e-009 0.00218197
-1.85253e-009 0.00573826
-1.83586e-009 0.00689491
-1.8192e-009 0.00634248
-1.80253e-009 0.00644606
-1.78586e-009 0.0029243
-1.7692e-009 -0.00413647
-1.75253e-009 -0.00593188
-1.73586e-009 -0.0032733
-1.7192e-009 -0.00439543
-1.70253e-009 -0.00719212
-1.68586e-009 -0.00734749
-1.6692e-009 -0.00613904
-1.65253e-009 -0.000562926
-1.63586e-009 0.00710207
-1.6192e-009 0.00378748
-1.60253e-009 -0.00625989
-1.58586e-009 -0.00553482
-1.5692e-009 -0.00154695
-1.55253e-009 -0.00715759
-1.53586e-009 -0.00593188
-1.5192e-009 0.00799978
-1.50253e-009 0.00998508
-1.48586e-009 0.000196668
-1.4692e-009 0.00249272
-1.45253e-009 0.00687765
-1.43586e-009 -0.00373941
-1.4192e-009 -0.00793445
-1.40253e-009 0.00473697
-1.38586e-009 0.00886295
-1.3692e-009 0.00118069
-1.35253e-009 -0.000131339
-1.33586e-009 -0.00190948
-1.3192e-009 -0.00805529
-1.30253e-009 0.000628256
-1.28586e-009 0.0155957
-1.2692e-009 0.0103304
-1.25253e-009 -0.000303974
-1.23586e-009 0.00648059
-1.2192e-009 0.011746
-1.20253e-009 0.00206113
-1.18586e-009 -0.00408468
-1.1692e-009 -0.00342867
-1.15253e-009 -0.0062081
-1.13586e-009 -0.00341141
-1.1192e-009 0.0064288
-1.10253e-009 0.00535846
-1.08586e-009 -0.00341141
-1.0692e-009 -0.00280718
-1.05253e-009 0.00162954
-1.03586e-009 0.00190576
-1.0192e-009 0.00442623
-1.00253e-009 0.00466792
-9.85864e-010 -0.00363583
-9.69198e-010 -0.00579377
-9.52531e-010 0.00307968
-9.35864e-010 0.00470245
-9.19198e-010 -0.00247918
-9.02531e-010 -0.00266908
-8.85864e-010 0.00166407
-8.69198e-010 0.0016468
-8.52531e-010 0.00264809
-8.35864e-010 0.0054793
-8.19198e-010 0.00444349
-8.02531e-010 0.00603174
-7.85864e-010 0.0134723
-7.69198e-010 0.0128681
-7.52531e-010 5.85601e-005
-7.35864e-010 -0.00867678
-7.19198e-010 -0.00424006
-7.02531e-010 0.00490961
-6.85864e-010 0.0103131
-6.69198e-010 0.0123329
-6.52531e-010 0.013058
-6.35864e-010 0.0106929
-6.19198e-010 0.00634248
-6.02531e-010 0.00862126
-5.85864e-010 0.0154921
-5.69198e-010 0.00862126
-5.52531e-010 -0.0107139
-5.35864e-010 -0.0145636
-5.19198e-010 -0.00106357
-5.02531e-010 -7.95481e-005
-4.85864e-010 -0.0125956
-4.69198e-010 -0.0112318
-4.52531e-010 0.0027344
-4.35864e-010 0.00656691
-4.19198e-010 -0.00113262
-4.02531e-010 -0.00872857
-3.85864e-010 -0.00950543
-3.69198e-010 -0.00023492
-3.52531e-010 0.00725745
-3.35864e-010 -0.00246191
-3.19198e-010 -0.0121467
-3.02531e-010 -0.000165866
-2.85864e-010 0.0109518
-2.69198e-010 -0.000821879
-2.52531e-010 -0.0104722
-2.35864e-010 -0.00135705
-2.19198e-010 0.00323505
-2.02531e-010 -0.0028935
-1.85864e-010 0.00159501
-1.69198e-010 0.0151469
-1.52531e-010 0.0189448
-1.35864e-010 0.0123157
-1.19198e-010 0.00371843
-1.02531e-010 -0.00166779
-8.58643e-011 0.000904472
-6.91976e-011 0.0053412
-5.25309e-011 0.00154322
-3.58643e-011 -0.00222022
-1.91976e-011 0.00518582
-2.53094e-012 0.0185996
1.41357e-011 0.0339468
3.08024e-011 0.0487244
4.74691e-011 0.0524533
6.41357e-011 0.054594
8.08024e-011 0.0804547
9.74691e-011 0.117019
1.14136e-010 0.13316
1.30802e-010 0.144692
1.47469e-010 0.177942
1.64136e-010 0.213039
1.80802e-010 0.232564
1.97469e-010 0.253004
2.14136e-010 0.272408
2.30802e-010 0.272149
2.47469e-010 0.265433
2.64136e-010 0.269749
2.80802e-010 0.272321
2.97469e-010 0.264639
3.14136e-010 0.252089
3.30802e-010 0.231131
3.47469e-010 0.209258
3.64136e-010 0.203872
3.80802e-010 0.198796
3.97469e-010 0.172521
4.14136e-010 0.147075
4.30802e-010 0.136751
4.47469e-010 0.115672
4.64136e-010 0.0855647
4.80802e-010 0.0776063
4.97469e-010 0.0793326
5.14136e-010 0.0641925
5.30802e-010 0.0517283
5.47469e-010 0.0530058
5.64136e-010 0.0399373
5.80802e-010 0.016856
5.97469e-010 0.0182716
6.14136e-010 0.0333944
6.30802e-010 0.0316335
6.47469e-010 0.0231917
6.64136e-010 0.0225702
6.80802e-010 0.018237
6.97469e-010 0.0107965
7.14136e-010 0.0119186
7.30802e-010 0.0125228
7.47469e-010 0.00466792
7.64136e-010 -1.0494e-005
7.80802e-010 0.00228555
7.97469e-010 0.00473697
8.14136e-010 0.00627343
8.30802e-010 0.0024064
8.47469e-010 -0.00714033
8.64136e-010 -0.00335962
8.80802e-010 0.0148534
8.97469e-010 0.0155957
9.14136e-010 -0.00427458
9.30802e-010 -0.00888394
9.47469e-010 0.00546204
9.64136e-010 0.00929454
9.80802e-010 0.00269988
9.97469e-010 0.00233734
1.01414e-009 0.000610993
1.0308e-009 -0.0054485
1.04747e-009 -0.000787352
1.06414e-009 0.00734376
1.0808e-009 -0.000390291
1.09747e-009 -0.0117497
1.11414e-009 -0.00802076
1.1308e-009 0.000593729
1.14747e-009 0.00304515
1.16414e-009 0.00430538
1.1808e-009 0.00250998
1.19747e-009 -0.00337688
1.21414e-009 -0.00139158
1.2308e-009 0.00482329
1.24747e-009 -0.00135705
1.26414e-009 -0.0094709
1.2808e-009 -0.00182316
1.29747e-009 0.00560015
1.31414e-009 -9.68116e-005
1.3308e-009 0.0013188
1.34747e-009 0.0122984
1.36414e-009 0.00737829
1.3808e-009 -0.00515502
1.39747e-009 0.0042018
1.41414e-009 0.0191865
1.4308e-009 0.00791346
1.44747e-009 -0.0128373
1.46414e-009 -0.0140975
1.4808e-009 -0.00427458
1.49747e-009 0.00321778
1.51414e-009 0.0109691
1.5308e-009 0.0107792
1.54747e-009 -0.00446448
1.56414e-009 -0.0133034
1.5808e-009 5.85601e-005
1.59747e-009 0.0143182
1.61414e-009 0.00875937
1.6308e-009 -0.00432637
1.64747e-009 -0.00520681
1.66414e-009 0.00518582
1.6808e-009 0.0132824
1.69747e-009 0.0120912
1.71414e-009 0.00656691
1.7308e-009 0.00285525
1.74747e-009 0.00114616
1.76414e-009 0.0025963
1.7808e-009 0.00765451
1.79747e-009 0.00692944
1.81414e-009 -0.00358404
1.8308e-009 -0.00952269
1.84747e-009 -0.00361857
1.86414e-009 0.00064552
1.8808e-009 -0.00354951
1.89747e-009 -0.00795171
1.91414e-009 -0.0080035
1.9308e-009 -0.00241012
1.94747e-009 0.00551383
1.96414e-009 5.85601e-005
1.9808e-009 -0.0160656
1.99747e-009 -0.0102823
2.01414e-009 0.016528
2.0308e-009 0.0191693
2.04747e-009 -0.00567293
2.06414e-009 -0.0142184
2.0808e-009 -0.00382573
2.09747e-009 -0.00322151
2.11414e-009 -0.00384299
2.1308e-009 0.00746461
2.14747e-009 0.00989876
2.16414e-009 0.00069731
2.1808e-009 0.0018367
2.19747e-009 0.00618711
2.21414e-009 -0.000200393
2.2308e-009 -0.000407555
2.24747e-009 0.00889748
2.26414e-009 0.00670501
2.2808e-009 0.000956263
2.29747e-009 0.00982971
2.31414e-009 0.0153195
2.3308e-009 0.00425359
2.34747e-009 -0.00254823
2.36414e-009 0.00152596
2.3808e-009 0.00197481
2.39747e-009 -7.95481e-005
2.41414e-009 -0.00092546
2.4308e-009 -0.00598367
2.44747e-009 -0.00558661
2.46414e-009 0.00615258
2.4808e-009 0.00775809
2.49747e-009 -0.00420553
2.51414e-009 -0.00244465
