LECROYSDA18000 15238 Waveform
Segments 1 SegmentSize 302
Segment TrigTime TimeSinceSegment1
#1 01-Jan-2002 01:29:13 0                 
Time Ampl
-2.50465e-009 -0.00836604
-2.48798e-009 0.00316599
-2.47131e-009 0.0141629
-2.45465e-009 0.00128427
-2.43798e-009 -0.00983343
-2.42131e-009 0.00245819
-2.40465e-009 0.0100023
-2.38798e-009 -0.00192674
-2.37131e-009 -0.00696769
-2.35465e-009 4.12965e-005
-2.33798e-009 -0.000614717
-2.32131e-009 -0.00322151
-2.30465e-009 0.00280346
-2.28798e-009 0.00138785
-2.27131e-009 -0.0109728
-2.25465e-009 -0.0122158
-2.23798e-009 -9.68116e-005
-2.22131e-009 0.00710207
-2.20465e-009 0.00537572
-2.18798e-009 0.000144878
-2.17131e-009 -0.00282445
-2.15465e-009 0.00572099
-2.13798e-009 0.0166315
-2.12131e-009 0.00660143
-2.10465e-009 -0.0128718
-2.08798e-009 -0.010593
-2.07131e-009 0.0027862
-2.05465e-009 0.00105984
-2.03798e-009 -0.00342867
-2.02131e-009 0.00168133
-2.00465e-009 -0.000562926
-1.98798e-009 -0.00784813
-1.97131e-009 0.000179405
-1.95465e-009 0.0106756
-1.93798e-009 0.00563468
-1.92131e-009 0.00299336
-1.90465e-009 0.0107274
-1.88798e-009 0.00724018
-1.87131e-009 -0.0056384
-1.85465e-009 -0.00717485
-1.83798e-009 -0.00384299
-1.82131e-009 -0.00569019
-1.80465e-009 -0.000856406
-1.78798e-009 0.00848316
-1.77131e-009 0.00591089
-1.75465e-009 -0.00106357
-1.73798e-009 -0.000321237
-1.72131e-009 -0.00133978
-1.70465e-009 -0.00581103
-1.68798e-009 -0.00418826
-1.67131e-009 -0.00508597
-1.65465e-009 -0.0133897
-1.63798e-009 -0.01118
-1.62131e-009 0.000541938
-1.60465e-009 -0.000269447
-1.58798e-009 -0.00619083
-1.57131e-009 0.00313147
-1.55465e-009 0.0140075
-1.53798e-009 0.00941539
-1.52131e-009 0.00206113
-1.50465e-009 4.12965e-005
-1.48798e-009 -0.0047407
-1.47131e-009 -0.00758918
-1.45465e-009 -0.00208212
-1.43798e-009 0.000818155
-1.42131e-009 -0.00280718
-1.40465e-009 -0.00234107
-1.38798e-009 0.0020266
-1.37131e-009 0.00252724
-1.35465e-009 -0.000183129
-1.33798e-009 -0.00442995
-1.32131e-009 -0.00788266
-1.30465e-009 -0.00396384
-1.28798e-009 0.00230282
-1.27131e-009 0.000731837
-1.25465e-009 -0.000752825
-1.23798e-009 0.00435718
-1.22131e-009 0.00328684
-1.20465e-009 -0.00201306
-1.18798e-009 0.00563468
-1.17131e-009 0.0134205
-1.15465e-009 0.000766364
-1.13798e-009 -0.0111109
-1.12131e-009 -0.000908197
-1.10465e-009 0.00903559
-1.08798e-009 0.00294157
-1.07131e-009 -0.00140884
-1.05465e-009 0.00166407
-1.03798e-009 0.00157775
-1.02131e-009 0.00295883
-1.00465e-009 0.0087939
-9.87979e-010 0.00796525
-9.71312e-010 0.0018367
-9.54646e-010 -0.000804616
-9.37979e-010 -0.00315245
-9.21312e-010 -0.00301435
-9.04646e-010 0.00503045
-8.87979e-010 0.00708481
-8.71312e-010 -0.00225475
-8.54646e-010 -0.0025137
-8.37979e-010 0.00615258
-8.21312e-010 0.00237187
-8.04646e-010 -0.00515502
-7.87979e-010 -0.00023492
-7.71312e-010 0.0018367
-7.54646e-010 -0.00227201
-7.37979e-010 0.00587636
-7.21312e-010 0.0107447
-7.04646e-010 -0.00784813
-6.87979e-010 -0.0172222
-6.71312e-010 0.0042018
-6.54646e-010 0.0187895
-6.37979e-010 0.00844863
-6.21312e-010 0.000386567
-6.04646e-010 6.76951e-006
-5.87979e-010 -0.00241012
-5.71312e-010 0.00447802
-5.54646e-010 0.0138176
-5.37979e-010 0.00333863
-5.21312e-010 -0.00760644
-5.04646e-010 0.00294157
-4.87979e-010 0.00756819
-4.71312e-010 -0.00591462
-4.54646e-010 -0.00815887
-4.37979e-010 -0.000804616
-4.21312e-010 -0.0062081
-4.04646e-010 -0.00663968
-3.87979e-010 0.00843136
-3.71312e-010 0.0077063
-3.54646e-010 -0.010265
-3.37979e-010 -0.0107484
-3.21312e-010 0.00378748
-3.04646e-010 0.00872484
-2.87979e-010 0.00582457
-2.71312e-010 -0.000649244
-2.54646e-010 -0.0107829
-2.37979e-010 -0.00867678
-2.21312e-010 0.0033041
-2.04646e-010 0.000438357
-1.87979e-010 -0.00707127
-1.71312e-010 0.00339042
-1.54646e-010 0.0113662
-1.37979e-010 0.0042018
-1.21312e-010 0.00741282
-1.04646e-010 0.0146808
-8.7979e-011 -0.00133978
-7.13123e-011 -0.0151161
-5.46456e-011 0.000127614
-3.7979e-011 0.0130407
-2.13123e-011 0.0100887
-4.64563e-012 0.0205676
1.2021e-011 0.0381073
2.86877e-011 0.0393158
4.53544e-011 0.0460313
6.2021e-011 0.0711842
7.86877e-011 0.0877054
9.53544e-011 0.0958883
1.12021e-010 0.115724
1.28688e-010 0.131572
1.45354e-010 0.13575
1.62021e-010 0.151719
1.78688e-010 0.17019
1.95354e-010 0.166928
2.12021e-010 0.16439
2.28688e-010 0.175784
2.45354e-010 0.168205
2.62021e-010 0.144675
2.78688e-010 0.144295
2.95354e-010 0.153445
3.12021e-010 0.13953
3.28688e-010 0.121939
3.45354e-010 0.116259
3.62021e-010 0.100774
3.78688e-010 0.0803684
3.95354e-010 0.0776408
4.12021e-010 0.0759662
4.28688e-010 0.0596177
4.45354e-010 0.049484
4.62021e-010 0.0496394
4.78688e-010 0.040904
4.95354e-010 0.0286987
5.12021e-010 0.0247281
5.28688e-010 0.0205676
5.45354e-010 0.0186168
5.62021e-010 0.0261783
5.78688e-010 0.0252288
5.95354e-010 0.00907011
6.12021e-010 0.00276893
6.28688e-010 0.00974339
6.45354e-010 0.00946718
6.62021e-010 0.00724018
6.78688e-010 0.0129889
6.95354e-010 0.0096916
7.12021e-010 -0.0030834
7.28688e-010 -0.000942724
7.45354e-010 0.00913917
7.62021e-010 0.00250998
7.78688e-010 -0.00786539
7.95354e-010 -0.00101178
8.12021e-010 0.00820694
8.28688e-010 0.0042018
8.45354e-010 -0.00225475
8.62021e-010 -0.0027036
8.78688e-010 0.000628256
8.95354e-010 0.00734376
9.12021e-010 0.0100196
9.28688e-010 0.000507411
9.45354e-010 -0.00753739
9.62021e-010 0.000783628
9.78688e-010 0.0116596
9.95354e-010 0.00855221
1.01202e-009 0.00114616
1.02869e-009 0.00124974
1.04535e-009 0.00230282
1.06202e-009 0.000144878
1.07869e-009 0.00288978
1.09535e-009 0.0100714
1.11202e-009 0.00922549
1.12869e-009 -0.000683771
1.14535e-009 -0.00456806
1.16202e-009 0.00337315
1.17869e-009 0.00938086
1.19535e-009 0.00326957
1.21202e-009 -0.00667421
1.22869e-009 -0.00941911
1.24535e-009 -0.00410195
1.26202e-009 0.0049614
1.27869e-009 0.0106066
1.29535e-009 0.00763724
1.31202e-009 0.0047715
1.32869e-009 0.0118323
1.34535e-009 0.015613
1.36202e-009 0.00142238
1.37869e-009 -0.013079
1.39535e-009 -0.00646705
1.41202e-009 0.00672228
1.42869e-009 0.00532393
1.44535e-009 -0.000459345
1.46202e-009 0.00394285
1.47869e-009 0.00761998
1.49535e-009 -0.000770089
1.51202e-009 -0.00867678
1.52869e-009 -0.00194401
1.54535e-009 0.0102268
1.56202e-009 0.00946718
1.57869e-009 -0.00239286
1.59535e-009 -0.00734749
1.61202e-009 -0.0014261
1.62869e-009 0.00454707
1.64535e-009 0.00998508
1.66202e-009 0.0167524
1.67869e-009 0.0112626
1.69535e-009 -0.00562114
1.71202e-009 -0.00603546
1.72869e-009 0.0110036
1.74535e-009 0.0115043
1.76202e-009 -0.00392931
1.77869e-009 -0.00254823
1.79535e-009 0.00780988
1.81202e-009 -0.000787352
1.82869e-009 -0.010921
1.84535e-009 0.000282986
1.86202e-009 0.0104857
1.87869e-009 0.00345947
1.89535e-009 -0.00185769
1.91202e-009 -0.000217656
1.92869e-009 -0.00228928
1.94535e-009 -0.00092546
1.96202e-009 0.00570373
1.97869e-009 0.00364937
1.99535e-009 0.000282986
2.01202e-009 0.00820694
2.02869e-009 0.00979518
2.04535e-009 -0.000649244
2.06202e-009 0.00126701
2.07869e-009 0.00934633
2.09535e-009 -0.00215117
2.11202e-009 -0.0111627
2.12869e-009 0.00729197
2.14535e-009 0.017909
2.16202e-009 -0.00204759
2.17869e-009 -0.0125956
2.19535e-009 0.00394285
2.21202e-009 0.0127127
2.22869e-009 0.0042018
2.24535e-009 0.00040383
2.26202e-009 -0.000752825
2.27869e-009 -0.00783087
2.29535e-009 -0.00812435
2.31202e-009 -0.00101178
2.32869e-009 -0.00159874
2.34535e-009 -0.00377394
2.36202e-009 0.00563468
2.37869e-009 0.0156475
2.39535e-009 0.0121603
2.41202e-009 0.000973526
2.42869e-009 -0.00612178
2.44535e-009 -0.00472343
2.46202e-009 6.76951e-006
2.47869e-009 -0.00128799
2.49535e-009 -0.00560387
2.51202e-009 -0.00204759
