LECROYSDA18000 15238 Waveform
Segments 1 SegmentSize 302
Segment TrigTime TimeSinceSegment1
#1 01-Jan-2002 01:34:38 0                 
Time Ampl
-2.51637e-009 0.00187123
-2.4997e-009 0.00375295
-2.48303e-009 0.00948444
-2.46637e-009 0.00509951
-2.4497e-009 -0.0037912
-2.43303e-009 0.00375295
-2.41637e-009 0.0141456
-2.3997e-009 0.00435718
-2.38303e-009 -0.00810708
-2.36637e-009 -0.00182316
-2.3497e-009 0.00808609
-2.33303e-009 0.00528941
-2.31637e-009 -0.00223749
-2.2997e-009 -0.00498239
-2.28303e-009 -0.00235833
-2.26637e-009 0.00232008
-2.2497e-009 0.0027344
-2.23303e-009 -0.000545663
-2.21637e-009 -0.000890933
-2.1997e-009 -0.00227201
-2.18303e-009 -0.00808982
-2.16637e-009 -0.00560387
-2.1497e-009 0.00744734
-2.13303e-009 0.0113834
-2.11637e-009 0.00104258
-2.0997e-009 -0.00644978
-2.08303e-009 -0.00335962
-2.06637e-009 0.00413275
-2.0497e-009 0.00888022
-2.03303e-009 0.00465065
-2.01637e-009 -0.00277266
-1.9997e-009 0.0016468
-1.98303e-009 0.0120567
-1.96637e-009 0.0107447
-1.9497e-009 0.00313147
-1.93303e-009 -0.000407555
-1.91637e-009 -0.00553482
-1.8997e-009 -0.00610451
-1.88303e-009 0.00729197
-1.86637e-009 0.0126437
-1.8497e-009 -0.00151242
-1.83303e-009 -0.00463712
-1.81637e-009 0.00944991
-1.7997e-009 0.00944991
-1.78303e-009 0.00118069
-1.76637e-009 0.00946718
-1.7497e-009 0.0134896
-1.73303e-009 -0.00178864
-1.71637e-009 -0.00646705
-1.6997e-009 0.00195755
-1.68303e-009 -0.00373941
-1.66637e-009 -0.00852141
-1.6497e-009 0.00513403
-1.63303e-009 0.00599721
-1.61637e-009 -0.0113526
-1.5997e-009 -0.00917742
-1.58303e-009 0.00473697
-1.56637e-009 -0.00101178
-1.5497e-009 -0.00487881
-1.53303e-009 0.00869032
-1.51637e-009 0.00589363
-1.4997e-009 -0.0117324
-1.48303e-009 -0.00513776
-1.46637e-009 0.0113834
-1.4497e-009 0.0042018
-1.43303e-009 -0.00567293
-1.41637e-009 0.000628256
-1.3997e-009 0.000196668
-1.38303e-009 -0.00831424
-1.36637e-009 -0.00301435
-1.3497e-009 0.00560015
-1.33303e-009 0.00154322
-1.31637e-009 -0.000890933
-1.2997e-009 0.0049614
-1.28303e-009 0.00592816
-1.26637e-009 0.00121522
-1.2497e-009 -0.0021857
-1.23303e-009 -0.00334235
-1.21637e-009 0.0014569
-1.1997e-009 0.00875937
-1.18303e-009 0.00687765
-1.16637e-009 0.00228555
-1.1497e-009 0.0049614
-1.13303e-009 0.00166407
-1.11637e-009 -0.00869404
-1.0997e-009 -0.00358404
-1.08303e-009 0.00850042
-1.06637e-009 -0.00101178
-1.0497e-009 -0.0164799
-1.03303e-009 -0.00834877
-1.01637e-009 0.00787893
-9.99699e-010 0.00977792
-9.83033e-010 0.00494413
-9.66366e-010 -0.000269447
-9.49699e-010 -0.00482701
-9.33033e-010 0.0016468
-9.16366e-010 0.0104685
-8.99699e-010 0.000887209
-8.83033e-010 -0.0110074
-8.66366e-010 -0.00165053
-8.49699e-010 0.00717113
-8.33033e-010 -0.00486154
-8.16366e-010 -0.013079
-7.99699e-010 -0.00173685
-7.83033e-010 0.00863853
-7.66366e-010 0.00749913
-7.49699e-010 0.00373569
-7.33033e-010 -0.000165866
-7.16366e-010 -0.00216843
-6.99699e-010 0.00154322
-6.83033e-010 0.00318326
-6.66366e-010 -9.68116e-005
-6.49699e-010 0.00211292
-6.33033e-010 0.00513403
-6.16366e-010 -0.00353225
-5.99699e-010 -0.00943637
-5.83033e-010 0.00356305
-5.66366e-010 0.0159928
-5.49699e-010 0.00874211
-5.33033e-010 -0.00101178
-5.16366e-010 0.00385653
-4.99699e-010 0.0100887
-4.83033e-010 0.0040119
-4.66366e-010 -0.00384299
-4.49699e-010 -0.00140884
-4.33033e-010 0.00268261
-4.16366e-010 -0.00384299
-3.99699e-010 -0.0117669
-3.83033e-010 -0.00677779
-3.66366e-010 0.000576465
-3.49699e-010 -0.00605272
-3.33033e-010 -0.013735
-3.16366e-010 -0.00484428
-2.99699e-010 0.00656691
-2.83033e-010 0.00247545
-2.66366e-010 -0.00658789
-2.49699e-010 -0.00677779
-2.33033e-010 -0.0025137
-2.16366e-010 0.000938999
-1.99699e-010 0.00380474
-1.83033e-010 0.00356305
-1.66366e-010 0.00118069
-1.49699e-010 0.000213932
-1.33033e-010 -0.00135705
-1.16366e-010 -0.00127073
-9.96994e-011 0.00679133
-8.30327e-011 0.0133687
-6.63661e-011 0.00727471
-4.96994e-011 0.00271714
-3.30327e-011 0.0124883
-1.63661e-011 0.0208611
3.00605e-013 0.0193246
1.69673e-011 0.0244864
3.36339e-011 0.0382455
5.03006e-011 0.0451336
6.69673e-011 0.0528677
8.36339e-011 0.0799023
1.00301e-010 0.115828
1.16967e-010 0.139738
1.33634e-010 0.152685
1.50301e-010 0.165667
1.66967e-010 0.184226
1.83634e-010 0.209051
2.00301e-010 0.22994
2.16967e-010 0.235516
2.33634e-010 0.235723
2.50301e-010 0.24249
2.66967e-010 0.24249
2.83634e-010 0.227592
3.00301e-010 0.216042
3.16967e-010 0.210397
3.33634e-010 0.190251
3.50301e-010 0.164338
3.66967e-010 0.158779
3.83634e-010 0.158037
4.00301e-010 0.135266
4.16967e-010 0.109734
4.33634e-010 0.102448
4.50301e-010 0.0916933
4.66967e-010 0.0689227
4.83634e-010 0.0598421
5.00301e-010 0.060619
5.16967e-010 0.0438561
5.33634e-010 0.0245728
5.50301e-010 0.0294238
5.66967e-010 0.036968
5.83634e-010 0.0266789
6.00301e-010 0.0223285
6.16967e-010 0.0328592
6.33634e-010 0.0316508
6.50301e-010 0.0174947
6.66967e-010 0.0135759
6.83634e-010 0.0161827
7.00301e-010 0.0134896
7.16967e-010 0.0154749
7.33634e-010 0.0205849
7.50301e-010 0.0110899
7.66967e-010 -0.00358404
7.83634e-010 -0.00277266
8.00301e-010 0.0024064
8.16967e-010 -0.00189222
8.33634e-010 -0.000562926
8.50301e-010 0.0114697
8.66967e-010 0.0122121
8.83634e-010 -0.000666508
9.00301e-010 -0.00235833
9.16967e-010 0.0102958
9.33634e-010 0.0131616
9.50301e-010 -0.00106357
9.66967e-010 -0.012423
9.83634e-010 -0.00724391
1.0003e-009 0.00442623
1.01697e-009 0.00799978
1.03363e-009 0.00471971
1.0503e-009 0.00461613
1.06697e-009 0.00774082
1.08363e-009 0.0053412
1.1003e-009 -0.00227201
1.11697e-009 -0.00335962
1.13363e-009 0.00587636
1.1503e-009 0.0127818
1.16697e-009 0.00813788
1.18363e-009 0.000472884
1.2003e-009 -0.00139158
1.21697e-009 -0.00228928
1.23363e-009 -0.00332509
1.2503e-009 0.00340768
1.26697e-009 0.0115215
1.28363e-009 0.00673954
1.3003e-009 -0.00192674
1.31697e-009 0.00133606
1.33363e-009 0.00667049
1.3503e-009 0.00392559
1.36697e-009 0.00494413
1.38363e-009 0.00998508
1.4003e-009 0.00402917
1.41697e-009 -0.00401563
1.43363e-009 0.0011289
1.4503e-009 0.00484055
1.46697e-009 -0.000977251
1.48363e-009 0.00494413
1.5003e-009 0.0208093
1.51697e-009 0.0173393
1.53363e-009 -0.00170232
1.5503e-009 -0.00771002
1.56697e-009 -0.00130526
1.58363e-009 0.00105984
1.6003e-009 -0.00147789
1.61697e-009 -0.00639799
1.63363e-009 -0.0094709
1.6503e-009 -0.000390291
1.66697e-009 0.0120394
1.68363e-009 0.00793072
1.7003e-009 -0.00292803
1.71697e-009 -0.00133978
1.73363e-009 0.00261356
1.7503e-009 -6.22846e-005
1.76697e-009 0.00290704
1.78363e-009 0.00743008
1.8003e-009 -0.00144337
1.81697e-009 -0.0100579
1.83363e-009 -0.00247918
1.8503e-009 0.00654964
1.86697e-009 0.00423633
1.88363e-009 -0.00204759
1.9003e-009 -0.00864225
1.91697e-009 -0.0117324
1.93363e-009 -0.0023756
1.9503e-009 0.00796525
1.96697e-009 0.00230282
1.98363e-009 -0.00482701
2.0003e-009 0.00344221
2.01697e-009 0.0106584
2.03363e-009 0.00371843
2.0503e-009 -0.00273813
2.06697e-009 -0.00128799
2.08363e-009 -0.00190948
2.1003e-009 -0.00612178
2.11697e-009 -0.00648431
2.13363e-009 -9.68116e-005
2.1503e-009 0.00913917
2.16697e-009 0.00979518
2.18363e-009 -0.00266908
2.2003e-009 -0.0110937
2.21697e-009 -0.00437816
2.23363e-009 0.00099079
2.2503e-009 -0.00413647
2.26697e-009 -0.00510323
2.28363e-009 0.00100805
2.3003e-009 0.00218197
2.31697e-009 0.000887209
2.33363e-009 0.00238913
2.3503e-009 -0.00166779
2.36697e-009 -0.00902205
2.38363e-009 -0.00467164
2.4003e-009 0.00677407
2.41697e-009 0.00656691
2.43363e-009 -0.00489607
2.4503e-009 -0.00922921
2.46697e-009 0.00269988
2.48363e-009 0.0161309
2.5003e-009 0.00995055
