LECROYSDA18000 15238 Waveform
Segments 1 SegmentSize 302
Segment TrigTime TimeSinceSegment1
#1 01-Jan-2002 01:31:37 0                 
Time Ampl
-2.50683e-009 -0.0050687
-2.49017e-009 -0.00846962
-2.4735e-009 -0.00774455
-2.45683e-009 0.00135332
-2.44017e-009 0.00615258
-2.4235e-009 0.00257903
-2.40683e-009 0.000438357
-2.39017e-009 0.00211292
-2.3735e-009 0.00459886
-2.35683e-009 0.0071366
-2.34017e-009 0.00440897
-2.3235e-009 -0.00460259
-2.30683e-009 -0.00786539
-2.29017e-009 -0.000631981
-2.2735e-009 0.00634248
-2.25683e-009 0.006049
-2.24017e-009 -0.0010981
-2.2235e-009 -0.011249
-2.20683e-009 -0.0107829
-2.19017e-009 0.0047715
-2.1735e-009 0.012074
-2.15683e-009 -0.000804616
-2.14017e-009 -0.0085732
-2.1235e-009 -2.77575e-005
-2.10683e-009 0.000144878
-2.09017e-009 -0.0118705
-2.0735e-009 -0.00998881
-2.05683e-009 0.00428812
-2.04017e-009 0.00594542
-2.0235e-009 -0.0014261
-2.00683e-009 0.000818155
-1.99017e-009 0.00452981
-1.9735e-009 -0.00505144
-1.95683e-009 -0.016031
-1.94017e-009 -0.010196
-1.9235e-009 0.00575552
-1.90683e-009 0.0113144
-1.89017e-009 0.00418454
-1.8735e-009 0.00233734
-1.85683e-009 0.0105548
-1.84017e-009 0.010244
-1.8235e-009 -0.0030834
-1.80683e-009 -0.00733022
-1.79017e-009 0.00237187
-1.7735e-009 0.00466792
-1.75683e-009 -0.000977251
-1.74017e-009 0.00473697
-1.7235e-009 0.0141111
-1.70683e-009 0.00806883
-1.69017e-009 0.000127614
-1.6735e-009 0.00787893
-1.65683e-009 0.0145426
-1.64017e-009 0.0043917
-1.6235e-009 -0.0074856
-1.60683e-009 -0.00836604
-1.59017e-009 -0.00442995
-1.5735e-009 0.00135332
-1.55683e-009 0.00730924
-1.54017e-009 0.00377022
-1.5235e-009 -0.00624262
-1.50683e-009 -0.00651884
-1.49017e-009 0.00185397
-1.4735e-009 0.00513403
-1.45683e-009 0.00337315
-1.44017e-009 0.00123248
-1.4235e-009 -0.00320424
-1.40683e-009 -0.00329056
-1.39017e-009 0.0064288
-1.3735e-009 0.0100023
-1.35683e-009 -4.5021e-005
-1.34017e-009 -0.00130526
-1.3235e-009 0.0129544
-1.30683e-009 0.0162345
-1.29017e-009 0.00282072
-1.2735e-009 -0.00234107
-1.25683e-009 0.00471971
-1.24017e-009 0.00692944
-1.2235e-009 0.00539299
-1.20683e-009 0.00658417
-1.19017e-009 0.00159501
-1.1735e-009 -0.00758918
-1.15683e-009 -0.00484428
-1.14017e-009 0.00451255
-1.1235e-009 0.00169859
-1.10683e-009 -0.00829698
-1.09017e-009 -0.00827972
-1.0735e-009 0.000938999
-1.05683e-009 0.00888022
-1.04017e-009 0.0121258
-1.0235e-009 0.0101577
-1.00683e-009 0.00232008
-9.90165e-010 -0.00814161
-9.73499e-010 -0.0132516
-9.56832e-010 -0.00643252
-9.40165e-010 0.00354579
-9.23499e-010 -0.00215117
-9.06832e-010 -0.0168942
-8.90165e-010 -0.0109038
-8.73499e-010 0.0118495
-8.56832e-010 0.0135932
-8.40165e-010 -0.00648431
-8.23499e-010 -0.0127164
-8.06832e-010 -0.00368762
-7.90165e-010 -0.00408468
-7.73499e-010 -0.00686411
-7.56832e-010 0.00290704
-7.40165e-010 0.00768903
-7.23499e-010 -0.00235833
-7.06832e-010 -0.0052586
-6.90165e-010 0.0047715
-6.73499e-010 0.00777535
-6.56832e-010 0.00238913
-6.40165e-010 0.00100805
-6.23499e-010 -0.00185769
-6.06832e-010 -0.00988522
-5.90165e-010 -0.00822793
-5.73499e-010 0.00446076
-5.56832e-010 0.00915643
-5.40165e-010 0.00328684
-5.23499e-010 0.00199207
-5.06832e-010 0.00509951
-4.90165e-010 0.00143964
-4.73499e-010 -0.00427458
-4.56832e-010 -0.00137431
-4.40165e-010 0.00383927
-4.23499e-010 0.000835418
-4.06832e-010 -0.00480975
-3.90165e-010 -0.00337688
-3.73499e-010 0.00244093
-3.56832e-010 0.00584184
-3.40165e-010 0.00492687
-3.23499e-010 -0.00102904
-3.06832e-010 -0.00784813
-2.90165e-010 -0.0060182
-2.73499e-010 0.00168133
-2.56832e-010 0.0015087
-2.40165e-010 -0.00449901
-2.23499e-010 -0.00422279
-2.06832e-010 -0.00253097
-1.90165e-010 -0.00551756
-1.73499e-010 -0.0010463
-1.56832e-010 0.0096916
-1.40165e-010 0.00522035
-1.23499e-010 -0.00869404
-1.06832e-010 -0.00551756
-9.01653e-011 0.00689491
-7.34987e-011 0.00528941
-5.6832e-011 0.00111163
-4.01653e-011 0.0103994
-2.34987e-011 0.0208266
-6.83201e-012 0.0281981
9.83466e-012 0.0446675
2.65013e-011 0.0614649
4.3168e-011 0.0649866
5.98347e-011 0.0686638
7.65013e-011 0.083683
9.3168e-011 0.100066
1.09835e-010 0.113791
1.26501e-010 0.126997
1.43168e-010 0.135007
1.59835e-010 0.14319
1.76501e-010 0.157087
1.93168e-010 0.159487
2.09835e-010 0.146419
2.26501e-010 0.144382
2.43168e-010 0.152772
2.59835e-010 0.143346
2.76501e-010 0.126186
2.93168e-010 0.127601
3.09835e-010 0.130847
3.26501e-010 0.117813
3.43168e-010 0.106713
3.59835e-010 0.101637
3.76501e-010 0.0861517
3.93168e-010 0.0694406
4.09835e-010 0.0636746
4.26501e-010 0.0564585
4.43168e-010 0.0476195
4.59835e-010 0.0460486
4.76501e-010 0.0370888
4.93168e-010 0.0202914
5.09835e-010 0.0220178
5.26501e-010 0.0321687
5.43168e-010 0.0211373
5.59835e-010 0.00941539
5.76501e-010 0.0205676
5.93168e-010 0.0279564
6.09835e-010 0.020395
6.26501e-010 0.0199289
6.43168e-010 0.0167006
6.59835e-010 -0.00165053
6.76501e-010 -0.00391205
6.93168e-010 0.0126609
7.09835e-010 0.00855221
7.26501e-010 -0.00460259
7.43168e-010 0.0091737
7.59835e-010 0.0215171
7.76501e-010 0.00449528
7.93168e-010 -0.00644978
8.09835e-010 0.00307968
8.26501e-010 0.00304515
8.43168e-010 -0.00223749
8.59835e-010 0.00516856
8.76501e-010 0.00573826
8.93168e-010 -0.00348046
9.09835e-010 0.00140511
9.26501e-010 0.00722292
9.43168e-010 -0.00291076
9.59835e-010 -0.00133978
9.76501e-010 0.0139557
9.93168e-010 0.00528941
1.00983e-009 -0.0133379
1.0265e-009 -0.00130526
1.04317e-009 0.0160446
1.05983e-009 0.00233734
1.0765e-009 -0.0136832
1.09317e-009 -0.00463712
1.10983e-009 0.00711934
1.1265e-009 0.0062389
1.14317e-009 0.00345947
1.15983e-009 0.0027344
1.1765e-009 0.00325231
1.19317e-009 0.00480603
1.20983e-009 0.000835418
1.2265e-009 -0.00606999
1.24317e-009 -0.0069159
1.25983e-009 -0.00757191
1.2765e-009 -0.00827972
1.29317e-009 0.00428812
1.30983e-009 0.0164416
1.3265e-009 0.00532393
1.34317e-009 -0.00686411
1.35983e-009 0.00358032
1.3765e-009 0.0109691
1.39317e-009 0.00194028
1.40983e-009 0.00333863
1.4265e-009 0.0125919
1.44317e-009 0.00361484
1.45983e-009 -0.00646705
1.4765e-009 0.00463339
1.49317e-009 0.0114697
1.50983e-009 -0.000303974
1.5265e-009 -0.00294529
1.54317e-009 0.00957076
1.55983e-009 0.0117287
1.5765e-009 0.00140511
1.59317e-009 -0.00254823
1.60983e-009 0.0038738
1.6265e-009 0.011746
1.64317e-009 0.0112281
1.65983e-009 5.85601e-005
1.6765e-009 -0.00821066
1.69317e-009 -0.00453353
1.70983e-009 -0.000476609
1.7265e-009 -0.000407555
1.74317e-009 0.00418454
1.75983e-009 0.00423633
1.7765e-009 -0.00879762
1.79317e-009 -0.0137523
1.80983e-009 -0.000908197
1.8265e-009 0.006049
1.84317e-009 0.00192302
1.85983e-009 0.00389106
1.8765e-009 0.00377022
1.89317e-009 -0.00798624
1.90983e-009 -0.00707127
1.9265e-009 0.0123329
1.94317e-009 0.0166143
1.95983e-009 0.000783628
1.9765e-009 -0.00446448
1.99317e-009 0.00318326
2.00983e-009 0.0040637
2.0265e-009 0.00035204
2.04317e-009 -0.0021857
2.05983e-009 -0.00752012
2.0765e-009 -0.00496512
2.09317e-009 0.0109518
2.10983e-009 0.0151123
2.1265e-009 -0.000200393
2.14317e-009 -0.00375668
2.15983e-009 0.0115043
2.1765e-009 0.015354
2.19317e-009 0.00380474
2.20983e-009 -1.0494e-005
2.2265e-009 0.00257903
2.24317e-009 -0.00102904
2.25983e-009 -0.00154695
2.2765e-009 0.00648059
2.29317e-009 0.00856947
2.30983e-009 0.0020266
2.3265e-009 -0.000545663
2.34317e-009 0.000956263
2.35983e-009 -6.22846e-005
2.3765e-009 0.000904472
2.39317e-009 0.00689491
2.40983e-009 0.0107792
2.4265e-009 0.00894927
2.44317e-009 0.00484055
2.45983e-009 0.000938999
2.4765e-009 -0.000649244
2.49317e-009 0.00326957
2.50983e-009 0.0122121
