LECROYSDA18000 15238 Waveform
Segments 1 SegmentSize 302
Segment TrigTime TimeSinceSegment1
#1 01-Jan-2002 01:31:15 0                 
Time Ampl
-2.50662e-009 -0.00829698
-2.48995e-009 0.00487508
-2.47328e-009 0.00665322
-2.45662e-009 0.000179405
-2.43995e-009 0.00575552
-2.42328e-009 0.00844863
-2.40662e-009 -0.00565566
-2.38995e-009 -0.0111109
-2.37328e-009 0.00321778
-2.35662e-009 0.00877663
-2.33995e-009 -0.00318698
-2.32328e-009 -0.00802076
-2.30662e-009 -0.00023492
-2.28995e-009 0.00380474
-2.27328e-009 0.00242366
-2.25662e-009 0.00176765
-2.23995e-009 -0.000977251
-2.22328e-009 -0.00496512
-2.20662e-009 -0.00574198
-2.18995e-009 -0.00594914
-2.17328e-009 -0.00368762
-2.15662e-009 0.00554836
-2.13995e-009 0.00926001
-2.12328e-009 -0.00137431
-2.10662e-009 -0.00598367
-2.08995e-009 0.00610079
-2.07328e-009 0.00943265
-2.05662e-009 -0.00489607
-2.03995e-009 -0.00864225
-2.02328e-009 0.00461613
-2.00662e-009 0.00850042
-1.98995e-009 6.76951e-006
-1.97328e-009 -0.000908197
-1.95662e-009 0.00423633
-1.93995e-009 0.00433991
-1.92328e-009 0.00527214
-1.90662e-009 0.00872484
-1.88995e-009 0.00480603
-1.87328e-009 -0.00139158
-1.85662e-009 0.00268261
-1.83995e-009 0.00958802
-1.82328e-009 0.0064288
-1.80662e-009 -0.0010463
-1.78995e-009 -0.0010981
-1.77328e-009 0.00516856
-1.75662e-009 0.00711934
-1.73995e-009 -0.00127073
-1.72328e-009 -0.0112663
-1.70662e-009 -0.0101097
-1.68995e-009 -0.00284171
-1.67328e-009 -0.00223749
-1.65662e-009 -0.00380847
-1.63995e-009 -0.000787352
-1.62328e-009 -0.0030834
-1.60662e-009 -0.0104549
-1.58995e-009 -0.00372215
-1.57328e-009 0.0140765
-1.55662e-009 0.0156475
-1.53995e-009 -0.000908197
-1.52328e-009 -0.0103686
-1.50662e-009 -0.00496512
-1.48995e-009 0.00244093
-1.47328e-009 0.00501319
-1.45662e-009 0.00446076
-1.43995e-009 0.00333863
-1.42328e-009 0.0040119
-1.40662e-009 0.00452981
-1.38995e-009 0.00200934
-1.37328e-009 0.00100805
-1.35662e-009 0.00432265
-1.33995e-009 0.00613532
-1.32328e-009 0.00553109
-1.30662e-009 0.00622163
-1.28995e-009 0.00435718
-1.27328e-009 -0.00023492
-1.25662e-009 0.00209565
-1.23995e-009 0.00768903
-1.22328e-009 0.00237187
-1.20662e-009 -0.00686411
-1.18995e-009 -0.00294529
-1.17328e-009 0.0073265
-1.15662e-009 0.00893201
-1.13995e-009 0.00705028
-1.12328e-009 0.00951897
-1.10662e-009 0.00891474
-1.08995e-009 0.00116342
-1.07328e-009 -0.00354951
-1.05662e-009 0.0016468
-1.03995e-009 0.00668775
-1.02328e-009 -0.00275539
-1.00662e-009 -0.0183443
-9.8995e-010 -0.0133725
-9.73284e-010 0.0106584
-9.56617e-010 0.0173911
-9.3995e-010 -0.000148602
-9.23284e-010 -0.00518955
-9.06617e-010 0.0103476
-8.8995e-010 0.0133342
-8.73284e-010 0.000127614
-8.56617e-010 -0.00296256
-8.3995e-010 0.000904472
-8.23284e-010 -0.0045508
-8.06617e-010 -0.00741654
-7.8995e-010 0.000127614
-7.73284e-010 0.00261356
-7.56617e-010 0.00114616
-7.3995e-010 0.00872484
-7.23284e-010 0.011418
-7.06617e-010 -0.00287624
-6.8995e-010 -0.0117842
-6.73284e-010 -0.00230654
-6.56617e-010 0.0053412
-6.3995e-010 0.00332136
-6.23284e-010 0.00653238
-6.06617e-010 0.0137485
-5.8995e-010 0.0114525
-5.73284e-010 0.0043917
-5.56617e-010 0.00418454
-5.3995e-010 0.00663596
-5.23284e-010 0.0029243
-5.06617e-010 -0.00361857
-4.8995e-010 -0.00353225
-4.73284e-010 0.00309694
-4.56617e-010 0.00558288
-4.3995e-010 -9.68116e-005
-4.23284e-010 -0.00461985
-4.06617e-010 -0.00391205
-3.8995e-010 -0.00437816
-3.73284e-010 -0.00487881
-3.56617e-010 -0.000528399
-3.3995e-010 0.00064552
-3.23284e-010 -0.00650158
-3.06617e-010 -0.0102132
-2.8995e-010 -0.00444722
-2.73284e-010 0.00214745
-2.56617e-010 0.00456434
-2.3995e-010 0.00119795
-2.23284e-010 -0.00941911
-2.06617e-010 -0.0140285
-1.8995e-010 -0.000252183
-1.73284e-010 0.015026
-1.56617e-010 0.0135414
-1.3995e-010 0.00701576
-1.23284e-010 0.00580731
-1.06617e-010 0.00178491
-8.99503e-011 -0.00092546
-7.32836e-011 0.00641153
-5.6617e-011 0.00834505
-3.99503e-011 -0.00246191
-2.32836e-011 -0.00146063
-6.61696e-012 0.0180471
1.00497e-011 0.0275075
2.67164e-011 0.0205849
4.3383e-011 0.0267307
6.00497e-011 0.0570799
7.67164e-011 0.0892074
9.3383e-011 0.108819
1.1005e-010 0.129742
1.26716e-010 0.166427
1.43383e-010 0.206634
1.6005e-010 0.230889
1.76716e-010 0.248411
1.93383e-010 0.27952
2.1005e-010 0.313201
2.26716e-010 0.327962
2.43383e-010 0.334625
2.6005e-010 0.349714
2.76716e-010 0.358553
2.93383e-010 0.345104
3.1005e-010 0.321419
3.26716e-010 0.304777
3.43383e-010 0.296076
3.6005e-010 0.283646
3.76716e-010 0.256732
3.93383e-010 0.225106
4.1005e-010 0.209051
4.26716e-010 0.200298
4.43383e-010 0.175715
4.6005e-010 0.14559
4.76716e-010 0.130985
4.93383e-010 0.120316
5.1005e-010 0.100843
5.26716e-010 0.08263
5.43383e-010 0.0650902
5.6005e-010 0.0437007
5.76716e-010 0.0368298
5.93383e-010 0.0462385
6.1005e-010 0.0438561
6.26716e-010 0.0316853
6.43383e-010 0.0343094
6.6005e-010 0.0384871
6.76716e-010 0.027076
6.93383e-010 0.0232435
7.1005e-010 0.0326521
7.26716e-010 0.0246763
7.43383e-010 0.00314873
7.6005e-010 0.00118069
7.76716e-010 0.0144563
7.93383e-010 0.0192038
8.1005e-010 0.0145599
8.26716e-010 0.00454707
8.43383e-010 -0.00570745
8.6005e-010 7.58236e-005
8.76716e-010 0.0145426
8.93383e-010 0.00946718
9.1005e-010 -0.00508597
9.26716e-010 0.00223376
9.43383e-010 0.019083
9.6005e-010 0.0167179
9.76716e-010 0.00433991
9.93383e-010 0.00116342
1.01005e-009 0.00465065
1.02672e-009 0.00981245
1.04338e-009 0.0145944
1.06005e-009 0.012143
1.07672e-009 0.00454707
1.09338e-009 0.00225103
1.11005e-009 0.00608353
1.12672e-009 0.00884569
1.14338e-009 0.00449528
1.16005e-009 -0.00600093
1.17672e-009 -0.00757191
1.19338e-009 0.00708481
1.21005e-009 0.0156993
1.22672e-009 0.0054793
1.24338e-009 -0.000597454
1.26005e-009 0.00544478
1.27672e-009 0.00366663
1.29338e-009 -0.000735562
1.31005e-009 0.00744734
1.32672e-009 0.00679133
1.34338e-009 -0.0131653
1.36005e-009 -0.0188105
1.37672e-009 -0.00241012
1.39338e-009 0.00399464
1.41005e-009 -0.00113262
1.42672e-009 0.00135332
1.44338e-009 0.00207839
1.46005e-009 -0.00384299
1.47672e-009 0.000593729
1.49338e-009 0.00798251
1.51005e-009 0.00194028
1.52672e-009 -0.000821879
1.54338e-009 0.00739555
1.56005e-009 0.00380474
1.57672e-009 -0.00731296
1.59338e-009 -0.000114075
1.61005e-009 0.0126437
1.62672e-009 0.00720566
1.64338e-009 -0.00284171
1.66005e-009 -0.00249644
1.67672e-009 -0.000321237
1.69338e-009 0.00130153
1.71005e-009 0.00473697
1.72672e-009 0.00257903
1.74338e-009 -0.000856406
1.76005e-009 0.00582457
1.77672e-009 0.0123674
1.79338e-009 0.00699849
1.81005e-009 0.000576465
1.82672e-009 0.000576465
1.84338e-009 -0.000614717
1.86005e-009 -0.00442995
1.87672e-009 -0.0060182
1.89338e-009 -0.00316972
1.91005e-009 0.00411549
1.92672e-009 0.0043917
1.94338e-009 -0.0113181
1.96005e-009 -0.0199671
1.97672e-009 -0.0021857
1.99338e-009 0.0129889
2.01005e-009 0.00156049
2.02672e-009 -0.0100406
2.04338e-009 -0.00560387
2.06005e-009 -0.00424006
2.07672e-009 -0.00349772
2.09338e-009 0.0114697
2.11005e-009 0.0203087
2.12672e-009 0.00710207
2.14338e-009 -0.00486154
2.16005e-009 -0.00241012
2.17672e-009 0.00328684
2.19338e-009 0.010244
2.21005e-009 0.0126264
2.22672e-009 -0.00102904
2.24338e-009 -0.0106793
2.26005e-009 0.00232008
2.27672e-009 0.00996782
2.29338e-009 -0.00135705
2.31005e-009 0.000127614
2.32672e-009 0.0137485
2.34338e-009 0.00673954
2.36005e-009 -0.00624262
2.37672e-009 0.00159501
2.39338e-009 0.00637701
2.41005e-009 -0.00380847
2.42672e-009 -0.000649244
2.44338e-009 0.00913917
2.46005e-009 -0.000735562
2.47672e-009 -0.00625989
2.49338e-009 0.0117114
2.51005e-009 0.0178227
