LECROYSDA18000 15238 Waveform
Segments 1 SegmentSize 302
Segment TrigTime TimeSinceSegment1
#1 01-Jan-2002 01:31:00 0                 
Time Ampl
-2.50895e-009 0.00140511
-2.49228e-009 -0.0133725
-2.47561e-009 -0.0125265
-2.45895e-009 0.00301062
-2.44228e-009 0.003494
-2.42561e-009 -0.00424006
-2.40895e-009 -0.000683771
-2.39228e-009 -0.00230654
-2.37561e-009 -0.0133552
-2.35895e-009 -0.00824519
-2.34228e-009 0.00509951
-2.32561e-009 -0.000114075
-2.30895e-009 -0.00644978
-2.29228e-009 0.00656691
-2.27561e-009 0.0148707
-2.25895e-009 0.00520309
-2.24228e-009 -0.000597454
-2.22561e-009 0.00119795
-2.20895e-009 -0.00311793
-2.19228e-009 -0.00712306
-2.17561e-009 -0.00320424
-2.15895e-009 0.000576465
-2.14228e-009 0.0033041
-2.12561e-009 0.00708481
-2.10895e-009 0.00344221
-2.09228e-009 -0.00588009
-2.07561e-009 -0.0080035
-2.05895e-009 -0.00315245
-2.04228e-009 0.00299336
-2.02561e-009 0.00888022
-2.00895e-009 0.00565194
-1.99228e-009 -0.00646705
-1.97561e-009 -0.0074856
-1.95895e-009 0.00389106
-1.94228e-009 0.00782714
-1.92561e-009 0.00825873
-1.90895e-009 0.0145426
-1.89228e-009 0.00761998
-1.87561e-009 -0.0119568
-1.85895e-009 -0.0096608
-1.84228e-009 0.00863853
-1.82561e-009 0.00371843
-1.80895e-009 -0.0126647
-1.79228e-009 -0.00510323
-1.77561e-009 0.00998508
-1.75895e-009 0.00597995
-1.74228e-009 -0.00261728
-1.72561e-009 -0.00406742
-1.70895e-009 -0.00802076
-1.69228e-009 -0.00948816
-1.67561e-009 -0.00121894
-1.65895e-009 0.00404643
-1.64228e-009 0.00194028
-1.62561e-009 0.000766364
-1.60895e-009 -0.00258276
-1.59228e-009 -0.00569019
-1.57561e-009 0.00399464
-1.55895e-009 0.0132134
-1.54228e-009 0.00297609
-1.52561e-009 -0.00643252
-1.50895e-009 0.00394285
-1.49228e-009 0.0108655
-1.47561e-009 0.00143964
-1.45895e-009 -0.00154695
-1.44228e-009 0.00632522
-1.42561e-009 0.0062389
-1.40895e-009 0.00180218
-1.39228e-009 0.00568647
-1.37561e-009 0.00784441
-1.35895e-009 0.00069731
-1.34228e-009 -0.00254823
-1.32561e-009 0.00468518
-1.30895e-009 0.0110554
-1.29228e-009 0.00753366
-1.27561e-009 -0.0010981
-1.25895e-009 -0.00313519
-1.24228e-009 0.00375295
-1.22561e-009 0.00603174
-1.20895e-009 -0.00391205
-1.19228e-009 -0.0128718
-1.17561e-009 -0.00962627
-1.15895e-009 -0.000890933
-1.14228e-009 0.00456434
-1.12561e-009 0.00485782
-1.10895e-009 0.000628256
-1.09228e-009 -0.00389478
-1.07561e-009 -0.00619083
-1.05895e-009 -0.0087631
-1.04228e-009 -0.00627715
-1.02561e-009 0.00579005
-1.00895e-009 0.0104339
-9.9228e-010 -0.00241012
-9.75613e-010 -0.00883215
-9.58947e-010 0.00440897
-9.4228e-010 0.0140938
-9.25613e-010 0.0104857
-9.08947e-010 0.00976066
-8.9228e-010 0.0106584
-8.75613e-010 0.003494
-8.58947e-010 -0.00120168
-8.4228e-010 -0.000804616
-8.25613e-010 -0.0069159
-8.08947e-010 -0.00836604
-7.9228e-010 0.00686038
-7.75613e-010 0.0142664
-7.58947e-010 0.000162141
-7.4228e-010 -0.00658789
-7.25613e-010 0.00616984
-7.08947e-010 0.0122984
-6.9228e-010 0.00235461
-6.75613e-010 -0.00555208
-6.58947e-010 -0.00356678
-6.4228e-010 0.00126701
-6.25613e-010 0.00140511
-6.08947e-010 -0.00482701
-5.9228e-010 -0.00755465
-5.75613e-010 -0.0014261
-5.58947e-010 0.000749101
-5.4228e-010 -0.000718298
-5.25613e-010 0.0118495
-5.08947e-010 0.0227601
-4.9228e-010 0.00269988
-4.75613e-010 -0.0206404
-4.58947e-010 -0.00717485
-4.4228e-010 0.013127
-4.25613e-010 -6.22846e-005
-4.08947e-010 -0.0200707
-3.9228e-010 -0.0150988
-3.75613e-010 -0.00351499
-3.58947e-010 -0.000407555
-3.4228e-010 0.00449528
-3.25613e-010 0.00720566
-3.08947e-010 -0.000735562
-2.9228e-010 -0.00524134
-2.75613e-010 0.00263082
-2.58947e-010 0.00986424
-2.4228e-010 0.00760272
-2.25613e-010 -0.000252183
-2.08947e-010 -0.00593188
-1.9228e-010 -0.000338501
-1.75613e-010 0.0116769
-1.58947e-010 0.00953623
-1.4228e-010 -0.00598367
-1.25613e-010 -0.00815887
-1.08947e-010 0.00758545
-9.228e-011 0.0173221
-7.56134e-011 0.0138176
-5.89467e-011 0.0109518
-4.228e-011 0.0115388
-2.56134e-011 0.00960528
-8.94671e-012 0.0103994
7.71996e-012 0.0199979
2.43866e-011 0.0308912
4.10533e-011 0.0373478
5.772e-011 0.0510205
7.43866e-011 0.0816977
9.10533e-011 0.115034
1.0772e-010 0.134541
1.24387e-010 0.150942
1.41053e-010 0.177614
1.5772e-010 0.200505
1.74387e-010 0.208774
1.91053e-010 0.219685
2.0772e-010 0.239659
2.24387e-010 0.247324
2.41053e-010 0.237484
2.5772e-010 0.228075
2.74387e-010 0.220859
2.91053e-010 0.208567
3.0772e-010 0.202784
3.24387e-010 0.208274
3.41053e-010 0.202801
3.5772e-010 0.175801
3.74387e-010 0.1478
3.91053e-010 0.134041
4.0772e-010 0.126807
4.24387e-010 0.117105
4.41053e-010 0.10376
4.5772e-010 0.085513
4.74387e-010 0.0646414
4.91053e-010 0.0513312
5.0772e-010 0.050796
5.24387e-010 0.0524706
5.41053e-010 0.0430274
5.5772e-010 0.0262991
5.74387e-010 0.0175638
5.91053e-010 0.0218969
6.0772e-010 0.0305977
6.24387e-010 0.0324449
6.41053e-010 0.0210337
6.5772e-010 0.00359758
6.74387e-010 -0.000597454
6.91053e-010 0.0104857
7.0772e-010 0.013973
7.24387e-010 0.00290704
7.41053e-010 -0.0019958
7.5772e-010 0.00390832
7.74387e-010 0.00370116
7.91053e-010 -0.000994514
8.0772e-010 0.00235461
8.24387e-010 0.00451255
8.41053e-010 -0.0034632
8.5772e-010 -0.00619083
8.74387e-010 0.00418454
8.91053e-010 0.0107792
9.0772e-010 0.0040637
9.24387e-010 -0.00458533
9.41053e-010 -0.00418826
9.5772e-010 0.00354579
9.74387e-010 0.00846589
9.91053e-010 0.00326957
1.00772e-009 -0.00406742
1.02439e-009 -0.00204759
1.04105e-009 0.00263082
1.05772e-009 -0.00170232
1.07439e-009 -0.00784813
1.09105e-009 -0.00439543
1.10772e-009 0.00318326
1.12439e-009 0.00499593
1.14105e-009 0.0016468
1.15772e-009 -0.00189222
1.17439e-009 -0.00313519
1.19105e-009 -0.00213391
1.20772e-009 -0.000735562
1.22439e-009 -0.000701035
1.24105e-009 -0.00258276
1.25772e-009 -0.00425732
1.27439e-009 -0.00135705
1.29105e-009 0.00313147
1.30772e-009 -0.000459345
1.32439e-009 -0.00757191
1.34105e-009 -0.00339414
1.35772e-009 0.0056692
1.37439e-009 0.00333863
1.39105e-009 -0.0014261
1.40772e-009 0.00380474
1.42439e-009 0.00553109
1.44105e-009 -0.00225475
1.45772e-009 -0.0018059
1.47439e-009 0.00782714
1.49105e-009 0.0102613
1.50772e-009 0.00718839
1.52439e-009 0.00535846
1.54105e-009 0.000490148
1.55772e-009 -0.000165866
1.57439e-009 0.0103131
1.59105e-009 0.0131788
1.60772e-009 0.00263082
1.62439e-009 0.00428812
1.64105e-009 0.0187895
1.65772e-009 0.0167179
1.67439e-009 -0.00092546
1.69105e-009 -0.00922921
1.70772e-009 -0.00560387
1.72439e-009 0.000680047
1.74105e-009 0.00468518
1.75772e-009 -0.00116715
1.77439e-009 -0.00955722
1.79105e-009 -0.00235833
1.80772e-009 0.00863853
1.82439e-009 0.00359758
1.84105e-009 -0.000994514
1.85772e-009 0.0053412
1.87439e-009 0.000282986
1.89105e-009 -0.0119568
1.90772e-009 -0.00425732
1.92439e-009 0.00705028
1.94105e-009 -0.00325603
1.95772e-009 -0.0120604
1.97439e-009 -0.00254823
1.99105e-009 0.00364937
2.00772e-009 0.00397738
2.02439e-009 0.0112108
2.04105e-009 0.00926001
2.05772e-009 -0.00765823
2.07439e-009 -0.0113699
2.09105e-009 0.000455621
2.10772e-009 0.0015087
2.12439e-009 -0.00667421
2.14105e-009 -0.00752012
2.15772e-009 -0.00351499
2.17439e-009 0.00175038
2.19105e-009 0.00620437
2.20772e-009 0.000731837
2.22439e-009 -0.00482701
2.24105e-009 0.00644606
2.25772e-009 0.0166143
2.27439e-009 0.00774082
2.29105e-009 0.00099079
2.30772e-009 0.00673954
2.32439e-009 0.00620437
2.34105e-009 0.00232008
2.35772e-009 0.00743008
2.37439e-009 0.00575552
2.39105e-009 -0.00693316
2.40772e-009 -0.00921195
2.42439e-009 -0.00301435
2.44105e-009 -0.00087367
2.45772e-009 0.00677407
2.47439e-009 0.0131961
2.49105e-009 -0.00023492
2.50772e-009 -0.0087631
