LECROYSDA18000 15238 Waveform
Segments 1 SegmentSize 302
Segment TrigTime TimeSinceSegment1
#1 01-Jan-2002 01:28:46 0                 
Time Ampl
-2.51002e-009 -0.00615631
-2.49336e-009 4.12965e-005
-2.47669e-009 0.00233734
-2.46002e-009 0.00128427
-2.44336e-009 -0.00144337
-2.42669e-009 -0.00529313
-2.41002e-009 -0.000770089
-2.39336e-009 0.0108483
-2.37669e-009 0.00805157
-2.36002e-009 -0.00739928
-2.34336e-009 -0.00733022
-2.32669e-009 0.00673954
-2.31002e-009 0.0104685
-2.29336e-009 0.00530667
-2.27669e-009 0.000800891
-2.26002e-009 -0.00651884
-2.24336e-009 -0.00629441
-2.22669e-009 0.00825873
-2.21002e-009 0.0110209
-2.19336e-009 -0.00591462
-2.17669e-009 -0.0114562
-2.16002e-009 -0.00204759
-2.14336e-009 -0.00128799
-2.12669e-009 -0.00223749
-2.11002e-009 0.00337315
-2.09336e-009 -0.00323877
-2.07669e-009 -0.0130099
-2.06002e-009 -0.00144337
-2.04336e-009 0.00660143
-2.02669e-009 -0.00950543
-2.01002e-009 -0.0134588
-1.99336e-009 0.00389106
-1.97669e-009 0.00404643
-1.96002e-009 -0.00446448
-1.94336e-009 0.0106929
-1.92669e-009 0.0209301
-1.91002e-009 0.00156049
-1.89336e-009 -0.00919468
-1.87669e-009 0.00237187
-1.86002e-009 0.00138785
-1.84336e-009 -0.0112318
-1.82669e-009 -0.00886668
-1.81002e-009 0.000524675
-1.79336e-009 0.00382201
-1.77669e-009 0.00411549
-1.76002e-009 -0.00524134
-1.74336e-009 -0.0172913
-1.72669e-009 -0.00643252
-1.71002e-009 0.0123157
-1.69336e-009 0.00541025
-1.67669e-009 -0.00727843
-1.66002e-009 0.00118069
-1.64336e-009 0.00922549
-1.62669e-009 0.00686038
-1.61002e-009 0.0126264
-1.59336e-009 0.0137313
-1.57669e-009 -0.00456806
-1.56002e-009 -0.0126301
-1.54336e-009 -0.000839143
-1.52669e-009 0.000179405
-1.51002e-009 -0.00556935
-1.49336e-009 0.00541025
-1.47669e-009 0.0134033
-1.46002e-009 0.0043917
-1.44336e-009 0.00396011
-1.42669e-009 0.0103649
-1.41002e-009 -0.000959987
-1.39336e-009 -0.00979891
-1.37669e-009 0.0066187
-1.36002e-009 0.0187895
-1.34336e-009 0.00844863
-1.32669e-009 0.00107711
-1.31002e-009 0.00344221
-1.29336e-009 -0.000217656
-1.27669e-009 -0.00254823
-1.26002e-009 0.00409822
-1.24336e-009 0.00382201
-1.22669e-009 -0.00556935
-1.21002e-009 -0.00619083
-1.19336e-009 0.00378748
-1.17669e-009 0.0120222
-1.16002e-009 0.0129717
-1.14336e-009 0.00649785
-1.12669e-009 -0.0010981
-1.11002e-009 -0.000770089
-1.09336e-009 0.0027344
-1.07669e-009 0.000248459
-1.06002e-009 -0.00335962
-1.04336e-009 -0.00356678
-1.02669e-009 -0.00439543
-1.01002e-009 -0.00332509
-9.93355e-010 0.000179405
-9.76689e-010 -0.00356678
-9.60022e-010 -0.0098507
-9.43355e-010 -0.00394658
-9.26689e-010 0.00490961
-9.10022e-010 0.00180218
-8.93355e-010 -0.00275539
-8.76689e-010 -0.00128799
-8.60022e-010 -0.00458533
-8.43355e-010 -0.00803803
-8.26689e-010 0.000490148
-8.10022e-010 0.00746461
-7.93355e-010 0.0018367
-7.76689e-010 0.000524675
-7.60022e-010 0.00929454
-7.43355e-010 0.0100541
-7.26689e-010 -0.000562926
-7.10022e-010 -0.00869404
-6.93355e-010 -0.00874583
-6.76689e-010 -0.00175411
-6.60022e-010 0.00558288
-6.43355e-010 0.000265722
-6.26689e-010 -0.0111973
-6.10022e-010 -0.00705401
-5.93355e-010 0.00606626
-5.76689e-010 0.00494413
-5.60022e-010 -0.00292803
-5.43355e-010 -0.000718298
-5.26689e-010 0.00135332
-5.10022e-010 -0.00401563
-4.93355e-010 -0.00320424
-4.76689e-010 0.00437444
-4.60022e-010 0.00591089
-4.43355e-010 0.00263082
-4.26689e-010 -0.000200393
-4.10022e-010 -0.00265181
-3.93355e-010 0.00254451
-3.76689e-010 0.0130062
-3.60022e-010 0.00824147
-3.43355e-010 -0.00739928
-3.26689e-010 -0.00453353
-3.10022e-010 0.0110727
-2.93355e-010 0.00791346
-2.76689e-010 -0.00791718
-2.60022e-010 -0.00916016
-2.43355e-010 0.000576465
-2.26689e-010 0.00520309
-2.10022e-010 0.00451255
-1.93355e-010 -0.000355764
-1.76689e-010 -0.00689864
-1.60022e-010 -0.00456806
-1.43355e-010 0.00233734
-1.26689e-010 -0.00028671
-1.10022e-010 -0.00280718
-9.33553e-011 0.0073265
-7.66886e-011 0.0129371
-6.0022e-011 0.00318326
-4.33553e-011 -0.00227201
-2.66886e-011 0.00332136
-1.0022e-011 0.00304515
6.64469e-012 -0.00294529
2.33114e-011 0.000610993
3.9978e-011 0.0141974
5.66447e-011 0.0314954
7.33114e-011 0.0519354
8.9978e-011 0.0759317
1.06645e-010 0.109665
1.23311e-010 0.157502
1.39978e-010 0.206081
1.56645e-010 0.249275
1.73311e-010 0.303655
1.89978e-010 0.365268
2.06645e-010 0.40746
2.23311e-010 0.437533
2.39978e-010 0.478327
2.56645e-010 0.51206
2.73311e-010 0.523506
2.89978e-010 0.539699
3.06645e-010 0.56057
3.23311e-010 0.545309
3.39978e-010 0.501287
3.56645e-010 0.474564
3.73311e-010 0.460476
3.89978e-010 0.430369
4.06645e-010 0.396394
4.23311e-010 0.369308
4.39978e-010 0.33119
4.56645e-010 0.289119
4.73311e-010 0.268437
4.89978e-010 0.256905
5.06645e-010 0.230026
5.23311e-010 0.194411
5.39978e-010 0.161921
5.56645e-010 0.132452
5.73311e-010 0.110942
5.89978e-010 0.0974248
6.06645e-010 0.0816287
6.23311e-010 0.0666439
6.39978e-010 0.0604118
6.56645e-010 0.0541106
6.73311e-010 0.0436662
6.89978e-010 0.0390741
7.06645e-010 0.0380556
7.23311e-010 0.0322032
7.39978e-010 0.0277665
7.56645e-010 0.0278183
7.73311e-010 0.0252978
7.89978e-010 0.0229672
8.06645e-010 0.0233816
8.23311e-010 0.0189794
8.39978e-010 0.0145254
8.56645e-010 0.0183924
8.73311e-010 0.0185133
8.89978e-010 0.0115215
9.06645e-010 0.0146635
9.23311e-010 0.0214653
9.39978e-010 0.0134205
9.56645e-010 0.00836231
9.73311e-010 0.0217243
9.89978e-010 0.0273694
1.00664e-009 0.01601
1.02331e-009 0.0124365
1.03998e-009 0.0142664
1.05664e-009 0.006049
1.07331e-009 0.00554836
1.08998e-009 0.0164589
1.10664e-009 0.00875937
1.12331e-009 -0.0109728
1.13998e-009 -0.00758918
1.15664e-009 0.00881116
1.17331e-009 0.0109691
1.18998e-009 0.00692944
1.20664e-009 0.00351126
1.22331e-009 -0.00510323
1.23998e-009 -0.00401563
1.25664e-009 0.00932907
1.27331e-009 0.00625616
1.28998e-009 -0.00791718
1.30664e-009 -0.000407555
1.32331e-009 0.0131616
1.33998e-009 0.00471971
1.35664e-009 -0.00263455
1.37331e-009 0.00494413
1.38998e-009 -0.000355764
1.40664e-009 -0.0138558
1.42331e-009 -0.00411921
1.43998e-009 0.0142492
1.45664e-009 0.0145772
1.47331e-009 0.00977792
1.48998e-009 0.00711934
1.50664e-009 -0.00263455
1.52331e-009 -0.00342867
1.53998e-009 0.0112971
1.55664e-009 0.0105893
1.57331e-009 -0.00596641
1.58998e-009 -0.00303161
1.60664e-009 0.0116596
1.62331e-009 0.00858674
1.63998e-009 0.00275167
1.65664e-009 0.00862126
1.67331e-009 0.00641153
1.68998e-009 0.000507411
1.70664e-009 0.0110899
1.72331e-009 0.0154404
1.73998e-009 -0.00260002
1.75664e-009 -0.00803803
1.77331e-009 0.00629069
1.78998e-009 0.00169859
1.80664e-009 -0.0140457
1.82331e-009 -0.00196127
1.83998e-009 0.0174084
1.85664e-009 0.00846589
1.87331e-009 -0.00303161
1.88998e-009 0.00730924
1.90664e-009 0.0115733
1.92331e-009 -0.001616
1.93998e-009 -0.00399837
1.95664e-009 0.00736103
1.97331e-009 0.00905285
1.98998e-009 0.00254451
2.00664e-009 0.00256177
2.02331e-009 0.00601447
2.03998e-009 0.00717113
2.05664e-009 0.00665322
2.07331e-009 -1.0494e-005
2.08998e-009 -0.0116634
2.10664e-009 -0.013476
2.12331e-009 -0.000303974
2.13998e-009 0.0132479
2.15664e-009 0.0144736
2.17331e-009 0.00670501
2.18998e-009 0.00244093
2.20664e-009 0.00784441
2.22331e-009 0.0114007
2.23998e-009 0.0011289
2.25664e-009 -0.00936732
2.27331e-009 -0.00192674
2.28998e-009 0.00869032
2.30664e-009 0.000127614
2.32331e-009 -0.0125093
2.33998e-009 -0.00470617
2.35664e-009 0.00920822
2.37331e-009 0.00418454
2.38998e-009 -0.0074856
2.40664e-009 -0.00197853
2.42331e-009 0.00913917
2.43998e-009 0.00301062
2.45664e-009 -0.0081934
2.47331e-009 -0.000545663
2.48998e-009 0.0126955
2.50664e-009 0.00611805
