LECROYSDA18000 15238 Waveform
Segments 1 SegmentSize 302
Segment TrigTime TimeSinceSegment1
#1 01-Jan-2002 01:31:13 0                 
Time Ampl
-2.51608e-009 0.00827599
-2.49941e-009 0.00936359
-2.48275e-009 -0.00249644
-2.46608e-009 -0.00375668
-2.44941e-009 0.0077063
-2.43275e-009 0.0119013
-2.41608e-009 0.00610079
-2.39941e-009 -0.000217656
-2.38275e-009 -0.00584556
-2.36608e-009 -0.00771002
-2.34941e-009 -0.00258276
-2.33275e-009 0.000766364
-2.31608e-009 -0.00130526
-2.29941e-009 0.00035204
-2.28275e-009 0.00556562
-2.26608e-009 0.00696397
-2.24941e-009 0.00606626
-2.23275e-009 0.00333863
-2.21608e-009 -0.00121894
-2.19941e-009 0.00233734
-2.18275e-009 0.0101232
-2.16608e-009 0.0025963
-2.14941e-009 -0.0106966
-2.13275e-009 -0.00529313
-2.11608e-009 0.00446076
-2.09941e-009 -0.000252183
-2.08275e-009 0.00104258
-2.06608e-009 0.0126091
-2.04941e-009 0.0043917
-2.03275e-009 -0.0148916
-2.01608e-009 -0.00974712
-1.99941e-009 0.00503045
-1.98275e-009 0.000818155
-1.96608e-009 -0.00372215
-1.94941e-009 0.00606626
-1.93275e-009 0.010572
-1.91608e-009 0.0075164
-1.89941e-009 0.00912191
-1.88275e-009 0.00658417
-1.86608e-009 0.000524675
-1.84941e-009 0.00722292
-1.83275e-009 0.0127127
-1.81608e-009 -0.00175411
-1.79941e-009 -0.0136832
-1.78275e-009 -0.00617357
-1.76608e-009 0.000714574
-1.74941e-009 0.000472884
-1.73275e-009 0.00549657
-1.71608e-009 0.00825873
-1.69941e-009 0.00254451
-1.68275e-009 0.00178491
-1.66608e-009 0.00484055
-1.64941e-009 0.00138785
-1.63275e-009 0.000714574
-1.61608e-009 0.00560015
-1.59941e-009 0.00280346
-1.58275e-009 -0.00147789
-1.56608e-009 0.0033041
-1.54941e-009 0.00288978
-1.53275e-009 -0.00513776
-1.51608e-009 -0.00190948
-1.49941e-009 0.00696397
-1.48275e-009 0.00535846
-1.46608e-009 0.00345947
-1.44941e-009 0.00468518
-1.43275e-009 -0.0043609
-1.41608e-009 -0.0104894
-1.39941e-009 0.00159501
-1.38275e-009 0.00727471
-1.36608e-009 -0.00569019
-1.34941e-009 -0.0100233
-1.33275e-009 -0.000977251
-1.31608e-009 0.00143964
-1.29941e-009 0.00306241
-1.28275e-009 0.00948444
-1.26608e-009 0.00351126
-1.24941e-009 -0.00670874
-1.23275e-009 0.000835418
-1.21608e-009 0.00858674
-1.19941e-009 7.58236e-005
-1.18275e-009 -0.00272087
-1.16608e-009 0.0014569
-1.14941e-009 -0.00991975
-1.13275e-009 -0.0182926
-1.11608e-009 -0.00139158
-1.09941e-009 0.00846589
-1.08275e-009 -0.00682958
-1.06608e-009 -0.0100751
-1.04941e-009 0.00837957
-1.03275e-009 0.0126437
-1.01608e-009 -0.00130526
-9.99413e-010 -0.00829698
-9.82746e-010 -0.00698495
-9.66079e-010 -0.00342867
-9.49413e-010 0.00563468
-9.32746e-010 0.00867305
-9.16079e-010 -0.00294529
-8.99413e-010 -0.00834877
-8.82746e-010 0.00370116
-8.66079e-010 0.0124365
-8.49413e-010 0.00784441
-8.32746e-010 0.00373569
-8.16079e-010 0.00475424
-7.99413e-010 0.00380474
-7.82746e-010 9.30871e-005
-7.66079e-010 -0.00354951
-7.49413e-010 -0.00513776
-7.32746e-010 -0.00303161
-7.16079e-010 -0.000597454
-6.99413e-010 0.000662783
-6.82746e-010 0.00591089
-6.66079e-010 0.00991603
-6.49413e-010 0.00147417
-6.32746e-010 -0.0080035
-6.16079e-010 -0.000977251
-5.99413e-010 0.00888022
-5.82746e-010 0.00285525
-5.66079e-010 -0.00479249
-5.49413e-010 0.00109437
-5.32746e-010 0.00691218
-5.16079e-010 0.00370116
-4.99413e-010 0.00268261
-4.82746e-010 0.00385653
-4.66079e-010 -0.00206485
-4.49413e-010 -0.00513776
-4.32746e-010 0.00480603
-4.16079e-010 0.0103994
-3.99413e-010 -0.00222022
-3.82746e-010 -0.0129927
-3.66079e-010 -0.00291076
-3.49413e-010 0.0119186
-3.32746e-010 0.00979518
-3.16079e-010 -0.00154695
-2.99413e-010 -0.00441269
-2.82746e-010 -0.000614717
-2.66079e-010 -0.000269447
-2.49413e-010 -0.00102904
-2.32746e-010 0.00249272
-2.16079e-010 0.00509951
-1.99413e-010 0.00171586
-1.82746e-010 -0.00175411
-1.66079e-010 0.00069731
-1.49413e-010 0.00516856
-1.32746e-010 0.00551383
-1.16079e-010 0.00192302
-9.94127e-011 -0.000476609
-8.2746e-011 0.00288978
-6.60793e-011 0.00996782
-4.94127e-011 0.0135068
-3.2746e-011 0.0135759
-1.60793e-011 0.0189966
5.87343e-013 0.0291648
1.7254e-011 0.0340159
3.39207e-011 0.0371061
5.05873e-011 0.0515902
6.7254e-011 0.0732904
8.39207e-011 0.0892246
1.00587e-010 0.103864
1.17254e-010 0.124459
1.33921e-010 0.141982
1.50587e-010 0.154429
1.67254e-010 0.173902
1.83921e-010 0.193427
2.00587e-010 0.192719
2.17254e-010 0.180134
2.33921e-010 0.178391
2.50587e-010 0.182568
2.67254e-010 0.179582
2.83921e-010 0.177666
3.00587e-010 0.178736
3.17254e-010 0.16691
3.33921e-010 0.146522
3.50587e-010 0.140463
3.67254e-010 0.144761
3.83921e-010 0.133575
4.00587e-010 0.10364
4.17254e-010 0.076605
4.33921e-010 0.066782
4.50587e-010 0.0662641
4.67254e-010 0.0574252
4.83921e-010 0.0392985
5.00587e-010 0.0318234
5.17254e-010 0.0394021
5.33921e-010 0.0379692
5.50587e-010 0.021051
5.67254e-010 0.0129026
5.83921e-010 0.0178918
6.00587e-010 0.0153195
6.17254e-010 0.00787893
6.33921e-010 0.0125746
6.50587e-010 0.0197735
6.67254e-010 0.0162172
6.83921e-010 0.0121603
7.00587e-010 0.0103821
7.17254e-010 0.00121522
7.33921e-010 -0.00361857
7.50587e-010 0.00739555
7.67254e-010 0.0118668
7.83921e-010 -0.00147789
8.00587e-010 -0.00325603
8.17254e-010 0.0159065
8.33921e-010 0.023278
8.50587e-010 0.00965707
8.67254e-010 0.00228555
8.83921e-010 0.00591089
9.00587e-010 0.00180218
9.17254e-010 -0.00625989
9.33921e-010 -0.00249644
9.50587e-010 0.0071366
9.67254e-010 0.0091737
9.83921e-010 0.00356305
1.00059e-009 -0.00408468
1.01725e-009 -0.00746833
1.03392e-009 -0.000821879
1.05059e-009 0.00901832
1.06725e-009 0.00806883
1.08392e-009 -0.000804616
1.10059e-009 -0.0023756
1.11725e-009 0.00446076
1.13392e-009 0.00734376
1.15059e-009 0.0024064
1.16725e-009 -0.00185769
1.18392e-009 5.85601e-005
1.20059e-009 0.00299336
1.21725e-009 0.000835418
1.23392e-009 -0.00278992
1.25059e-009 -0.00275539
1.26725e-009 -0.00258276
1.28392e-009 -0.00292803
1.30059e-009 0.00456434
1.31725e-009 0.0155612
1.33392e-009 0.011418
1.35059e-009 -0.00562114
1.36725e-009 -0.0106448
1.38392e-009 0.00109437
1.40059e-009 0.00869032
1.41725e-009 0.003494
1.43392e-009 -0.00356678
1.45059e-009 -0.00437816
1.46725e-009 0.00188849
1.48392e-009 0.0116251
1.50059e-009 0.0138694
1.51725e-009 0.00363211
1.53392e-009 -0.00651884
1.55059e-009 -0.0050687
1.56725e-009 0.0014569
1.58392e-009 0.00181944
1.60059e-009 -0.00337688
1.61725e-009 -0.00527587
1.63392e-009 -0.000890933
1.65059e-009 0.00190576
1.66725e-009 -0.000165866
1.68392e-009 0.00320052
1.70059e-009 0.0113144
1.71725e-009 0.00563468
1.73392e-009 -0.00883215
1.75059e-009 -0.0030834
1.76725e-009 0.0146117
1.78392e-009 0.00603174
1.80059e-009 -0.0199326
1.81725e-009 -0.0204678
1.83392e-009 0.000749101
1.85059e-009 0.00782714
1.86725e-009 -0.00147789
1.88392e-009 -0.0085732
1.90059e-009 -0.0090911
1.91725e-009 -0.0014261
1.93392e-009 0.0118668
1.95059e-009 0.0124192
1.96725e-009 -0.00261728
1.98392e-009 -0.0081934
2.00059e-009 0.00371843
2.01725e-009 0.0123674
2.03392e-009 0.00761998
2.05059e-009 -0.000977251
2.06725e-009 -0.00491333
2.08392e-009 -0.00228928
2.10059e-009 0.000973526
2.11725e-009 -0.00275539
2.13392e-009 -0.00615631
2.15059e-009 0.000110351
2.16725e-009 0.0047715
2.18392e-009 -0.000545663
2.20059e-009 -0.00329056
2.21725e-009 -0.00125347
2.23392e-009 -0.00551756
2.25059e-009 -0.00745107
2.26725e-009 0.00446076
2.28392e-009 0.0136795
2.30059e-009 0.00610079
2.31725e-009 -0.00498239
2.33392e-009 -0.00679506
2.35059e-009 -0.000890933
2.36725e-009 0.00610079
2.38392e-009 0.00301062
2.40059e-009 -0.00900479
2.41725e-009 -0.00855593
2.43392e-009 0.00520309
2.45059e-009 0.00718839
2.46725e-009 -0.000303974
2.48392e-009 0.00340768
2.50059e-009 0.00791346
