LECROYSDA18000 15238 Waveform
Segments 1 SegmentSize 302
Segment TrigTime TimeSinceSegment1
#1 01-Jan-2002 01:33:44 0                 
Time Ampl
-2.51153e-009 -1.0494e-005
-2.49486e-009 -0.00539671
-2.47819e-009 -0.00446448
-2.46153e-009 0.00484055
-2.44486e-009 0.00591089
-2.42819e-009 -0.00028671
-2.41153e-009 -0.00260002
-2.39486e-009 -0.00316972
-2.37819e-009 -0.00304887
-2.36153e-009 -0.000373028
-2.34486e-009 -0.00344593
-2.32819e-009 -0.0089012
-2.31153e-009 0.000438357
-2.29486e-009 0.014629
-2.27819e-009 0.00977792
-2.26153e-009 -0.00342867
-2.24486e-009 -0.00494786
-2.22819e-009 -0.00282445
-2.21153e-009 -0.00187495
-2.19486e-009 0.00563468
-2.17819e-009 0.00768903
-2.16153e-009 -0.0036531
-2.14486e-009 -0.00460259
-2.12819e-009 0.0104857
-2.11153e-009 0.0127645
-2.09486e-009 0.000162141
-2.07819e-009 -0.0018059
-2.06153e-009 0.00454707
-2.04486e-009 0.00316599
-2.02819e-009 0.000731837
-2.01153e-009 0.00249272
-1.99486e-009 -0.000959987
-1.97819e-009 -0.00700222
-1.96153e-009 -0.00567293
-1.94486e-009 5.85601e-005
-1.92819e-009 0.00499593
-1.91153e-009 0.00793072
-1.89486e-009 0.00563468
-1.87819e-009 0.00237187
-1.86153e-009 0.00611805
-1.84486e-009 0.00913917
-1.82819e-009 0.00173312
-1.81153e-009 -0.00767549
-1.79486e-009 -0.0101614
-1.77819e-009 -0.00919468
-1.76153e-009 -0.00745107
-1.74486e-009 -0.00575924
-1.72819e-009 -0.00541397
-1.71153e-009 -0.00166779
-1.69486e-009 0.00506498
-1.67819e-009 0.00513403
-1.66153e-009 0.00282072
-1.64486e-009 0.00798251
-1.62819e-009 0.0084141
-1.61153e-009 -0.00249644
-1.59486e-009 -0.00403289
-1.57819e-009 0.00537572
-1.56153e-009 0.00188849
-1.54486e-009 -0.0071058
-1.52819e-009 0.00126701
-1.51153e-009 0.0105893
-1.49486e-009 0.00326957
-1.47819e-009 0.000680047
-1.46153e-009 0.0106411
-1.44486e-009 0.00986424
-1.42819e-009 0.000818155
-1.41153e-009 0.0047715
-1.39486e-009 0.0112626
-1.37819e-009 0.00252724
-1.36153e-009 -0.00850414
-1.34486e-009 -0.00731296
-1.32819e-009 -0.00130526
-1.31153e-009 0.000921736
-1.29486e-009 4.12965e-005
-1.27819e-009 -0.00108083
-1.26153e-009 -0.000666508
-1.24486e-009 -0.000977251
-1.22819e-009 -0.00165053
-1.21153e-009 0.00411549
-1.19486e-009 0.0105375
-1.17819e-009 0.00285525
-1.16153e-009 -0.00886668
-1.14486e-009 -0.00562114
-1.12819e-009 -0.000424818
-1.11153e-009 -0.0076237
-1.09486e-009 -0.00764097
-1.07819e-009 0.00722292
-1.06153e-009 0.011159
-1.04486e-009 -9.68116e-005
-1.02819e-009 -0.0034632
-1.01153e-009 0.000938999
-9.94861e-010 0.000179405
-9.78194e-010 0.00244093
-9.61527e-010 0.011815
-9.44861e-010 0.0132997
-9.28194e-010 0.00630795
-9.11527e-010 0.00641153
-8.94861e-010 0.0130925
-8.78194e-010 0.0135759
-8.61527e-010 0.00660143
-8.44861e-010 0.00161228
-8.28194e-010 0.0049614
-8.11527e-010 0.0112108
-7.94861e-010 0.00891474
-7.78194e-010 -4.5021e-005
-7.61527e-010 -0.00192674
-7.44861e-010 0.00351126
-7.28194e-010 0.00475424
-7.11527e-010 0.00197481
-6.94861e-010 0.00216471
-6.78194e-010 0.00352853
-6.61527e-010 0.00185397
-6.44861e-010 -0.00127073
-6.28194e-010 -0.000839143
-6.11527e-010 0.00549657
-5.94861e-010 0.00756819
-5.78194e-010 -0.00537945
-5.61527e-010 -0.0152369
-5.44861e-010 0.000973526
-5.28194e-010 0.021051
-5.11527e-010 0.013058
-4.94861e-010 -0.00411921
-4.78194e-010 -0.00265181
-4.61527e-010 0.00235461
-4.44861e-010 -0.00208212
-4.28194e-010 -0.000994514
-4.11527e-010 0.00316599
-3.94861e-010 -0.00384299
-3.78194e-010 -0.00831424
-3.61527e-010 7.58236e-005
-3.44861e-010 0.00288978
-3.28194e-010 -0.00249644
-3.11527e-010 0.00118069
-2.94861e-010 0.00717113
-2.78194e-010 0.00325231
-2.61527e-010 0.00233734
-2.44861e-010 0.00768903
-2.28194e-010 0.00345947
-2.11527e-010 -0.00413647
-1.94861e-010 0.00104258
-1.78194e-010 0.00734376
-1.61527e-010 0.00245819
-1.44861e-010 -0.00156421
-1.28194e-010 0.000749101
-1.11527e-010 0.00130153
-9.48607e-011 0.00316599
-7.8194e-011 0.00850042
-6.15274e-011 0.00639427
-4.48607e-011 0.00130153
-2.8194e-011 0.0115043
-1.15274e-011 0.0289232
5.13931e-012 0.0298036
2.1806e-011 0.0227256
3.84726e-011 0.0367781
5.51393e-011 0.0700276
7.1806e-011 0.093506
8.84726e-011 0.100688
1.05139e-010 0.112703
1.21806e-010 0.136527
1.38473e-010 0.156466
1.55139e-010 0.16748
1.71806e-010 0.178166
1.88473e-010 0.185918
2.05139e-010 0.187247
2.21806e-010 0.194498
2.38473e-010 0.208101
2.55139e-010 0.207238
2.71806e-010 0.191649
2.88473e-010 0.183915
3.05139e-010 0.183035
3.21806e-010 0.171848
3.38473e-010 0.157191
3.55139e-010 0.149164
3.71806e-010 0.13335
3.88473e-010 0.105521
4.05139e-010 0.0880507
4.21806e-010 0.0864452
4.38473e-010 0.0793499
4.55139e-010 0.0608607
4.71806e-010 0.0466183
4.88473e-010 0.0406623
5.05139e-010 0.0331182
5.21806e-010 0.0238132
5.38473e-010 0.0211546
5.55139e-010 0.0240548
5.71806e-010 0.0250216
5.88473e-010 0.0247972
6.05139e-010 0.0269033
6.21806e-010 0.0246591
6.38473e-010 0.01437
6.55139e-010 0.00855221
6.71806e-010 0.0136967
6.88473e-010 0.0159237
7.05139e-010 0.00927728
7.21806e-010 0.00703302
7.38473e-010 0.0124538
7.55139e-010 0.0134033
7.71806e-010 0.0071366
7.88473e-010 -0.000476609
8.05139e-010 -0.00670874
8.21806e-010 -0.0063462
8.38473e-010 0.00169859
8.55139e-010 0.0053412
8.71806e-010 0.000938999
8.88473e-010 -0.000148602
9.05139e-010 0.00135332
9.21806e-010 -0.000890933
9.38473e-010 0.00363211
9.55139e-010 0.015285
9.71806e-010 0.0114525
9.88473e-010 -0.00505144
1.00514e-009 -0.00427458
1.02181e-009 0.00977792
1.03847e-009 0.00743008
1.05514e-009 -0.00624262
1.07181e-009 -0.00619083
1.08847e-009 0.00427086
1.10514e-009 0.00827599
1.12181e-009 0.00463339
1.13847e-009 0.000472884
1.15514e-009 0.0011289
1.17181e-009 0.00539299
1.18847e-009 0.00385653
1.20514e-009 -0.00158147
1.22181e-009 0.00361484
1.23847e-009 0.0121775
1.25514e-009 0.00399464
1.27181e-009 -0.00855593
1.28847e-009 -0.00166779
1.30514e-009 0.012143
1.32181e-009 0.0119876
1.33847e-009 0.00525488
1.35514e-009 0.0015087
1.37181e-009 -0.00113262
1.38847e-009 0.0016468
1.40514e-009 0.00758545
1.42181e-009 0.00416728
1.43847e-009 0.000386567
1.45514e-009 0.0112626
1.47181e-009 0.0177364
1.48847e-009 0.00290704
1.50514e-009 -0.00840056
1.52181e-009 0.000921736
1.53847e-009 0.00991603
1.55514e-009 0.00748187
1.57181e-009 0.00541025
1.58847e-009 0.00375295
1.60514e-009 -0.00192674
1.62181e-009 -0.00360131
1.63847e-009 -0.0010463
1.65514e-009 -0.00106357
1.67181e-009 0.00124974
1.68847e-009 0.00537572
1.70514e-009 0.0011289
1.72181e-009 -0.00215117
1.73847e-009 0.00787893
1.75514e-009 0.0124365
1.77181e-009 -0.00182316
1.78847e-009 -0.0123366
1.80514e-009 -0.00796897
1.82181e-009 -0.00594914
1.83847e-009 -0.00586283
1.85514e-009 0.00425359
1.87181e-009 0.0100369
1.88847e-009 -1.0494e-005
1.90514e-009 -0.00736475
1.92181e-009 -0.00442995
1.93847e-009 -0.00518955
1.95514e-009 -0.00520681
1.97181e-009 0.00705028
1.98847e-009 0.0159065
2.00514e-009 0.00786167
2.02181e-009 -0.00201306
2.03847e-009 -0.00380847
2.05514e-009 -0.00444722
2.07181e-009 -0.0010981
2.08847e-009 0.00882843
2.10514e-009 0.0104512
2.12181e-009 0.000610993
2.13847e-009 -0.00223749
2.15514e-009 0.00380474
2.17181e-009 0.00314873
2.18847e-009 -0.00170232
2.20514e-009 0.000680047
2.22181e-009 0.00332136
2.23847e-009 -0.000252183
2.25514e-009 0.000369303
2.27181e-009 0.00691218
2.28847e-009 0.00665322
2.30514e-009 0.000421094
2.32181e-009 0.0013188
2.33847e-009 0.00760272
2.35514e-009 0.00686038
2.37181e-009 -0.000355764
2.38847e-009 -0.00310066
2.40514e-009 0.000921736
2.42181e-009 0.0031142
2.43847e-009 -0.00147789
2.45514e-009 -0.00581103
2.47181e-009 -0.00244465
2.48847e-009 0.00302788
2.50514e-009 0.00238913
