LECROYSDA18000 15238 Waveform
Segments 1 SegmentSize 302
Segment TrigTime TimeSinceSegment1
#1 01-Jan-2002 01:30:53 0                 
Time Ampl
-2.51615e-009 0.000421094
-2.49948e-009 -0.00472343
-2.48282e-009 -0.0127164
-2.46615e-009 -0.00498239
-2.44948e-009 0.00736103
-2.43282e-009 0.00389106
-2.41615e-009 -0.00392931
-2.39948e-009 -0.00092546
-2.38282e-009 0.00194028
-2.36615e-009 -0.00108083
-2.34948e-009 0.00195755
-2.33282e-009 0.00767177
-2.31615e-009 0.00247545
-2.29948e-009 -0.00442995
-2.28282e-009 0.000524675
-2.26615e-009 0.0049614
-2.24948e-009 -0.00247918
-2.23282e-009 -0.00720938
-2.21615e-009 -0.000200393
-2.19948e-009 0.0033041
-2.18282e-009 -0.00358404
-2.16615e-009 -0.00613904
-2.14948e-009 0.0024064
-2.13282e-009 0.010572
-2.11615e-009 0.00932907
-2.09948e-009 0.00154322
-2.08282e-009 -0.00439543
-2.06615e-009 -0.00337688
-2.04948e-009 -0.00241012
-2.03282e-009 -0.00955722
-2.01615e-009 -0.0133897
-1.99948e-009 -0.0023756
-1.98282e-009 0.00587636
-1.96615e-009 -0.00303161
-1.94948e-009 -0.00613904
-1.93282e-009 0.00993329
-1.91615e-009 0.0156648
-1.89948e-009 -0.00187495
-1.88282e-009 -0.0106621
-1.86615e-009 0.000731837
-1.84948e-009 0.00442623
-1.83282e-009 -0.00453353
-1.81615e-009 -0.00389478
-1.79948e-009 0.00354579
-1.78282e-009 0.00197481
-1.76615e-009 0.00114616
-1.74948e-009 0.00875937
-1.73282e-009 0.00630795
-1.71615e-009 -0.00959174
-1.69948e-009 -0.0128718
-1.68282e-009 0.00238913
-1.66615e-009 0.0101577
-1.64948e-009 0.00154322
-1.63282e-009 -0.00266908
-1.61615e-009 0.00680859
-1.59948e-009 0.0148707
-1.58282e-009 0.011815
-1.56615e-009 0.00596268
-1.54948e-009 0.00554836
-1.53282e-009 0.00682586
-1.51615e-009 0.00235461
-1.49948e-009 -0.00588009
-1.48282e-009 -0.0071058
-1.46615e-009 0.000559202
-1.44948e-009 0.0040637
-1.43282e-009 -0.000856406
-1.41615e-009 -0.00120168
-1.39948e-009 0.00351126
-1.38282e-009 -0.00175411
-1.36615e-009 -0.0104377
-1.34948e-009 -0.00391205
-1.33282e-009 0.00430538
-1.31615e-009 -0.0058283
-1.29948e-009 -0.0136832
-1.28282e-009 0.000490148
-1.26615e-009 0.0119531
-1.24948e-009 0.00309694
-1.23282e-009 -0.00529313
-1.21615e-009 -0.00472343
-1.19948e-009 -0.00774455
-1.18282e-009 -0.00764097
-1.16615e-009 0.00290704
-1.14948e-009 0.00551383
-1.13282e-009 -0.00396384
-1.11615e-009 -0.00444722
-1.09948e-009 0.00415001
-1.08282e-009 0.00563468
-1.06615e-009 0.00337315
-1.04948e-009 0.00335589
-1.03282e-009 0.000576465
-1.01615e-009 0.00099079
-9.99484e-010 0.00867305
-9.82818e-010 0.0084141
-9.66151e-010 -0.000804616
-9.49484e-010 -0.0021857
-9.32818e-010 -0.000683771
-9.16151e-010 -0.00570745
-8.99484e-010 -0.00241012
-8.82818e-010 0.00656691
-8.66151e-010 -0.00470617
-8.49484e-010 -0.0224185
-8.32818e-010 -0.012751
-8.16151e-010 0.00553109
-7.99484e-010 -0.000442082
-7.82818e-010 -0.0118705
-7.66151e-010 -0.00524134
-7.49484e-010 0.00304515
-7.32818e-010 0.00099079
-7.16151e-010 -0.00156421
-6.99484e-010 -0.00430911
-6.82818e-010 -0.00969533
-6.66151e-010 -0.00960901
-6.49484e-010 -0.00520681
-6.32818e-010 -0.00389478
-6.16151e-010 -0.00137431
-5.99484e-010 0.00364937
-5.82818e-010 0.00532393
-5.66151e-010 0.00786167
-5.49484e-010 0.0113489
-5.32818e-010 0.00323505
-5.16151e-010 -0.0100061
-4.99484e-010 -0.00881489
-4.82818e-010 -0.000511136
-4.66151e-010 9.30871e-005
-4.49484e-010 0.00261356
-4.32818e-010 0.00976066
-4.16151e-010 0.00686038
-3.99484e-010 0.000869945
-3.82818e-010 0.0064288
-3.66151e-010 0.0089838
-3.49484e-010 -0.00118441
-3.32818e-010 -0.00512049
-3.16151e-010 0.000507411
-2.99484e-010 -0.000373028
-2.82818e-010 -0.00292803
-2.66151e-010 2.4033e-005
-2.49484e-010 -0.00353225
-2.32818e-010 -0.00676053
-2.16151e-010 0.00827599
-1.99484e-010 0.0187032
-1.82818e-010 -9.68116e-005
-1.66151e-010 -0.0163763
-1.49484e-010 -0.00315245
-1.32818e-010 0.0101922
-1.16151e-010 0.00470245
-9.94843e-011 0.00116342
-8.28177e-011 0.0016468
-6.6151e-011 -0.00594914
-4.94843e-011 -0.00415374
-3.28177e-011 0.0153022
-1.6151e-011 0.0237786
5.15659e-013 0.0156993
1.71823e-011 0.0192556
3.3849e-011 0.0358631
5.05157e-011 0.0486036
6.71823e-011 0.0659879
8.3849e-011 0.093178
1.00516e-010 0.113946
1.17182e-010 0.132573
1.33849e-010 0.165598
1.50516e-010 0.197311
1.67182e-010 0.210311
1.83849e-010 0.221567
2.00516e-010 0.241351
2.17182e-010 0.25511
2.33849e-010 0.262067
2.50516e-010 0.269628
2.67182e-010 0.267108
2.83849e-010 0.25309
3.00516e-010 0.245563
3.17182e-010 0.242214
3.33849e-010 0.225227
3.50516e-010 0.199901
3.67182e-010 0.180773
3.83849e-010 0.167273
4.00516e-010 0.158313
4.17182e-010 0.153134
4.33849e-010 0.139824
4.50516e-010 0.115707
4.67182e-010 0.094887
4.83849e-010 0.0815078
5.00516e-010 0.0701484
5.17182e-010 0.0624662
5.33849e-010 0.055181
5.50516e-010 0.0411803
5.67182e-010 0.0297518
5.83849e-010 0.030028
6.00516e-010 0.0322205
6.17182e-010 0.0317716
6.33849e-010 0.0341367
6.50516e-010 0.0327557
6.67182e-010 0.0240721
6.83849e-010 0.0192901
7.00516e-010 0.0160964
7.17182e-010 0.00596268
7.33849e-010 0.00359758
7.50516e-010 0.0140938
7.67182e-010 0.0129889
7.83849e-010 -0.000131339
8.00516e-010 0.00162954
8.17182e-010 0.0121775
8.33849e-010 0.00881116
8.50516e-010 0.00157775
8.67182e-010 0.00252724
8.83849e-010 0.00209565
9.00516e-010 0.00252724
9.17182e-010 0.00874211
9.33849e-010 0.00705028
9.50516e-010 0.00178491
9.67182e-010 0.0105893
9.83849e-010 0.0144045
1.00052e-009 -0.00342867
1.01718e-009 -0.0105585
1.03385e-009 0.00435718
1.05052e-009 0.00461613
1.06718e-009 -0.00872857
1.08385e-009 -0.000735562
1.10052e-009 0.0138694
1.11718e-009 0.00525488
1.13385e-009 -0.00767549
1.15052e-009 -0.00774455
1.16718e-009 -0.00812435
1.18385e-009 -0.00467164
1.20052e-009 0.00939812
1.21718e-009 0.0116424
1.23385e-009 -0.000165866
1.25052e-009 0.00137059
1.26718e-009 0.0111245
1.28385e-009 0.00663596
1.30052e-009 -0.000355764
1.31718e-009 0.00154322
1.33385e-009 -4.5021e-005
1.35052e-009 -0.00058019
1.36718e-009 0.00974339
1.38385e-009 0.0134378
1.40052e-009 0.00553109
1.41718e-009 0.00634248
1.43385e-009 0.0105893
1.45052e-009 0.00237187
1.46718e-009 -0.00170232
1.48385e-009 0.00549657
1.50052e-009 0.000369303
1.51718e-009 -0.0124402
1.53385e-009 -0.00636347
1.55052e-009 0.00554836
1.56718e-009 7.58236e-005
1.58385e-009 -0.00641526
1.60052e-009 0.00223376
1.61718e-009 0.0117632
1.63385e-009 0.011487
1.65052e-009 0.00394285
1.66718e-009 -0.00648431
1.68385e-009 -0.00705401
1.70052e-009 0.0042018
1.71718e-009 0.00344221
1.73385e-009 -0.0124575
1.75052e-009 -0.0131826
1.76718e-009 0.00276893
1.78385e-009 0.00549657
1.80052e-009 -0.00316972
1.81718e-009 -0.000890933
1.83385e-009 0.00504772
1.85052e-009 0.00100805
1.86718e-009 -0.00230654
1.88385e-009 0.00332136
1.90052e-009 0.0103649
1.91718e-009 0.013386
1.93385e-009 0.00936359
1.95052e-009 0.000334776
1.96718e-009 0.000731837
1.98385e-009 0.012143
2.00052e-009 0.0134033
2.01718e-009 0.00142238
2.03385e-009 -0.0018059
2.05052e-009 0.00530667
2.06718e-009 0.00394285
2.08385e-009 -0.00487881
2.10052e-009 -0.00603546
2.11718e-009 -0.000373028
2.13385e-009 0.00147417
2.15052e-009 -0.00277266
2.16718e-009 -0.00705401
2.18385e-009 -0.00581103
2.20052e-009 -0.00225475
2.21718e-009 -0.00163326
2.23385e-009 0.00261356
2.25052e-009 0.0120049
2.26718e-009 0.00696397
2.28385e-009 -0.0146672
2.30052e-009 -0.0190349
2.31718e-009 0.00325231
2.33385e-009 0.0149224
2.35052e-009 0.0022165
2.36718e-009 -0.00451627
2.38385e-009 0.00537572
2.40052e-009 0.0112453
2.41718e-009 0.00686038
2.43385e-009 0.000938999
2.45052e-009 -0.0045508
2.46718e-009 -0.00606999
2.48385e-009 -0.000493872
2.50052e-009 0.00288978
