LECROYSDA18000 15238 Waveform
Segments 1 SegmentSize 302
Segment TrigTime TimeSinceSegment1
#1 01-Jan-2002 01:34:06 0                 
Time Ampl
-2.51511e-009 -0.0131653
-2.49844e-009 0.000196668
-2.48178e-009 0.00370116
-2.46511e-009 -0.00586283
-2.44844e-009 -0.00665695
-2.43178e-009 0.00568647
-2.41511e-009 0.0116596
-2.39844e-009 0.00470245
-2.38178e-009 -0.00332509
-2.36511e-009 -0.00750286
-2.34844e-009 -0.0108002
-2.33178e-009 -0.0116806
-2.31511e-009 -0.00897026
-2.29844e-009 -0.00422279
-2.28178e-009 0.00452981
-2.26511e-009 0.01437
-2.24844e-009 0.0137313
-2.23178e-009 0.00320052
-2.21511e-009 -0.00260002
-2.19844e-009 -0.00272087
-2.18178e-009 -0.00662242
-2.16511e-009 -0.00741654
-2.14844e-009 0.00214745
-2.13178e-009 0.00558288
-2.11511e-009 -0.00543124
-2.09844e-009 -0.00995428
-2.08178e-009 -0.000701035
-2.06511e-009 0.00105984
-2.04844e-009 -0.00677779
-2.03178e-009 -0.00282445
-2.01511e-009 0.00960528
-1.99844e-009 0.00900106
-1.98178e-009 0.000541938
-1.96511e-009 0.00242366
-1.94844e-009 0.00834505
-1.93178e-009 0.00525488
-1.91511e-009 0.00185397
-1.89844e-009 0.00834505
-1.88178e-009 0.0131098
-1.86511e-009 0.00428812
-1.84844e-009 -0.00593188
-1.83178e-009 -0.00285897
-1.81511e-009 0.00175038
-1.79844e-009 -0.00831424
-1.78178e-009 -0.0199671
-1.76511e-009 -0.0143392
-1.74844e-009 -0.00242739
-1.73178e-009 -0.00092546
-1.71511e-009 -0.00299708
-1.69844e-009 -0.00120168
-1.68178e-009 -0.00178864
-1.66511e-009 -0.00372215
-1.64844e-009 -0.00254823
-1.63178e-009 -0.00360131
-1.61511e-009 -0.00475796
-1.59844e-009 0.00064552
-1.58178e-009 0.000438357
-1.56511e-009 -0.0107311
-1.54844e-009 -0.0110764
-1.53178e-009 0.000541938
-1.51511e-009 -0.00260002
-1.49844e-009 -0.0135106
-1.48178e-009 -0.00477522
-1.46511e-009 0.00862126
-1.44844e-009 0.00415001
-1.43178e-009 7.58236e-005
-1.41511e-009 0.00528941
-1.39844e-009 -1.0494e-005
-1.38178e-009 -0.00848688
-1.36511e-009 -0.000511136
-1.34844e-009 0.00466792
-1.33178e-009 -0.00776181
-1.31511e-009 -0.0118878
-1.29844e-009 0.00194028
-1.28178e-009 0.0100887
-1.26511e-009 0.00594542
-1.24844e-009 -0.00113262
-1.23178e-009 -0.0096608
-1.21511e-009 -0.010593
-1.19844e-009 0.00169859
-1.18178e-009 0.0069467
-1.16511e-009 -0.00311793
-1.14844e-009 -0.00859046
-1.13178e-009 -0.00764097
-1.11511e-009 -0.0100061
-1.09844e-009 -0.00151242
-1.08178e-009 0.0150951
-1.06511e-009 0.00641153
-1.04844e-009 -0.0155994
-1.03178e-009 -0.00363583
-1.01511e-009 0.0250734
-9.98445e-010 0.0175292
-9.81778e-010 -0.00991975
-9.65112e-010 -0.00964354
-9.48445e-010 0.00601447
-9.31778e-010 0.0049614
-9.15112e-010 0.000144878
-8.98445e-010 0.00888022
-8.81778e-010 0.013058
-8.65112e-010 0.000369303
-8.48445e-010 -0.00950543
-8.31778e-010 -0.00534492
-8.15112e-010 -0.0054485
-7.98445e-010 -0.0167561
-7.81778e-010 -0.0167216
-7.65112e-010 -0.00130526
-7.48445e-010 0.000265722
-7.31778e-010 -0.0139594
-7.15112e-010 -0.0109728
-6.98445e-010 0.00561741
-6.81778e-010 0.00135332
-6.65112e-010 -0.0131826
-6.48445e-010 -0.00619083
-6.31778e-010 0.00511677
-6.15112e-010 -0.00406742
-5.98445e-010 -0.0115943
-5.81778e-010 -0.00121894
-5.65112e-010 0.00466792
-5.48445e-010 -0.00235833
-5.31778e-010 -0.00479249
-5.15112e-010 0.00130153
-4.98445e-010 0.00627343
-4.81778e-010 0.00325231
-4.65112e-010 -0.010265
-4.48445e-010 -0.0195873
-4.31778e-010 -0.00717485
-4.15112e-010 0.00839684
-3.98445e-010 0.00245819
-3.81778e-010 -0.00593188
-3.65112e-010 0.00214745
-3.48445e-010 0.00565194
-3.31778e-010 -0.00291076
-3.15112e-010 -0.00287624
-2.98445e-010 0.000300249
-2.81778e-010 -0.00855593
-2.65112e-010 -0.0112318
-2.48445e-010 0.00152596
-2.31778e-010 0.00620437
-2.15112e-010 0.00069731
-1.98445e-010 0.00302788
-1.81778e-010 0.00339042
-1.65112e-010 -0.0074856
-1.48445e-010 -0.00777908
-1.31778e-010 0.00601447
-1.15112e-010 0.00753366
-9.84449e-011 -0.00280718
-8.17782e-011 -0.00137431
-6.51116e-011 0.00984697
-4.84449e-011 0.0152505
-3.17782e-011 0.0178227
-1.51116e-011 0.0265753
1.55509e-012 0.0403861
1.82218e-011 0.0531957
3.48884e-011 0.0604291
5.15551e-011 0.0658153
6.82218e-011 0.0776063
8.48884e-011 0.0917796
1.01555e-010 0.0998589
1.18222e-010 0.106868
1.34888e-010 0.116242
1.51555e-010 0.120282
1.68222e-010 0.122163
1.84888e-010 0.131313
2.01555e-010 0.138909
2.18222e-010 0.135594
2.34888e-010 0.129673
2.51555e-010 0.123389
2.68222e-010 0.11108
2.84888e-010 0.10181
3.01555e-010 0.10067
3.18222e-010 0.0927464
3.34888e-010 0.0767431
3.51555e-010 0.0690608
3.68222e-010 0.0656944
3.84888e-010 0.052298
4.01555e-010 0.0361566
4.18222e-010 0.0263509
4.34888e-010 0.0182025
4.51555e-010 0.0158374
4.68222e-010 0.0245037
4.84888e-010 0.0288714
5.01555e-010 0.0195145
5.18222e-010 0.0119876
5.34888e-010 0.014629
5.51555e-010 0.0158201
5.68222e-010 0.0105375
5.84888e-010 0.00606626
6.01555e-010 0.00689491
6.18222e-010 0.0098815
6.34888e-010 0.00632522
6.51555e-010 -0.00518955
6.68222e-010 -0.00914289
6.84888e-010 0.00207839
7.01555e-010 0.0109518
7.18222e-010 0.00727471
7.34888e-010 0.00342495
7.51555e-010 0.00235461
7.68222e-010 -0.00339414
7.84888e-010 -0.00610451
8.01555e-010 0.000369303
8.18222e-010 0.0045816
8.34888e-010 0.00397738
8.51555e-010 0.00573826
8.68222e-010 0.00344221
8.84888e-010 -0.00391205
9.01555e-010 -0.000511136
9.18222e-010 0.00979518
9.34888e-010 0.00817241
9.51555e-010 0.00307968
9.68222e-010 0.00787893
9.84888e-010 0.00682586
1.00156e-009 -0.00603546
1.01822e-009 -0.00910837
1.03489e-009 -0.000959987
1.05156e-009 0.000662783
1.06822e-009 0.00040383
1.08489e-009 0.00606626
1.10156e-009 0.00435718
1.11822e-009 -0.00551756
1.13489e-009 -0.00700222
1.15156e-009 -0.00216843
1.16822e-009 -7.95481e-005
1.18489e-009 0.00537572
1.20156e-009 0.0101059
1.21822e-009 0.00104258
1.23489e-009 -0.00815887
1.25156e-009 0.000231195
1.26822e-009 0.00938086
1.28489e-009 0.00256177
1.30156e-009 -0.00524134
1.31822e-009 -0.00182316
1.33489e-009 0.00399464
1.35156e-009 0.00639427
1.36822e-009 0.00553109
1.38489e-009 -6.22846e-005
1.40156e-009 -0.00387752
1.41822e-009 -0.000183129
1.43489e-009 0.00152596
1.45156e-009 -0.0034632
1.46822e-009 -0.00367036
1.48489e-009 0.00423633
1.50156e-009 0.0101405
1.51822e-009 0.0100023
1.53489e-009 0.00584184
1.55156e-009 9.30871e-005
1.56822e-009 -0.000114075
1.58489e-009 0.00618711
1.60156e-009 0.00720566
1.61822e-009 -1.0494e-005
1.63489e-009 -0.00468891
1.65156e-009 -0.00335962
1.66822e-009 0.000766364
1.68489e-009 0.00761998
1.70156e-009 0.0111935
1.71822e-009 0.00558288
1.73489e-009 0.000455621
1.75156e-009 0.00245819
1.76822e-009 0.00306241
1.78489e-009 0.00156049
1.80156e-009 0.00213018
1.81822e-009 -0.00468891
1.83489e-009 -0.0145118
1.85156e-009 -0.0036531
1.86822e-009 0.0158547
1.88489e-009 0.0077063
1.90156e-009 -0.0128891
1.91822e-009 -0.00627715
1.93489e-009 0.0115215
1.95156e-009 0.00870758
1.96822e-009 0.00214745
1.98489e-009 0.00730924
2.00156e-009 0.00409822
2.01822e-009 -0.00663968
2.03489e-009 -0.00194401
2.05156e-009 0.00794799
2.06822e-009 0.00354579
2.08489e-009 -0.00151242
2.10156e-009 0.00297609
2.11822e-009 0.00428812
2.13489e-009 0.00320052
2.15156e-009 0.00767177
2.16822e-009 0.00779261
2.18489e-009 0.00309694
2.20156e-009 0.00787893
2.21822e-009 0.0133687
2.23489e-009 0.00506498
2.25156e-009 -0.0010463
2.26822e-009 0.00606626
2.28489e-009 0.0087939
2.30156e-009 0.00383927
2.31822e-009 0.00440897
2.33489e-009 0.00306241
2.35156e-009 -0.00458533
2.36822e-009 0.000835418
2.38489e-009 0.014629
2.40156e-009 0.00682586
2.41822e-009 -0.0134933
2.43489e-009 -0.0130962
2.45156e-009 0.000904472
2.46822e-009 0.00402917
2.48489e-009 0.000956263
2.50156e-009 5.85601e-005
