LECROYSDA18000 15238 Waveform
Segments 1 SegmentSize 302
Segment TrigTime TimeSinceSegment1
#1 01-Jan-2002 01:30:47 0                 
Time Ampl
-2.51128e-009 0.00333863
-2.49461e-009 0.00380474
-2.47794e-009 -0.00391205
-2.46128e-009 -0.00575924
-2.44461e-009 -0.00261728
-2.42794e-009 -0.00303161
-2.41128e-009 -0.00313519
-2.39461e-009 0.00102532
-2.37794e-009 0.000887209
-2.36128e-009 -0.00306614
-2.34461e-009 0.000973526
-2.32794e-009 0.00601447
-2.31128e-009 -0.00101178
-2.29461e-009 -0.00558661
-2.27794e-009 0.00425359
-2.26128e-009 0.00725745
-2.24461e-009 -0.00477522
-2.22794e-009 -0.00639799
-2.21128e-009 0.00523761
-2.19461e-009 0.00541025
-2.17794e-009 -0.00111536
-2.16128e-009 0.00522035
-2.14461e-009 0.00846589
-2.12794e-009 -0.00805529
-2.11128e-009 -0.019242
-2.09461e-009 -0.00610451
-2.07794e-009 0.00806883
-2.06128e-009 0.00473697
-2.04461e-009 -0.00132252
-2.02794e-009 0.0016468
-2.01128e-009 0.00509951
-1.99461e-009 0.00497866
-1.97794e-009 0.00748187
-1.96128e-009 0.0105548
-1.94461e-009 0.00599721
-1.92794e-009 -0.00189222
-1.91128e-009 -0.00194401
-1.89461e-009 0.00237187
-1.87794e-009 0.000490148
-1.86128e-009 -0.00187495
-1.84461e-009 0.00437444
-1.82794e-009 0.00863853
-1.81128e-009 0.00142238
-1.79461e-009 -0.00437816
-1.77794e-009 -0.0012362
-1.76128e-009 -0.000752825
-1.74461e-009 -0.00370489
-1.72794e-009 0.000162141
-1.71128e-009 0.00389106
-1.69461e-009 -0.000338501
-1.67794e-009 7.58236e-005
-1.66128e-009 0.00808609
-1.64461e-009 0.00796525
-1.62794e-009 0.00366663
-1.61128e-009 0.0104512
-1.59461e-009 0.0152677
-1.57794e-009 0.00394285
-1.56128e-009 -0.00287624
-1.54461e-009 0.00805157
-1.52794e-009 0.0137313
-1.51128e-009 0.00345947
-1.49461e-009 -0.00294529
-1.47794e-009 -0.000200393
-1.46128e-009 -0.00192674
-1.44461e-009 -0.00551756
-1.42794e-009 -0.00173685
-1.41128e-009 0.00176765
-1.39461e-009 -1.0494e-005
-1.37794e-009 0.00119795
-1.36128e-009 0.00314873
-1.34461e-009 -0.00342867
-1.32794e-009 -0.00943637
-1.31128e-009 -0.00306614
-1.29461e-009 0.00345947
-1.27794e-009 -0.00223749
-1.26128e-009 -0.00646705
-1.24461e-009 0.00230282
-1.22794e-009 0.0091737
-1.21128e-009 0.0024064
-1.19461e-009 -0.00484428
-1.17794e-009 -0.00173685
-1.16128e-009 0.00247545
-1.14461e-009 0.000593729
-1.12794e-009 -0.000994514
-1.11128e-009 0.00124974
-1.09461e-009 0.00333863
-1.07794e-009 0.00423633
-1.06128e-009 0.00480603
-1.04461e-009 0.00304515
-1.02794e-009 6.76951e-006
-1.01128e-009 5.85601e-005
-9.9461e-010 0.00154322
-9.77943e-010 -0.000821879
-9.61276e-010 -0.00560387
-9.4461e-010 -0.00764097
-9.27943e-010 -0.0072957
-9.11276e-010 -0.00726117
-8.9461e-010 -0.00574198
-8.77943e-010 -0.00121894
-8.61276e-010 0.00121522
-8.4461e-010 -0.00292803
-8.27943e-010 -0.00846962
-8.11276e-010 -0.00715759
-7.9461e-010 0.000490148
-7.77943e-010 0.00658417
-7.61276e-010 0.00432265
-7.4461e-010 -0.00631168
-7.27943e-010 -0.0151679
-7.11276e-010 -0.0100924
-6.9461e-010 0.00449528
-6.77943e-010 0.0112453
-6.61276e-010 0.00672228
-6.4461e-010 0.00216471
-6.27943e-010 0.000680047
-6.11276e-010 -0.000131339
-5.9461e-010 0.00416728
-5.77943e-010 0.00951897
-5.61276e-010 0.00257903
-5.4461e-010 -0.00933279
-5.27943e-010 -0.00550029
-5.11276e-010 0.00734376
-4.9461e-010 0.00653238
-4.77943e-010 -0.00351499
-4.61276e-010 -0.0037912
-4.4461e-010 0.00306241
-4.27943e-010 0.00423633
-4.11276e-010 0.00171586
-3.9461e-010 0.00238913
-3.77943e-010 0.00266535
-3.61276e-010 -0.00356678
-3.4461e-010 -0.0109556
-3.27943e-010 -0.00686411
-3.11276e-010 0.00648059
-2.9461e-010 0.00865579
-2.77943e-010 -0.00515502
-2.61276e-010 -0.0122849
-2.4461e-010 -0.00261728
-2.27943e-010 0.00613532
-2.11276e-010 0.00563468
-1.9461e-010 0.00551383
-1.77943e-010 0.00698123
-1.61276e-010 0.00684312
-1.4461e-010 0.00881116
-1.27943e-010 0.0091737
-1.11276e-010 0.00399464
-9.46098e-011 0.00509951
-7.79431e-011 0.0131098
-6.12765e-011 0.00972613
-4.46098e-011 0.000455621
-2.79431e-011 0.00684312
-1.12765e-011 0.0194628
5.39021e-012 0.0244692
2.20569e-011 0.0386943
3.87235e-011 0.0627769
5.53902e-011 0.0702693
7.20569e-011 0.0698895
8.87235e-011 0.0891556
1.0539e-010 0.111391
1.22057e-010 0.118106
1.38724e-010 0.135284
1.5539e-010 0.168395
1.72057e-010 0.182361
1.88724e-010 0.178166
2.0539e-010 0.187972
2.22057e-010 0.204459
2.38724e-010 0.205356
2.5539e-010 0.20104
2.72057e-010 0.199866
2.88724e-010 0.192167
3.0539e-010 0.182051
3.22057e-010 0.17366
3.38724e-010 0.156293
3.5539e-010 0.13922
3.72057e-010 0.138149
3.88724e-010 0.130553
4.0539e-010 0.0996
4.22057e-010 0.0766222
4.38724e-010 0.075362
4.5539e-010 0.0648658
4.72057e-010 0.0434763
4.88724e-010 0.0416118
5.0539e-010 0.0510377
5.22057e-010 0.0443913
5.38724e-010 0.0309257
5.5539e-010 0.0255395
5.72057e-010 0.0206367
5.88724e-010 0.0195318
6.0539e-010 0.0300798
6.22057e-010 0.0329456
6.38724e-010 0.0166143
6.5539e-010 0.00551383
6.72057e-010 0.0125573
6.88724e-010 0.0180989
7.0539e-010 0.0127127
7.22057e-010 0.00710207
7.38724e-010 0.00359758
7.5539e-010 -0.000839143
7.72057e-010 -0.000821879
7.88724e-010 0.00673954
8.0539e-010 0.0151123
8.22057e-010 0.014629
8.38724e-010 0.00206113
8.5539e-010 -0.00860772
8.72057e-010 -0.000303974
8.88724e-010 0.0134205
9.0539e-010 0.00649785
9.22057e-010 -0.00746833
9.38724e-010 0.00133606
9.5539e-010 0.0176673
9.72057e-010 0.0110036
9.88724e-010 -0.00342867
1.00539e-009 0.000196668
1.02206e-009 0.00644606
1.03872e-009 -0.00320424
1.05539e-009 -0.0124748
1.07206e-009 -0.00769276
1.08872e-009 -0.00101178
1.10539e-009 0.000938999
1.12206e-009 0.00504772
1.13872e-009 0.00865579
1.15539e-009 0.00508224
1.17206e-009 0.00100805
1.18872e-009 0.00283799
1.20539e-009 0.00347674
1.22206e-009 -0.00152968
1.23872e-009 -0.00389478
1.25539e-009 0.00069731
1.27206e-009 0.0038738
1.28872e-009 0.00099079
1.30539e-009 0.000265722
1.32206e-009 0.00680859
1.33872e-009 0.0120912
1.35539e-009 0.00869032
1.37206e-009 0.00256177
1.38872e-009 0.00199207
1.40539e-009 0.00487508
1.42206e-009 0.00380474
1.43872e-009 -0.00242739
1.45539e-009 -0.0065361
1.47206e-009 -0.00249644
1.48872e-009 0.00416728
1.50539e-009 0.00404643
1.52206e-009 -0.000407555
1.53872e-009 -0.000252183
1.55539e-009 0.00380474
1.57206e-009 0.0062389
1.58872e-009 0.00629069
1.60539e-009 0.00252724
1.62206e-009 -0.00524134
1.63872e-009 -0.00788266
1.65539e-009 -0.00092546
1.67206e-009 0.0047715
1.68872e-009 0.00325231
1.70539e-009 0.00200934
1.72206e-009 0.00268261
1.73872e-009 0.0011289
1.75539e-009 0.00133606
1.77206e-009 0.00563468
1.78872e-009 0.00794799
1.80539e-009 0.00746461
1.82206e-009 0.00639427
1.83872e-009 0.00169859
1.85539e-009 -0.00242739
1.87206e-009 0.00140511
1.88872e-009 0.00465065
1.90539e-009 0.000887209
1.92206e-009 0.00214745
1.93872e-009 0.00856947
1.95539e-009 0.00499593
1.97206e-009 -0.000942724
1.98872e-009 0.00577278
2.00539e-009 0.0103649
2.02206e-009 0.000576465
2.03872e-009 -0.00707127
2.05539e-009 -0.00615631
2.07206e-009 -0.00641526
2.08872e-009 -0.00275539
2.10539e-009 0.00421907
2.12206e-009 -0.00263455
2.13872e-009 -0.0124748
2.15539e-009 -0.00168505
2.17206e-009 0.010831
2.18872e-009 0.0033041
2.20539e-009 -0.0023756
2.22206e-009 0.00347674
2.23872e-009 -0.000390291
2.25539e-009 -0.00696769
2.27206e-009 6.76951e-006
2.28872e-009 -0.000994514
2.30539e-009 -0.0148226
2.32206e-009 -0.00919468
2.33872e-009 0.00891474
2.35539e-009 0.00641153
2.37206e-009 -0.00058019
2.38872e-009 0.00703302
2.40539e-009 0.00200934
2.42206e-009 -0.0150815
2.43872e-009 -0.00655337
2.45539e-009 0.0122121
2.47206e-009 0.00197481
2.48872e-009 -0.0129581
2.50539e-009 0.000162141
