LECROYSDA18000 15238 Waveform
Segments 1 SegmentSize 302
Segment TrigTime TimeSinceSegment1
#1 01-Jan-2002 01:33:36 0                 
Time Ampl
-2.50454e-009 0.00991603
-2.48787e-009 0.0105202
-2.4712e-009 0.00580731
-2.45454e-009 -9.68116e-005
-2.43787e-009 -0.00556935
-2.4212e-009 -0.00239286
-2.40454e-009 0.00599721
-2.38787e-009 0.00323505
-2.3712e-009 -0.00746833
-2.35454e-009 -0.00684685
-2.33787e-009 0.00347674
-2.3212e-009 0.00687765
-2.30454e-009 0.00442623
-2.28787e-009 0.00634248
-2.2712e-009 0.00622163
-2.25454e-009 -0.00420553
-2.23787e-009 -0.00922921
-2.2212e-009 0.0073265
-2.20454e-009 0.0251252
-2.18787e-009 0.0167006
-2.1712e-009 -0.000390291
-2.15454e-009 0.00323505
-2.13787e-009 0.00929454
-2.1212e-009 -0.00558661
-2.10454e-009 -0.0145464
-2.08787e-009 0.00035204
-2.0712e-009 0.00706755
-2.05454e-009 -0.00266908
-2.03787e-009 0.00211292
-2.0212e-009 0.0113316
-2.00454e-009 -0.0045508
-1.98787e-009 -0.0175502
-1.9712e-009 -0.000856406
-1.95454e-009 0.00891474
-1.93787e-009 -0.0047407
-1.9212e-009 -0.00446448
-1.90454e-009 0.0104339
-1.88787e-009 0.00725745
-1.8712e-009 -0.00177137
-1.85454e-009 0.00268261
-1.83787e-009 -0.000114075
-1.8212e-009 -0.010196
-1.80454e-009 -0.00140884
-1.78787e-009 0.0113662
-1.7712e-009 0.00475424
-1.75454e-009 -0.000459345
-1.73787e-009 0.00520309
-1.7212e-009 0.00162954
-1.70454e-009 -0.00111536
-1.68787e-009 0.010503
-1.6712e-009 0.00756819
-1.65454e-009 -0.0128545
-1.63787e-009 -0.00879762
-1.6212e-009 0.0115043
-1.60454e-009 0.00230282
-1.58787e-009 -0.0190867
-1.5712e-009 -0.0122849
-1.55454e-009 0.00185397
-1.53787e-009 -0.00280718
-1.5212e-009 -0.00572472
-1.50454e-009 0.00162954
-1.48787e-009 0.00118069
-1.4712e-009 0.000144878
-1.45454e-009 0.013714
-1.43787e-009 0.0221213
-1.4212e-009 0.00608353
-1.40454e-009 -0.0142184
-1.38787e-009 -0.0119051
-1.3712e-009 0.0073265
-1.35454e-009 0.0174429
-1.33787e-009 0.00888022
-1.3212e-009 -0.00310066
-1.30454e-009 -0.00669147
-1.28787e-009 -0.00472343
-1.2712e-009 0.00489234
-1.25454e-009 0.020464
-1.23787e-009 0.0186686
-1.2212e-009 -0.00581103
-1.20454e-009 -0.0183443
-1.18787e-009 -0.00643252
-1.1712e-009 -0.000856406
-1.15454e-009 -0.00862499
-1.13787e-009 -0.00591462
-1.1212e-009 0.00333863
-1.10454e-009 0.000887209
-1.08787e-009 -0.00422279
-1.0712e-009 -0.00235833
-1.05454e-009 -0.000666508
-1.03787e-009 0.00347674
-1.0212e-009 0.0107101
-1.00454e-009 0.0047715
-9.87871e-010 -0.00991975
-9.71205e-010 -0.00841783
-9.54538e-010 0.00351126
-9.37871e-010 0.00230282
-9.21205e-010 -0.00598367
-9.04538e-010 -0.00513776
-8.87871e-010 0.000472884
-8.71205e-010 0.00295883
-8.54538e-010 0.000421094
-8.37871e-010 -0.00670874
-8.21205e-010 -0.00715759
-8.04538e-010 0.00504772
-7.87871e-010 0.0110554
-7.71205e-010 0.000731837
-7.54538e-010 -0.00625989
-7.37871e-010 -0.000545663
-7.21205e-010 0.00421907
-7.04538e-010 0.00399464
-6.87871e-010 0.00373569
-6.71205e-010 0.00225103
-6.54538e-010 0.00269988
-6.37871e-010 0.00665322
-6.21205e-010 0.0029243
-6.04538e-010 -0.00662242
-5.87871e-010 -0.00522408
-5.71205e-010 0.0022165
-5.54538e-010 0.00149143
-5.37871e-010 0.00282072
-5.21205e-010 0.0132824
-5.04538e-010 0.0161827
-4.87871e-010 0.00846589
-4.71205e-010 0.00542751
-4.54538e-010 0.00618711
-4.37871e-010 0.00213018
-4.21205e-010 -0.00272087
-4.04538e-010 -0.00553482
-3.87871e-010 -0.00701948
-3.71205e-010 -0.00429185
-3.54538e-010 -0.00228928
-3.37871e-010 -0.00406742
-3.21205e-010 0.00332136
-3.04538e-010 0.0158201
-2.87871e-010 0.00924275
-2.71205e-010 -0.00660516
-2.54538e-010 -0.00234107
-2.37871e-010 0.00787893
-2.21205e-010 0.000576465
-2.04538e-010 -0.00475796
-1.87871e-010 0.00449528
-1.71205e-010 0.00812062
-1.54538e-010 0.00794799
-1.37871e-010 0.0183924
-1.21205e-010 0.0199634
-1.04538e-010 0.00242366
-8.78714e-011 -0.00461985
-7.12048e-011 0.00672228
-5.45381e-011 0.012143
-3.78714e-011 0.0103821
-2.12048e-011 0.0125228
-4.5381e-012 0.0132134
1.21286e-011 0.0184787
2.87952e-011 0.038936
4.54619e-011 0.0557852
6.21286e-011 0.0592897
7.87952e-011 0.0742744
9.54619e-011 0.103916
1.12129e-010 0.127342
1.28795e-010 0.15669
1.45462e-010 0.206375
1.62129e-010 0.244648
1.78795e-010 0.252952
1.95462e-010 0.26167
2.12129e-010 0.282593
2.28795e-010 0.292951
2.45462e-010 0.292606
2.62129e-010 0.295524
2.78795e-010 0.291139
2.95462e-010 0.273495
3.12129e-010 0.260341
3.28795e-010 0.253263
3.45462e-010 0.233703
3.62129e-010 0.204976
3.78795e-010 0.188473
3.95462e-010 0.184968
4.12129e-010 0.17499
4.28795e-010 0.151166
4.45462e-010 0.128171
4.62129e-010 0.11821
4.78795e-010 0.110148
4.95462e-010 0.0887412
5.12129e-010 0.0638645
5.28795e-010 0.0543005
5.45462e-010 0.0543523
5.62129e-010 0.0469463
5.78795e-010 0.0349999
5.95462e-010 0.0313055
6.12129e-010 0.0330664
6.28795e-010 0.0298209
6.45462e-010 0.023347
6.62129e-010 0.0213963
6.78795e-010 0.0211546
6.95462e-010 0.0161309
7.12129e-010 0.0121085
7.28795e-010 0.0163035
7.45462e-010 0.0186859
7.62129e-010 0.00932907
7.78795e-010 2.4033e-005
7.95462e-010 0.00138785
8.12129e-010 0.00299336
8.28795e-010 4.12965e-005
8.45462e-010 0.00382201
8.62129e-010 0.0106929
8.78795e-010 0.00658417
8.95462e-010 0.00142238
9.12129e-010 0.00932907
9.28795e-010 0.0135759
9.45462e-010 0.000455621
9.62129e-010 -0.00676053
9.78795e-010 0.00722292
9.95462e-010 0.0165107
1.01213e-009 0.00361484
1.0288e-009 -0.0080035
1.04546e-009 -0.00220296
1.06213e-009 0.000938999
1.0788e-009 -0.00938458
1.09546e-009 -0.0120604
1.11213e-009 0.00173312
1.1288e-009 0.0111417
1.14546e-009 0.00696397
1.16213e-009 0.00232008
1.1788e-009 -0.000200393
1.19546e-009 -0.00665695
1.21213e-009 -0.0089012
1.2288e-009 -0.00137431
1.24546e-009 0.00418454
1.26213e-009 0.0024064
1.2788e-009 -0.00111536
1.29546e-009 -0.00698495
1.31213e-009 -0.0105412
1.3288e-009 -0.000424818
1.34546e-009 0.0109346
1.36213e-009 0.00347674
1.3788e-009 -0.00767549
1.39546e-009 -0.00313519
1.41213e-009 0.00162954
1.4288e-009 -0.00239286
1.44546e-009 0.0015087
1.46213e-009 0.00893201
1.4788e-009 0.00344221
1.49546e-009 0.000973526
1.51213e-009 0.0126955
1.5288e-009 0.0131788
1.54546e-009 -0.00265181
1.56213e-009 -0.00606999
1.5788e-009 0.00304515
1.59546e-009 0.00245819
1.61213e-009 -0.00114989
1.6288e-009 0.00416728
1.64546e-009 0.00535846
1.66213e-009 -0.00120168
1.6788e-009 -0.000735562
1.69546e-009 0.006049
1.71213e-009 0.00746461
1.7288e-009 0.00332136
1.74546e-009 -0.00177137
1.76213e-009 -0.00284171
1.7788e-009 0.00380474
1.79546e-009 0.00753366
1.81213e-009 -0.00166779
1.8288e-009 -0.0100061
1.84546e-009 -0.0054485
1.86213e-009 0.000421094
1.8788e-009 0.000956263
1.89546e-009 0.00380474
1.91213e-009 0.00660143
1.9288e-009 0.00356305
1.94546e-009 0.00157775
1.96213e-009 0.00427086
1.9788e-009 0.0062389
1.99546e-009 0.00563468
2.01213e-009 0.00225103
2.0288e-009 -0.00101178
2.04546e-009 0.00444349
2.06213e-009 0.0123674
2.0788e-009 0.00718839
2.09546e-009 -0.000752825
2.11213e-009 0.00480603
2.1288e-009 0.0100023
2.14546e-009 0.00579005
2.16213e-009 0.00603174
2.1788e-009 0.00230282
2.19546e-009 -0.0174466
2.21213e-009 -0.0203297
2.2288e-009 0.00919096
2.24546e-009 0.02295
2.26213e-009 0.00176765
2.2788e-009 -0.00959174
2.29546e-009 0.000783628
2.31213e-009 0.00100805
2.3288e-009 -0.006726
2.34546e-009 -0.00339414
2.36213e-009 4.12965e-005
2.3788e-009 -0.00268634
2.39546e-009 -0.00158147
2.41213e-009 -0.00335962
2.4288e-009 -0.0116461
2.44546e-009 -0.0110591
2.46213e-009 -0.00453353
2.4788e-009 -0.00482701
2.49546e-009 -0.000908197
2.51213e-009 0.00970886
