LECROYSDA18000 15238 Waveform
Segments 1 SegmentSize 302
Segment TrigTime TimeSinceSegment1
#1 01-Jan-2002 01:33:00 0                 
Time Ampl
-2.51454e-009 0.00314873
-2.49787e-009 -0.000183129
-2.4812e-009 -0.00917742
-2.46454e-009 -0.00411921
-2.44787e-009 0.00962255
-2.4312e-009 0.00280346
-2.41454e-009 -0.0183789
-2.39787e-009 -0.0192248
-2.3812e-009 0.00245819
-2.36454e-009 0.0143355
-2.34787e-009 0.00194028
-2.3312e-009 -0.0125265
-2.31454e-009 -0.00712306
-2.29787e-009 0.00668775
-2.2812e-009 0.00665322
-2.26454e-009 -0.00197853
-2.24787e-009 -0.0025137
-2.2312e-009 0.000196668
-2.21454e-009 -0.00156421
-2.19787e-009 0.000921736
-2.1812e-009 0.00739555
-2.16454e-009 0.0053412
-2.14787e-009 -0.000528399
-2.1312e-009 0.000956263
-2.11454e-009 0.00356305
-2.09787e-009 0.00433991
-2.0812e-009 0.0101922
-2.06454e-009 0.012143
-2.04787e-009 0.00102532
-2.0312e-009 -0.00586283
-2.01454e-009 0.0027862
-1.99787e-009 0.00984697
-1.9812e-009 0.00608353
-1.96454e-009 0.0013188
-1.94787e-009 -0.000718298
-1.9312e-009 0.000904472
-1.91454e-009 0.00765451
-1.89787e-009 0.00637701
-1.8812e-009 -0.00734749
-1.86454e-009 -0.00922921
-1.84787e-009 0.00584184
-1.8312e-009 0.00767177
-1.81454e-009 -0.00612178
-1.79787e-009 -0.00565566
-1.7812e-009 0.00670501
-1.76454e-009 0.00706755
-1.74787e-009 0.00252724
-1.7312e-009 0.00613532
-1.71454e-009 0.00527214
-1.69787e-009 -0.00434364
-1.6812e-009 -0.00720938
-1.66454e-009 -0.000269447
-1.64787e-009 0.00641153
-1.6312e-009 0.00668775
-1.61454e-009 -0.00189222
-1.59787e-009 -0.00962627
-1.5812e-009 -0.00128799
-1.56454e-009 0.00972613
-1.54787e-009 0.000904472
-1.5312e-009 -0.0087631
-1.51454e-009 0.00563468
-1.49787e-009 0.0207057
-1.4812e-009 0.013127
-1.46454e-009 0.00321778
-1.44787e-009 0.00261356
-1.4312e-009 -0.00354951
-1.41454e-009 -0.00745107
-1.39787e-009 0.0058591
-1.3812e-009 0.0141283
-1.36454e-009 0.000162141
-1.34787e-009 -0.0111455
-1.3312e-009 -0.00491333
-1.31454e-009 -0.000735562
-1.29787e-009 -0.00584556
-1.2812e-009 -0.006726
-1.26454e-009 -0.00222022
-1.24787e-009 0.000334776
-1.2312e-009 0.00235461
-1.21454e-009 0.00485782
-1.19787e-009 0.00487508
-1.1812e-009 0.00326957
-1.16454e-009 0.00230282
-1.14787e-009 0.00408096
-1.1312e-009 0.00851768
-1.11454e-009 0.00696397
-1.09787e-009 -0.00377394
-1.0812e-009 -0.00776181
-1.06454e-009 0.0018367
-1.04787e-009 0.00641153
-1.0312e-009 -0.00156421
-1.01454e-009 -0.00676053
-9.97871e-010 -0.00591462
-9.81205e-010 -0.00629441
-9.64538e-010 -0.00144337
-9.47871e-010 0.00907011
-9.31205e-010 0.00965707
-9.14538e-010 0.00235461
-8.97871e-010 0.00287251
-8.81205e-010 0.00473697
-8.64538e-010 -0.00266908
-8.47871e-010 -0.00682958
-8.31205e-010 -0.000269447
-8.14538e-010 0.00539299
-7.97871e-010 0.00622163
-7.81205e-010 0.00482329
-7.64538e-010 -0.00135705
-7.47871e-010 -0.00334235
-7.31205e-010 0.0075164
-7.14538e-010 0.012402
-6.97871e-010 0.000127614
-6.81205e-010 -0.00458533
-6.64538e-010 0.00651511
-6.47871e-010 0.00734376
-6.31205e-010 -0.0030834
-6.14538e-010 -0.00101178
-5.97871e-010 0.00682586
-5.81205e-010 0.00288978
-5.64538e-010 -0.00130526
-5.47871e-010 0.00254451
-5.31205e-010 0.00209565
-5.14538e-010 -0.00165053
-4.97871e-010 -0.000752825
-4.81205e-010 -0.00230654
-4.64538e-010 -0.00348046
-4.47871e-010 0.00686038
-4.31205e-010 0.0124365
-4.14538e-010 -0.00144337
-3.97871e-010 -0.00990249
-3.81205e-010 0.0025963
-3.64538e-010 0.0113316
-3.47871e-010 0.00397738
-3.31205e-010 -0.00429185
-3.14538e-010 -0.00796897
-2.97871e-010 -0.0050687
-2.81205e-010 0.00993329
-2.64538e-010 0.0176673
-2.47871e-010 0.000628256
-2.31205e-010 -0.0132861
-2.14538e-010 -0.0027036
-1.97871e-010 0.00503045
-1.81205e-010 -0.00220296
-1.64538e-010 0.00105984
-1.47871e-010 0.0119704
-1.31205e-010 0.006049
-1.14538e-010 -0.00260002
-9.78714e-011 0.00793072
-8.12048e-011 0.019739
-6.45381e-011 0.0134896
-4.78714e-011 -0.00139158
-3.12048e-011 -0.0110764
-1.45381e-011 -0.00553482
2.12856e-012 0.0151814
1.87952e-011 0.0262818
3.54619e-011 0.0189448
5.21286e-011 0.0307531
6.87952e-011 0.0770538
8.54619e-011 0.116415
1.02129e-010 0.135128
1.18795e-010 0.173522
1.35462e-010 0.240142
1.52129e-010 0.299563
1.68795e-010 0.345795
1.85462e-010 0.399674
2.02129e-010 0.456799
2.18795e-010 0.501339
2.35462e-010 0.537351
2.52129e-010 0.573121
2.68795e-010 0.604972
2.85462e-010 0.624325
3.02129e-010 0.625101
3.18795e-010 0.611032
3.35462e-010 0.592439
3.52129e-010 0.570411
3.68795e-010 0.541011
3.85462e-010 0.508883
4.02129e-010 0.474995
4.18795e-010 0.432406
4.35462e-010 0.387918
4.52129e-010 0.354392
4.68795e-010 0.325148
4.85462e-010 0.290621
5.02129e-010 0.257699
5.18795e-010 0.227246
5.35462e-010 0.190872
5.52129e-010 0.156621
5.68795e-010 0.136855
5.85462e-010 0.1242
6.02129e-010 0.11001
6.18795e-010 0.097045
6.35462e-010 0.0834759
6.52129e-010 0.0686638
6.68795e-010 0.0615167
6.85462e-010 0.0577014
7.02129e-010 0.044046
7.18795e-010 0.0313055
7.35462e-010 0.0348963
7.52129e-010 0.0397646
7.68795e-010 0.0319097
7.85462e-010 0.0270069
8.02129e-010 0.0320996
8.18795e-010 0.0292857
8.35462e-010 0.0156648
8.52129e-010 0.00843136
8.68795e-010 0.0102268
8.85462e-010 0.0110209
9.02129e-010 0.0101232
9.18795e-010 0.00995055
9.35462e-010 0.00944991
9.52129e-010 0.0129889
9.68795e-010 0.0228119
9.85462e-010 0.0273176
1.00213e-009 0.0189621
1.0188e-009 0.011487
1.03546e-009 0.0178572
1.05213e-009 0.0258848
1.0688e-009 0.0187549
1.08546e-009 0.00537572
1.10213e-009 0.00382201
1.1188e-009 0.00967434
1.13546e-009 0.00955349
1.15213e-009 0.00684312
1.1688e-009 0.00653238
1.18546e-009 0.00252724
1.20213e-009 -0.00101178
1.2188e-009 0.00691218
1.23546e-009 0.0144391
1.25213e-009 0.00563468
1.2688e-009 -0.00356678
1.28546e-009 0.00499593
1.30213e-009 0.0155612
1.3188e-009 0.0106756
1.33546e-009 -1.0494e-005
1.35213e-009 -0.00496512
1.3688e-009 -0.00411921
1.38546e-009 0.00333863
1.40213e-009 0.0119359
1.4188e-009 0.00986424
1.43546e-009 0.0018367
1.45213e-009 0.00195755
1.4688e-009 0.00710207
1.48546e-009 0.00727471
1.50213e-009 0.00370116
1.5188e-009 -0.000770089
1.53546e-009 -0.00318698
1.55213e-009 0.00337315
1.5688e-009 0.0118841
1.58546e-009 0.00635974
1.60213e-009 -0.00439543
1.6188e-009 -0.000942724
1.63546e-009 0.0078962
1.65213e-009 0.00755093
1.6688e-009 0.00715386
1.68546e-009 0.00927728
1.70213e-009 0.00105984
1.7188e-009 -0.00774455
1.73546e-009 0.000455621
1.75213e-009 0.00888022
1.7688e-009 -0.000442082
1.78546e-009 -0.00836604
1.80213e-009 -0.00120168
1.8188e-009 0.00409822
1.83546e-009 0.00287251
1.85213e-009 0.00572099
1.8688e-009 0.00389106
1.88546e-009 -0.00724391
1.90213e-009 -0.00449901
1.9188e-009 0.0139212
1.93546e-009 0.0140938
1.95213e-009 -0.00764097
1.9688e-009 -0.0159965
1.98546e-009 -0.00373941
2.00213e-009 0.00482329
2.0188e-009 0.00570373
2.03546e-009 0.00863853
2.05213e-009 0.00703302
2.0688e-009 -0.000355764
2.08546e-009 0.00347674
2.10213e-009 0.0188067
2.1188e-009 0.0231399
2.13546e-009 0.0105375
2.15213e-009 -0.000614717
2.1688e-009 0.000783628
2.18546e-009 0.00684312
2.20213e-009 0.00758545
2.2188e-009 0.00427086
2.23546e-009 0.00503045
2.25213e-009 0.0109864
2.2688e-009 0.0136104
2.28546e-009 0.00960528
2.30213e-009 0.00658417
2.3188e-009 0.00856947
2.33546e-009 0.0101577
2.35213e-009 0.00749913
2.3688e-009 0.0025963
2.38546e-009 -0.00132252
2.40213e-009 -0.00140884
2.4188e-009 0.00344221
2.43546e-009 0.0108137
2.45213e-009 0.0153713
2.4688e-009 0.00993329
2.48546e-009 -0.0037912
2.50213e-009 -0.00731296
