LECROYSDA18000 15238 Waveform
Segments 1 SegmentSize 302
Segment TrigTime TimeSinceSegment1
#1 01-Jan-2002 01:33:04 0                 
Time Ampl
-2.50844e-009 -0.00753739
-2.49178e-009 -0.00260002
-2.47511e-009 0.00404643
-2.45844e-009 0.00665322
-2.44178e-009 0.00249272
-2.42511e-009 -0.00717485
-2.40844e-009 -0.0105585
-2.39178e-009 -0.00434364
-2.37511e-009 2.4033e-005
-2.35844e-009 0.00233734
-2.34178e-009 0.00948444
-2.32511e-009 0.00855221
-2.30844e-009 -0.00807256
-2.29178e-009 -0.0142184
-2.27511e-009 0.00287251
-2.25844e-009 0.0101232
-2.24178e-009 -0.00891847
-2.22511e-009 -0.0188277
-2.20844e-009 -0.000821879
-2.19178e-009 0.0129026
-2.17511e-009 0.00599721
-2.15844e-009 0.00402917
-2.14178e-009 0.0129544
-2.12511e-009 0.00820694
-2.10844e-009 -0.0054485
-2.09178e-009 0.000300249
-2.07511e-009 0.0158029
-2.05844e-009 0.0116596
-2.04178e-009 -0.000183129
-2.02511e-009 0.00584184
-2.00844e-009 0.0132479
-1.99178e-009 0.00175038
-1.97511e-009 -0.00613904
-1.95844e-009 0.00611805
-1.94178e-009 0.0124365
-1.92511e-009 -0.000528399
-1.90844e-009 -0.00807256
-1.89178e-009 -0.00206485
-1.87511e-009 -0.00146063
-1.85844e-009 -0.00570745
-1.84178e-009 -0.000683771
-1.82511e-009 0.00553109
-1.80844e-009 0.00187123
-1.79178e-009 -0.00297982
-1.77511e-009 -0.00341141
-1.75844e-009 -0.00313519
-1.74178e-009 0.000869945
-1.72511e-009 0.00539299
-1.70844e-009 -0.00120168
-1.69178e-009 -0.00850414
-1.67511e-009 0.00159501
-1.65844e-009 0.0125746
-1.64178e-009 0.00306241
-1.62511e-009 -0.00745107
-1.60844e-009 0.00116342
-1.59178e-009 0.00974339
-1.57511e-009 0.00275167
-1.55844e-009 -0.00456806
-1.54178e-009 -0.00258276
-1.52511e-009 0.00185397
-1.50844e-009 0.0069467
-1.49178e-009 0.00863853
-1.47511e-009 -0.0012362
-1.45844e-009 -0.010524
-1.44178e-009 -0.00197853
-1.42511e-009 0.0108655
-1.40844e-009 0.00829326
-1.39178e-009 0.00228555
-1.37511e-009 0.00780988
-1.35844e-009 0.011159
-1.34178e-009 0.00105984
-1.32511e-009 -0.00553482
-1.30844e-009 0.00456434
-1.29178e-009 0.0142492
-1.27511e-009 0.00478876
-1.25844e-009 -0.0105067
-1.24178e-009 -0.00758918
-1.22511e-009 0.00673954
-1.20844e-009 0.00749913
-1.19178e-009 -0.00227201
-1.17511e-009 -0.00023492
-1.15844e-009 0.0104512
-1.14178e-009 0.010831
-1.12511e-009 0.0043917
-1.10844e-009 0.00299336
-1.09178e-009 0.00119795
-1.07511e-009 -0.00330783
-1.05844e-009 0.00035204
-1.04178e-009 0.0095017
-1.02511e-009 0.0100369
-1.00844e-009 0.00389106
-9.91778e-010 0.000766364
-9.75112e-010 -2.77575e-005
-9.58445e-010 0.00194028
-9.41778e-010 0.00877663
-9.25112e-010 0.00926001
-9.08445e-010 -0.00387752
-8.91778e-010 -0.0141666
-8.75112e-010 -0.00853867
-8.58445e-010 0.000610993
-8.41778e-010 0.00149143
-8.25112e-010 0.00140511
-8.08445e-010 0.00677407
-7.91778e-010 0.0111763
-7.75112e-010 0.0087939
-7.58445e-010 0.00413275
-7.41778e-010 0.00508224
-7.25112e-010 0.0100369
-7.08445e-010 0.00774082
-6.91778e-010 -0.00315245
-6.75112e-010 -0.00808982
-6.58445e-010 -0.00220296
-6.41778e-010 0.0018367
-6.25112e-010 0.000714574
-6.08445e-010 0.00299336
-5.91778e-010 0.00482329
-5.75112e-010 0.000144878
-5.58445e-010 -0.000114075
-5.41778e-010 0.00620437
-5.25112e-010 0.00102532
-5.08445e-010 -0.0132689
-4.91778e-010 -0.0108002
-4.75112e-010 0.00630795
-4.58445e-010 0.010244
-4.41778e-010 -0.000597454
-4.25112e-010 -0.00650158
-4.08445e-010 -0.00510323
-3.91778e-010 -0.00349772
-3.75112e-010 -0.00118441
-3.58445e-010 -0.00092546
-3.41778e-010 -0.0045508
-3.25112e-010 -0.00349772
-3.08445e-010 0.00232008
-2.91778e-010 0.0040637
-2.75112e-010 0.00765451
-2.58445e-010 0.0158719
-2.41778e-010 0.0105202
-2.25112e-010 -0.00479249
-2.08445e-010 0.00162954
-1.91778e-010 0.0219142
-1.75112e-010 0.0158029
-1.58445e-010 -0.00715759
-1.41778e-010 -0.00705401
-1.25112e-010 0.00718839
-1.08445e-010 0.00798251
-9.17782e-011 0.00705028
-7.51116e-011 0.0139039
-5.84449e-011 0.00938086
-4.17782e-011 -0.0025137
-2.51116e-011 0.00382201
-8.44491e-012 0.020723
8.22175e-012 0.0249871
2.48884e-011 0.0237441
4.15551e-011 0.0341022
5.82218e-011 0.0563721
7.48884e-011 0.0856683
9.15551e-011 0.113255
1.08222e-010 0.126928
1.24888e-010 0.133264
1.41555e-010 0.151011
1.58222e-010 0.178149
1.74888e-010 0.197018
1.91555e-010 0.201921
2.08222e-010 0.201696
2.24888e-010 0.207428
2.41555e-010 0.218563
2.58222e-010 0.21953
2.74888e-010 0.205805
2.91555e-010 0.194066
3.08222e-010 0.187886
3.24888e-010 0.175093
3.41555e-010 0.163095
3.58222e-010 0.159401
3.74888e-010 0.143777
3.91555e-010 0.116587
4.08222e-010 0.110131
4.24888e-010 0.115897
4.41555e-010 0.0966134
4.58222e-010 0.0694061
4.74888e-010 0.0675762
4.91555e-010 0.0665231
5.08222e-010 0.0444603
5.24888e-010 0.0304423
5.41555e-010 0.0315127
5.58222e-010 0.0214135
5.74888e-010 0.0103304
5.91555e-010 0.0193246
6.08222e-010 0.0263682
6.24888e-010 0.0170976
6.41555e-010 0.0130062
6.58222e-010 0.0168732
6.74888e-010 0.0145254
6.91555e-010 0.0134723
7.08222e-010 0.0149224
7.24888e-010 0.00423633
7.41555e-010 -0.00569019
7.58222e-010 0.00306241
7.74888e-010 0.00953623
7.91555e-010 -0.000338501
8.08222e-010 -0.00342867
8.24888e-010 0.00677407
8.41555e-010 0.0110899
8.58222e-010 0.00939812
8.74888e-010 0.008604
8.91555e-010 0.0024064
9.08222e-010 -0.00130526
9.24888e-010 0.0101922
9.41555e-010 0.0189276
9.58222e-010 0.00743008
9.74888e-010 -0.00741654
9.91555e-010 -0.0100579
1.00822e-009 -0.006726
1.02489e-009 -0.000839143
1.04156e-009 0.00584184
1.05822e-009 0.00447802
1.07489e-009 -0.00241012
1.09156e-009 -0.00329056
1.10822e-009 0.000938999
1.12489e-009 0.00409822
1.14156e-009 0.00402917
1.15822e-009 -0.0028935
1.17489e-009 -0.0107484
1.19156e-009 -0.00508597
1.20822e-009 0.00737829
1.22489e-009 0.00680859
1.24156e-009 -0.00372215
1.25822e-009 -0.00926374
1.27489e-009 -0.00767549
1.29156e-009 -6.22846e-005
1.30822e-009 0.00744734
1.32489e-009 0.000938999
1.34156e-009 -0.00969533
1.35822e-009 0.000127614
1.37489e-009 0.0163898
1.39156e-009 0.0103821
1.40822e-009 -0.0018059
1.42489e-009 0.00271714
1.44156e-009 0.00760272
1.45822e-009 0.00287251
1.47489e-009 0.00320052
1.49156e-009 0.0043917
1.50822e-009 -0.00152968
1.52489e-009 0.00268261
1.54156e-009 0.0157338
1.55822e-009 0.0116942
1.57489e-009 -0.000597454
1.59156e-009 0.00444349
1.60822e-009 0.0129544
1.62489e-009 0.00832778
1.64156e-009 0.00594542
1.65822e-009 0.00775809
1.67489e-009 -0.000442082
1.69156e-009 -0.00651884
1.70822e-009 0.000852682
1.72489e-009 0.00378748
1.74156e-009 -0.00177137
1.75822e-009 -0.000890933
1.77489e-009 -0.000200393
1.79156e-009 -0.00555208
1.80822e-009 -0.000338501
1.82489e-009 0.00938086
1.84156e-009 0.00100805
1.85822e-009 -0.00884941
1.87489e-009 0.00104258
1.89156e-009 0.00746461
1.90822e-009 -0.000614717
1.92489e-009 0.0040119
1.94156e-009 0.0169078
1.95822e-009 0.00736103
1.97489e-009 -0.00969533
1.99156e-009 -0.00470617
2.00822e-009 0.00592816
2.02489e-009 0.00444349
2.04156e-009 0.00525488
2.05822e-009 0.00798251
2.07489e-009 -0.0012362
2.09156e-009 -0.00667421
2.10822e-009 0.00461613
2.12489e-009 0.00889748
2.14156e-009 -0.00341141
2.15822e-009 -0.0062081
2.17489e-009 0.00635974
2.19156e-009 0.0103649
2.20822e-009 0.00130153
2.22489e-009 -0.00413647
2.24156e-009 -0.000752825
2.25822e-009 0.00554836
2.27489e-009 0.00903559
2.29156e-009 0.00421907
2.30822e-009 -0.00475796
2.32489e-009 -0.00465438
2.34156e-009 0.00301062
2.35822e-009 0.00261356
2.37489e-009 -0.00537945
2.39156e-009 -0.00512049
2.40822e-009 0.0040637
2.42489e-009 0.00724018
2.44156e-009 0.00149143
2.45822e-009 -0.00256549
2.47489e-009 -0.00299708
2.49156e-009 -0.00546576
2.50822e-009 -0.00453353
