LECROYSDA18000 15238 Waveform
Segments 1 SegmentSize 302
Segment TrigTime TimeSinceSegment1
#1 01-Jan-2002 01:32:50 0                 
Time Ampl
-2.51239e-009 -0.00311793
-2.49572e-009 0.00433991
-2.47905e-009 0.00440897
-2.46239e-009 -0.000614717
-2.44572e-009 -0.000614717
-2.42905e-009 -0.00349772
-2.41239e-009 -0.00453353
-2.39572e-009 0.00834505
-2.37905e-009 0.0151814
-2.36239e-009 0.0014569
-2.34572e-009 -0.00619083
-2.32905e-009 0.00216471
-2.31239e-009 0.00199207
-2.29572e-009 -0.00515502
-2.27905e-009 -0.000476609
-2.26239e-009 0.00463339
-2.24572e-009 -0.000493872
-2.22905e-009 -0.0023238
-2.21239e-009 -0.00189222
-2.19572e-009 -0.00817614
-2.17905e-009 -0.00831424
-2.16239e-009 -0.000355764
-2.14572e-009 -0.00239286
-2.12905e-009 -0.00720938
-2.11239e-009 0.00069731
-2.09572e-009 0.0049614
-2.07905e-009 -0.00313519
-2.06239e-009 -0.00306614
-2.04572e-009 0.00516856
-2.02905e-009 0.00356305
-2.01239e-009 -0.000321237
-1.99572e-009 0.00218197
-1.97905e-009 -0.00185769
-1.96239e-009 -0.0089012
-1.94572e-009 -0.00227201
-1.92905e-009 0.00805157
-1.91239e-009 0.00760272
-1.89572e-009 0.00503045
-1.87905e-009 0.00480603
-1.86239e-009 0.00187123
-1.84572e-009 0.00130153
-1.82905e-009 0.00214745
-1.81239e-009 -0.00482701
-1.79572e-009 -0.00997154
-1.77905e-009 -0.0037912
-1.76239e-009 -0.000562926
-1.74572e-009 -0.00323877
-1.72905e-009 0.00157775
-1.71239e-009 0.00385653
-1.69572e-009 -0.00619083
-1.67905e-009 -0.00570745
-1.66239e-009 0.00867305
-1.64572e-009 0.00541025
-1.62905e-009 -0.0122676
-1.61239e-009 -0.0116806
-1.59572e-009 -0.00111536
-1.57905e-009 -0.00460259
-1.56239e-009 -0.00802076
-1.54572e-009 0.00197481
-1.52905e-009 0.00869032
-1.51239e-009 0.0054793
-1.49572e-009 0.000852682
-1.47905e-009 -0.00643252
-1.46239e-009 -0.0116461
-1.44572e-009 -0.00479249
-1.42905e-009 -4.5021e-005
-1.41239e-009 -0.0100751
-1.39572e-009 -0.0139249
-1.37905e-009 0.000231195
-1.36239e-009 0.00948444
-1.34572e-009 0.00288978
-1.32905e-009 -0.00425732
-1.31239e-009 -0.00562114
-1.29572e-009 -0.00358404
-1.27905e-009 0.00471971
-1.26239e-009 0.0126955
-1.24572e-009 0.00907011
-1.22905e-009 0.00102532
-1.21239e-009 0.000766364
-1.19572e-009 0.00539299
-1.17905e-009 0.00888022
-1.16239e-009 0.00908738
-1.14572e-009 0.00363211
-1.12905e-009 -0.00260002
-1.11239e-009 -0.00306614
-1.09572e-009 -0.00430911
-1.07905e-009 -0.0104204
-1.06239e-009 -0.0105067
-1.04572e-009 -0.00325603
-1.02905e-009 -0.00118441
-1.01239e-009 -0.00434364
-9.95721e-010 -0.00574198
-9.79054e-010 -0.00850414
-9.62388e-010 -0.0100061
-9.45721e-010 -0.00166779
-9.29054e-010 0.00686038
-9.12388e-010 0.00408096
-8.95721e-010 0.00064552
-8.79054e-010 0.00252724
-8.62388e-010 -0.000959987
-8.45721e-010 -0.00569019
-8.29054e-010 -0.000959987
-8.12388e-010 0.000179405
-7.95721e-010 -0.00905658
-7.79054e-010 -0.00722664
-7.62388e-010 0.00825873
-7.45721e-010 0.0112453
-7.29054e-010 0.00137059
-7.12388e-010 0.000921736
-6.95721e-010 0.00603174
-6.79054e-010 0.00223376
-6.62388e-010 -0.00182316
-6.45721e-010 0.000731837
-6.29054e-010 0.000300249
-6.12388e-010 -0.00196127
-5.95721e-010 0.00178491
-5.79054e-010 0.00411549
-5.62388e-010 0.00035204
-5.45721e-010 -9.68116e-005
-5.29054e-010 0.00288978
-5.12388e-010 0.0015087
-4.95721e-010 -7.95481e-005
-4.79054e-010 0.000317513
-4.62388e-010 -0.00558661
-4.45721e-010 -0.0136141
-4.29054e-010 -0.0117497
-4.12388e-010 -0.00569019
-3.95721e-010 -0.00424006
-3.79054e-010 -0.00301435
-3.62388e-010 -0.00349772
-3.45721e-010 -0.00921195
-3.29054e-010 -0.00593188
-3.12388e-010 0.00825873
-2.95721e-010 0.0067568
-2.79054e-010 -0.0113526
-2.62388e-010 -0.0120432
-2.45721e-010 0.00523761
-2.29054e-010 0.00932907
-2.12388e-010 0.00313147
-1.95721e-010 0.00592816
-1.79054e-010 0.0056692
-1.62388e-010 -0.00291076
-1.45721e-010 0.00235461
-1.29054e-010 0.015682
-1.12388e-010 0.0106584
-9.57209e-011 0.000766364
-7.90542e-011 0.00672228
-6.23876e-011 0.00808609
-4.57209e-011 -0.00341141
-2.90542e-011 0.000835418
-1.23876e-011 0.0209992
4.2791e-012 0.0312365
2.09458e-011 0.0394366
3.76124e-011 0.0577878
5.42791e-011 0.0657635
7.09458e-011 0.0647449
8.76124e-011 0.0857201
1.04279e-010 0.119125
1.20946e-010 0.131572
1.37612e-010 0.13266
1.54279e-010 0.143743
1.70946e-010 0.155344
1.87612e-010 0.163613
2.04279e-010 0.176595
2.20946e-010 0.181515
2.37612e-010 0.172901
2.54279e-010 0.171658
2.70946e-010 0.175145
2.87612e-010 0.161576
3.04279e-010 0.146142
3.20946e-010 0.148956
3.37612e-010 0.145297
3.54279e-010 0.118901
3.70946e-010 0.0976147
3.87612e-010 0.092919
4.04279e-010 0.0829925
4.20946e-010 0.0652801
4.37612e-010 0.0555262
4.54279e-010 0.0513485
4.70946e-010 0.0435454
4.87612e-010 0.0348791
5.04279e-010 0.0295101
5.20946e-010 0.0276284
5.37612e-010 0.0269896
5.54279e-010 0.0236405
5.70946e-010 0.0211373
5.87612e-010 0.0239513
6.04279e-010 0.0218969
6.20946e-010 0.0108655
6.37612e-010 0.00739555
6.54279e-010 0.0131961
6.70946e-010 0.010503
6.87612e-010 0.00408096
7.04279e-010 0.00888022
7.20946e-010 0.0129544
7.37612e-010 0.00791346
7.54279e-010 0.00913917
7.70946e-010 0.0123157
7.87612e-010 -0.0010463
8.04279e-010 -0.0142874
8.20946e-010 -0.00543124
8.37612e-010 0.00739555
8.54279e-010 0.00603174
8.70946e-010 0.00244093
8.87612e-010 0.00361484
9.04279e-010 0.00470245
9.20946e-010 0.00829326
9.37612e-010 0.0103994
9.54279e-010 0.00264809
9.70946e-010 -0.0039811
9.87612e-010 -0.000804616
1.00428e-009 0.000265722
1.02095e-009 -0.000770089
1.03761e-009 0.00680859
1.05428e-009 0.0117805
1.07095e-009 0.00630795
1.08761e-009 0.00705028
1.10428e-009 0.011418
1.12095e-009 0.000282986
1.13761e-009 -0.00967806
1.15428e-009 0.00325231
1.17095e-009 0.0141801
1.18761e-009 0.00326957
1.20428e-009 -0.00413647
1.22095e-009 0.0031142
1.23761e-009 0.00290704
1.25428e-009 -0.00415374
1.27095e-009 0.0024064
1.28761e-009 0.0140765
1.30428e-009 0.00870758
1.32095e-009 -0.00789992
1.33761e-009 -0.0135624
1.35428e-009 -0.00415374
1.37095e-009 0.00250998
1.38761e-009 -0.00487881
1.40428e-009 -0.0101269
1.42095e-009 0.00266535
1.43761e-009 0.0159755
1.45428e-009 0.00844863
1.47095e-009 -0.00720938
1.48761e-009 -0.0109728
1.50428e-009 -0.00468891
1.52095e-009 0.00375295
1.53761e-009 0.00758545
1.55428e-009 -0.00028671
1.57095e-009 -0.00902205
1.58761e-009 -0.00222022
1.60428e-009 0.00730924
1.62095e-009 0.00256177
1.63761e-009 -0.00297982
1.65428e-009 0.000455621
1.67095e-009 -0.000183129
1.68761e-009 -0.00278992
1.70428e-009 0.00435718
1.72095e-009 0.00865579
1.73761e-009 0.000576465
1.75428e-009 -0.00411921
1.77095e-009 -0.00163326
1.78761e-009 -0.00121894
1.80428e-009 0.00563468
1.82095e-009 0.0185823
1.83761e-009 0.0143182
1.85428e-009 -0.00144337
1.87095e-009 0.000731837
1.88761e-009 0.0105548
1.90428e-009 0.00195755
1.92095e-009 -0.00869404
1.93761e-009 -0.00175411
1.95428e-009 0.00433991
1.97095e-009 -0.00185769
1.98761e-009 -0.00556935
2.00428e-009 -0.00408468
2.02095e-009 -0.0034632
2.03761e-009 0.00301062
2.05428e-009 0.0121603
2.07095e-009 0.00808609
2.08761e-009 -0.00320424
2.10428e-009 -0.00323877
2.12095e-009 0.00447802
2.13761e-009 0.00715386
2.15428e-009 0.0042018
2.17095e-009 -0.00175411
2.18761e-009 -0.00667421
2.20428e-009 -0.00228928
2.22095e-009 0.00658417
2.23761e-009 0.00516856
2.25428e-009 -0.00241012
2.27095e-009 -0.000476609
2.28761e-009 0.00855221
2.30428e-009 0.0132651
2.32095e-009 0.01273
2.33761e-009 0.00656691
2.35428e-009 -0.00657063
2.37095e-009 -0.0142011
2.38761e-009 -0.00524134
2.40428e-009 0.0062389
2.42095e-009 0.00250998
2.43761e-009 -0.00734749
2.45428e-009 -0.00430911
2.47095e-009 0.00863853
2.48761e-009 0.013386
2.50428e-009 0.0051513
