LECROYSDA18000 15238 Waveform
Segments 1 SegmentSize 302
Segment TrigTime TimeSinceSegment1
#1 01-Jan-2002 01:30:06 0                 
Time Ampl
-2.51594e-009 -0.00491333
-2.49927e-009 -0.0148053
-2.4826e-009 -0.0071058
-2.46594e-009 0.00611805
-2.44927e-009 0.00287251
-2.4326e-009 -0.00822793
-2.41594e-009 -0.00403289
-2.39927e-009 0.00951897
-2.3826e-009 0.0120394
-2.36594e-009 0.00653238
-2.34927e-009 0.00351126
-2.3326e-009 -0.00266908
-2.31594e-009 -0.0117324
-2.29927e-009 -0.00972985
-2.2826e-009 0.000524675
-2.26594e-009 0.000904472
-2.24927e-009 -0.00850414
-2.2326e-009 -0.0120604
-2.21594e-009 -0.0047407
-2.19927e-009 0.00603174
-2.1826e-009 0.00951897
-2.16594e-009 -0.000787352
-2.14927e-009 -0.0139249
-2.1326e-009 -0.011508
-2.11594e-009 0.000680047
-2.09927e-009 0.00230282
-2.0826e-009 -0.00339414
-2.06594e-009 -0.00087367
-2.04927e-009 0.00383927
-2.0326e-009 0.000731837
-2.01594e-009 -0.000355764
-1.99927e-009 0.00468518
-1.9826e-009 0.00244093
-1.96594e-009 -0.00581103
-1.94927e-009 -0.00386026
-1.9326e-009 0.00432265
-1.91594e-009 0.00325231
-1.89927e-009 -0.00163326
-1.8826e-009 0.00156049
-1.86594e-009 0.00706755
-1.84927e-009 0.00670501
-1.8326e-009 0.00199207
-1.81594e-009 -0.00522408
-1.79927e-009 -0.00869404
-1.7826e-009 7.58236e-005
-1.76594e-009 0.00796525
-1.74927e-009 -0.00498239
-1.7326e-009 -0.0230055
-1.71594e-009 -0.0177574
-1.69927e-009 -0.00127073
-1.6826e-009 -0.000476609
-1.66594e-009 -0.00855593
-1.64927e-009 -0.00960901
-1.6326e-009 -0.00864225
-1.61594e-009 -0.00726117
-1.59927e-009 0.00162954
-1.5826e-009 0.00926001
-1.56594e-009 0.00523761
-1.54927e-009 -0.00106357
-1.5326e-009 -0.00165053
-1.51594e-009 0.000938999
-1.49927e-009 0.00843136
-1.4826e-009 0.0150951
-1.46594e-009 0.00575552
-1.44927e-009 -0.00884941
-1.4326e-009 -0.00239286
-1.41594e-009 0.0153022
-1.39927e-009 0.0159583
-1.3826e-009 0.00402917
-1.36594e-009 -0.00292803
-1.34927e-009 -0.00579377
-1.3326e-009 -0.00437816
-1.31594e-009 0.00351126
-1.29927e-009 0.00320052
-1.2826e-009 -0.00848688
-1.26594e-009 -0.00812435
-1.24927e-009 0.00701576
-1.2326e-009 0.0106238
-1.21594e-009 -0.000597454
-1.19927e-009 -0.00491333
-1.1826e-009 0.00309694
-1.16594e-009 0.0129889
-1.14927e-009 0.0159583
-1.1326e-009 0.00622163
-1.11594e-009 -0.00698495
-1.09927e-009 -0.00574198
-1.0826e-009 0.00192302
-1.06594e-009 -0.00354951
-1.04927e-009 -0.0101614
-1.0326e-009 -0.00133978
-1.01594e-009 0.00606626
-9.99269e-010 0.00157775
-9.82603e-010 0.00413275
-9.65936e-010 0.0136622
-9.49269e-010 0.00708481
-9.32603e-010 -0.0107657
-9.15936e-010 -0.0149262
-8.99269e-010 -0.0049306
-8.82603e-010 0.00301062
-8.65936e-010 0.00225103
-8.49269e-010 -0.00461985
-8.32603e-010 -0.00853867
-8.15936e-010 -0.00261728
-7.99269e-010 0.00297609
-7.82603e-010 -0.00242739
-7.65936e-010 -0.00902205
-7.49269e-010 -0.0065361
-7.32603e-010 -6.22846e-005
-7.15936e-010 0.00544478
-6.99269e-010 0.00670501
-6.82603e-010 -0.00111536
-6.65936e-010 -0.00745107
-6.49269e-010 0.000680047
-6.32603e-010 0.00806883
-6.15936e-010 -9.68116e-005
-5.99269e-010 -0.00574198
-5.82603e-010 0.00218197
-5.65936e-010 0.00573826
-5.49269e-010 0.00214745
-5.32603e-010 0.00579005
-5.15936e-010 0.00808609
-4.99269e-010 -0.00225475
-4.82603e-010 -0.00879762
-4.65936e-010 -0.00227201
-4.49269e-010 0.00309694
-4.32603e-010 0.00390832
-4.15936e-010 0.00616984
-3.99269e-010 0.00484055
-3.82603e-010 0.00156049
-3.65936e-010 0.00437444
-3.49269e-010 0.00325231
-3.32603e-010 -0.00714033
-3.15936e-010 -0.00793445
-2.99269e-010 0.0025963
-2.82603e-010 0.00356305
-2.65936e-010 -0.00116715
-2.49269e-010 0.00314873
-2.32603e-010 0.00418454
-2.15936e-010 -0.00206485
-1.99269e-010 0.00465065
-1.82603e-010 0.016269
-1.65936e-010 0.0071366
-1.49269e-010 -0.00625989
-1.32603e-010 0.000731837
-1.15936e-010 0.00858674
-9.92693e-011 0.0014569
-8.26026e-011 -0.00178864
-6.5936e-011 0.00249272
-4.92693e-011 0.00143964
-3.26026e-011 0.00648059
-1.5936e-011 0.023675
7.30713e-013 0.028457
1.73974e-011 0.0185996
3.4064e-011 0.0231917
5.07307e-011 0.0443049
6.73974e-011 0.0626388
8.4064e-011 0.0824918
1.00731e-010 0.110821
1.17397e-010 0.135232
1.34064e-010 0.155102
1.50731e-010 0.18117
1.67397e-010 0.204597
1.84064e-010 0.215766
2.00731e-010 0.226124
2.17397e-010 0.239538
2.34064e-010 0.2452
2.50731e-010 0.245304
2.67397e-010 0.246012
2.84064e-010 0.238986
3.00731e-010 0.223517
3.17397e-010 0.211778
3.34064e-010 0.201334
3.50731e-010 0.183932
3.67397e-010 0.169949
3.84064e-010 0.165702
4.00731e-010 0.154843
4.17397e-010 0.129414
4.34064e-010 0.104244
4.50731e-010 0.0879644
4.67397e-010 0.0745334
4.84064e-010 0.0629495
5.00731e-010 0.0570282
5.17397e-010 0.0520217
5.34064e-010 0.0410076
5.50731e-010 0.0283189
5.67397e-010 0.0234506
5.84064e-010 0.025177
6.00731e-010 0.0231571
6.17397e-010 0.0157856
6.34064e-010 0.0119704
6.50731e-010 0.0131443
6.67397e-010 0.0115215
6.84064e-010 0.00556562
7.00731e-010 -0.000752825
7.17397e-010 -0.00494786
7.34064e-010 -0.00149516
7.50731e-010 0.010175
7.67397e-010 0.0143355
7.84064e-010 0.00340768
8.00731e-010 -0.00499965
8.17397e-010 -0.00227201
8.34064e-010 -0.00304887
8.50731e-010 -0.00774455
8.67397e-010 -0.00225475
8.84064e-010 0.00337315
9.00731e-010 -0.00660516
9.17397e-010 -0.0139076
9.34064e-010 0.00126701
9.50731e-010 0.019083
9.67397e-010 0.0136277
9.84064e-010 -0.00567293
1.00073e-009 -0.0119051
1.0174e-009 0.00254451
1.03406e-009 0.01784
1.05073e-009 0.0130753
1.0674e-009 -0.00241012
1.08406e-009 -0.00537945
1.10073e-009 -6.22846e-005
1.1174e-009 -0.00294529
1.13406e-009 -0.00543124
1.15073e-009 0.00302788
1.1674e-009 0.00972613
1.18406e-009 0.00946718
1.20073e-009 0.0113144
1.2174e-009 0.00965707
1.23406e-009 0.00119795
1.25073e-009 0.00244093
1.2674e-009 0.0101922
1.28406e-009 0.00264809
1.30073e-009 -0.00791718
1.3174e-009 0.000455621
1.33406e-009 0.00799978
1.35073e-009 -0.00165053
1.3674e-009 -0.00451627
1.38406e-009 0.00553109
1.40073e-009 0.0033041
1.4174e-009 -0.00807256
1.43406e-009 -0.00660516
1.45073e-009 0.00121522
1.4674e-009 0.00366663
1.48406e-009 0.00630795
1.50073e-009 0.00639427
1.5174e-009 -0.00102904
1.53406e-009 -0.00484428
1.55073e-009 -0.00297982
1.5674e-009 -0.0043609
1.58406e-009 -0.00227201
1.60073e-009 0.00594542
1.6174e-009 0.00672228
1.63406e-009 0.00603174
1.65073e-009 0.0155267
1.6674e-009 0.0149397
1.68406e-009 -0.00284171
1.70073e-009 -0.00734749
1.7174e-009 0.00181944
1.73406e-009 -0.00215117
1.75073e-009 -0.00235833
1.7674e-009 0.0196872
1.78406e-009 0.0263336
1.80073e-009 0.0047715
1.8174e-009 0.000179405
1.83406e-009 0.0144391
1.85073e-009 0.00630795
1.8674e-009 -0.0116461
1.88406e-009 -0.00688137
1.90073e-009 0.00111163
1.9174e-009 -0.00360131
1.93406e-009 -0.00111536
1.95073e-009 0.0053412
1.9674e-009 0.00111163
1.98406e-009 0.0033041
2.00073e-009 0.0136622
2.0174e-009 0.00560015
2.03406e-009 -0.00938458
2.05073e-009 -0.00154695
2.0674e-009 0.011746
2.08406e-009 0.00805157
2.10073e-009 0.00313147
2.1174e-009 0.00354579
2.13406e-009 -0.000407555
2.15073e-009 0.0018367
2.1674e-009 0.0112281
2.18406e-009 0.00459886
2.20073e-009 -0.00976438
2.2174e-009 -0.00348046
2.23406e-009 0.00979518
2.25073e-009 0.00549657
2.2674e-009 -0.00278992
2.28406e-009 -0.00173685
2.30073e-009 0.000455621
2.3174e-009 0.00528941
2.33406e-009 0.0132306
2.35073e-009 0.00960528
2.3674e-009 -0.000597454
2.38406e-009 0.000835418
2.40073e-009 0.00544478
2.4174e-009 0.00219924
2.43406e-009 0.00206113
2.45073e-009 0.00275167
2.4674e-009 -0.00717485
2.48406e-009 -0.0116461
2.50073e-009 -0.000683771
