LECROYSDA18000 15238 Waveform
Segments 1 SegmentSize 302
Segment TrigTime TimeSinceSegment1
#1 01-Jan-2002 01:32:18 0                 
Time Ampl
-2.50931e-009 0.0115388
-2.49264e-009 0.00504772
-2.47597e-009 -0.00971259
-2.45931e-009 -0.00260002
-2.44264e-009 0.0140938
-2.42597e-009 0.0056692
-2.40931e-009 -0.00990249
-2.39264e-009 -0.00149516
-2.37597e-009 0.00875937
-2.35931e-009 -0.00058019
-2.34264e-009 -0.00470617
-2.32597e-009 0.00637701
-2.30931e-009 0.00874211
-2.29264e-009 0.00280346
-2.27597e-009 0.00551383
-2.25931e-009 0.00465065
-2.24264e-009 -0.0100579
-2.22597e-009 -0.0154613
-2.20931e-009 -0.000718298
-2.19264e-009 0.0107447
-2.17597e-009 0.00487508
-2.15931e-009 -0.0071058
-2.14264e-009 -0.0125783
-2.12597e-009 -0.00674326
-2.10931e-009 0.00427086
-2.09264e-009 0.00356305
-2.07597e-009 -0.0102995
-2.05931e-009 -0.0160138
-2.04264e-009 -0.00696769
-2.02597e-009 -0.000131339
-2.00931e-009 -0.000597454
-1.99264e-009 0.000938999
-1.97597e-009 0.00280346
-1.95931e-009 0.000956263
-1.94264e-009 0.00159501
-1.92597e-009 0.00468518
-1.90931e-009 0.003494
-1.89264e-009 0.00237187
-1.87597e-009 0.00528941
-1.85931e-009 0.00470245
-1.84264e-009 0.0014569
-1.82597e-009 0.0043917
-1.80931e-009 0.00718839
-1.79264e-009 0.00180218
-1.77597e-009 -0.000942724
-1.75931e-009 0.00506498
-1.74264e-009 0.00818968
-1.72597e-009 0.00490961
-1.70931e-009 0.00152596
-1.69264e-009 -0.00358404
-1.67597e-009 -0.00789992
-1.65931e-009 -0.00190948
-1.64264e-009 0.00634248
-1.62597e-009 0.00352853
-1.60931e-009 -0.000649244
-1.59264e-009 0.00285525
-1.57597e-009 0.00361484
-1.55931e-009 0.00138785
-1.54264e-009 0.00610079
-1.52597e-009 0.00886295
-1.50931e-009 0.00268261
-1.49264e-009 0.000749101
-1.47597e-009 0.00162954
-1.45931e-009 -0.00760644
-1.44264e-009 -0.0128545
-1.42597e-009 -0.00260002
-1.40931e-009 0.00188849
-1.39264e-009 -0.00222022
-1.37597e-009 0.00798251
-1.35931e-009 0.0186859
-1.34264e-009 0.00544478
-1.32597e-009 -0.00446448
-1.30931e-009 0.00926001
-1.29264e-009 0.0120394
-1.27597e-009 -0.00567293
-1.25931e-009 -0.00715759
-1.24264e-009 0.0058591
-1.22597e-009 0.0040637
-1.20931e-009 0.000800891
-1.19264e-009 0.0109518
-1.17597e-009 0.0102095
-1.15931e-009 -0.00301435
-1.14264e-009 -0.00196127
-1.12597e-009 0.0025963
-1.10931e-009 -0.00912563
-1.09264e-009 -0.0125956
-1.07597e-009 0.00430538
-1.05931e-009 0.00798251
-1.04264e-009 -0.0101097
-1.02597e-009 -0.0174121
-1.00931e-009 -0.00632894
-9.92638e-010 0.00175038
-9.75972e-010 0.00143964
-9.59305e-010 0.00116342
-9.42638e-010 0.00345947
-9.25972e-010 0.00575552
-9.09305e-010 0.00250998
-8.92638e-010 -0.0052586
-8.75972e-010 -0.00418826
-8.59305e-010 0.00489234
-8.42638e-010 0.00176765
-8.25972e-010 -0.0116116
-8.09305e-010 -0.0102305
-7.92638e-010 0.00584184
-7.75972e-010 0.0137313
-7.59305e-010 0.0087939
-7.42638e-010 0.0022165
-7.25972e-010 -0.00058019
-7.09305e-010 0.00178491
-6.92638e-010 0.00553109
-6.75972e-010 0.00121522
-6.59305e-010 -0.0080035
-6.42638e-010 -0.00827972
-6.25972e-010 0.000317513
-6.09305e-010 0.0062389
-5.92638e-010 0.00630795
-5.75972e-010 0.00451255
-5.59305e-010 0.0047715
-5.42638e-010 0.0077063
-5.25972e-010 0.00594542
-5.09305e-010 -0.00358404
-4.92638e-010 -0.00750286
-4.75972e-010 -0.00101178
-4.59305e-010 -0.00092546
-4.42638e-010 -0.00935006
-4.25972e-010 -0.0058283
-4.09305e-010 0.00891474
-3.92638e-010 0.0116596
-3.75972e-010 0.0011289
-3.59305e-010 -0.00367036
-3.42638e-010 0.000421094
-3.25972e-010 0.00105984
-3.09305e-010 -0.00600093
-2.92638e-010 -0.0112318
-2.75972e-010 -0.00520681
-2.59305e-010 0.00465065
-2.42638e-010 0.0033041
-2.25972e-010 -0.00303161
-2.09305e-010 0.00169859
-1.92638e-010 0.00815515
-1.75972e-010 0.00143964
-1.59305e-010 -0.00461985
-1.42638e-010 0.00252724
-1.25972e-010 0.00939812
-1.09305e-010 0.0104857
-9.26385e-011 0.0125919
-7.59718e-011 0.00672228
-5.93051e-011 -0.00767549
-4.26385e-011 -0.00543124
-2.59718e-011 0.0132306
-9.30513e-012 0.0180817
7.36154e-012 0.0125228
2.40282e-011 0.0228982
4.06949e-011 0.0412838
5.73615e-011 0.0533683
7.40282e-011 0.0738601
9.06949e-011 0.104227
1.07362e-010 0.124425
1.24028e-010 0.140031
1.40695e-010 0.16515
1.57362e-010 0.185331
1.74028e-010 0.194118
1.90695e-010 0.21
2.07362e-010 0.230526
2.24028e-010 0.239331
2.40695e-010 0.246426
2.57362e-010 0.257527
2.74028e-010 0.250777
2.90695e-010 0.227643
3.07362e-010 0.217251
3.24028e-010 0.218442
3.40695e-010 0.208757
3.57362e-010 0.191252
3.74028e-010 0.176026
3.90695e-010 0.15783
4.07362e-010 0.139841
4.24028e-010 0.128551
4.40695e-010 0.111823
4.57362e-010 0.0859618
4.74028e-010 0.0698722
4.90695e-010 0.0660224
5.07362e-010 0.0564412
5.24028e-010 0.0406796
5.40695e-010 0.0325485
5.57362e-010 0.0356387
5.74028e-010 0.04503
5.90695e-010 0.0478612
6.07362e-010 0.0310293
6.24028e-010 0.00970886
6.40695e-010 0.00944991
6.57362e-010 0.0184097
6.74028e-010 0.0152677
6.90695e-010 0.0144391
7.07362e-010 0.0227601
7.24028e-010 0.0153195
7.40695e-010 -0.00254823
7.57362e-010 0.00128427
7.74028e-010 0.0128336
7.90695e-010 0.00244093
8.07362e-010 -0.0080035
8.24028e-010 0.00187123
8.40695e-010 0.0056692
8.57362e-010 -0.00239286
8.74028e-010 0.0043917
8.90695e-010 0.015613
9.07362e-010 0.0071366
9.24028e-010 0.000231195
9.40695e-010 0.00991603
9.57362e-010 0.00827599
9.74028e-010 -0.00712306
9.90695e-010 -0.0045508
1.00736e-009 0.0103649
1.02403e-009 0.00936359
1.04069e-009 0.000490148
1.05736e-009 -0.000355764
1.07403e-009 -0.00203033
1.09069e-009 -0.00396384
1.10736e-009 0.00582457
1.12403e-009 0.0154921
1.14069e-009 0.0091737
1.15736e-009 -0.00118441
1.17403e-009 -0.0012362
1.19069e-009 0.0029243
1.20736e-009 0.0029243
1.22403e-009 0.000110351
1.24069e-009 -0.000303974
1.25736e-009 0.00428812
1.27403e-009 0.00846589
1.29069e-009 0.00620437
1.30736e-009 0.00225103
1.32403e-009 -0.000770089
1.34069e-009 -0.00796897
1.35736e-009 -0.0113872
1.37403e-009 -0.000407555
1.39069e-009 0.00843136
1.40736e-009 0.000317513
1.42403e-009 -0.00396384
1.44069e-009 0.00891474
1.45736e-009 0.0153195
1.47403e-009 0.00423633
1.49069e-009 -0.00448174
1.50736e-009 -0.00463712
1.52403e-009 -0.0062081
1.54069e-009 -0.00515502
1.55736e-009 0.00168133
1.57403e-009 0.00213018
1.59069e-009 -0.00449901
1.60736e-009 -0.00486154
1.62403e-009 0.00100805
1.64069e-009 0.00370116
1.65736e-009 0.00299336
1.67403e-009 0.00114616
1.69069e-009 -0.00206485
1.70736e-009 -0.00291076
1.72403e-009 -0.000183129
1.74069e-009 0.000248459
1.75736e-009 -0.00277266
1.77403e-009 -0.0027036
1.79069e-009 0.00275167
1.80736e-009 0.00784441
1.82403e-009 0.00658417
1.84069e-009 0.000507411
1.85736e-009 -0.00272087
1.87403e-009 5.85601e-005
1.89069e-009 0.00468518
1.90736e-009 0.00632522
1.92403e-009 0.000541938
1.94069e-009 -0.0117669
1.95736e-009 -0.0155994
1.97403e-009 -0.0030834
1.99069e-009 0.00542751
2.00736e-009 -0.00244465
2.02403e-009 -0.00537945
2.04069e-009 0.00428812
2.05736e-009 0.00463339
2.07403e-009 -0.00132252
2.09069e-009 0.00703302
2.10736e-009 0.0119531
2.12403e-009 -0.00520681
2.14069e-009 -0.0137005
2.15736e-009 0.00226829
2.17403e-009 0.00767177
2.19069e-009 -0.0047407
2.20736e-009 -0.00222022
2.22403e-009 0.00989876
2.24069e-009 0.00489234
2.25736e-009 -0.000528399
2.27403e-009 0.0115043
2.29069e-009 0.0161999
2.30736e-009 0.00371843
2.32403e-009 -0.000269447
2.34069e-009 0.00651511
2.35736e-009 0.00332136
2.37403e-009 -0.00480975
2.39069e-009 -0.00111536
2.40736e-009 0.00844863
2.42403e-009 0.0110554
2.44069e-009 0.00680859
2.45736e-009 0.00225103
2.47403e-009 0.0029243
2.49069e-009 0.00708481
2.50736e-009 0.00679133
