LECROYSDA18000 15238 Waveform
Segments 1 SegmentSize 302
Segment TrigTime TimeSinceSegment1
#1 01-Jan-2002 01:34:00 0                 
Time Ampl
-2.51382e-009 -0.000511136
-2.49715e-009 0.00263082
-2.48049e-009 0.00447802
-2.46382e-009 0.00528941
-2.44715e-009 0.00166407
-2.43049e-009 -0.00893573
-2.41382e-009 -0.0126992
-2.39715e-009 -0.0023756
-2.38049e-009 0.0011289
-2.36382e-009 -0.010524
-2.34715e-009 -0.0122503
-2.33049e-009 0.00157775
-2.31382e-009 0.00484055
-2.29715e-009 -0.0034632
-2.28049e-009 -0.00230654
-2.26382e-009 0.000559202
-2.24715e-009 -0.00891847
-2.23049e-009 -0.0130444
-2.21382e-009 -0.0025137
-2.19715e-009 -0.000131339
-2.18049e-009 -0.0119051
-2.16382e-009 -0.0159447
-2.14715e-009 -0.00752012
-2.13049e-009 -0.00130526
-2.11382e-009 -0.000994514
-2.09715e-009 -0.00127073
-2.08049e-009 0.000749101
-2.06382e-009 0.00649785
-2.04715e-009 0.0106756
-2.03049e-009 0.00591089
-2.01382e-009 -0.00182316
-1.99715e-009 -0.00268634
-1.98049e-009 0.00171586
-1.96382e-009 0.00703302
-1.94715e-009 0.00995055
-1.93049e-009 0.00565194
-1.91382e-009 0.00213018
-1.89715e-009 0.0109518
-1.88049e-009 0.0171494
-1.86382e-009 0.00416728
-1.84715e-009 -0.00726117
-1.83049e-009 0.000628256
-1.81382e-009 0.00649785
-1.79715e-009 -0.000683771
-1.78049e-009 -0.000890933
-1.76382e-009 0.00627343
-1.74715e-009 0.0036839
-1.73049e-009 -0.000649244
-1.71382e-009 0.00351126
-1.69715e-009 0.00316599
-1.68049e-009 -0.00213391
-1.66382e-009 0.000973526
-1.64715e-009 0.00347674
-1.63049e-009 -0.00316972
-1.61382e-009 -0.0019958
-1.59715e-009 0.00817241
-1.58049e-009 0.00627343
-1.56382e-009 -0.0032733
-1.54715e-009 -0.0025137
-1.53049e-009 0.00107711
-1.51382e-009 -4.5021e-005
-1.49715e-009 0.00345947
-1.48049e-009 0.00646332
-1.46382e-009 -0.00106357
-1.44715e-009 -0.00605272
-1.43049e-009 -0.00201306
-1.41382e-009 -0.00260002
-1.39715e-009 -0.0037912
-1.38049e-009 0.0067568
-1.36382e-009 0.0131616
-1.34715e-009 0.00323505
-1.33049e-009 -0.00337688
-1.31382e-009 0.00206113
-1.29715e-009 0.00389106
-1.28049e-009 0.000956263
-1.26382e-009 0.0022165
-1.24715e-009 0.00119795
-1.23049e-009 -0.00536218
-1.21382e-009 -0.00802076
-1.19715e-009 -0.00575924
-1.18049e-009 -0.00203033
-1.16382e-009 0.00449528
-1.14715e-009 0.00601447
-1.13049e-009 -0.00349772
-1.11382e-009 -0.00864225
-1.09715e-009 0.000282986
-1.08049e-009 0.0075164
-1.06382e-009 0.00250998
-1.04715e-009 -0.00736475
-1.03049e-009 -0.014719
-1.01382e-009 -0.0124748
-9.97155e-010 6.76951e-006
-9.80488e-010 0.00471971
-9.63821e-010 -0.00451627
-9.47155e-010 -0.00586283
-9.30488e-010 0.00432265
-9.13821e-010 0.00535846
-8.97155e-010 0.00128427
-8.80488e-010 0.00463339
-8.63821e-010 0.000196668
-8.47155e-010 -0.0106793
-8.30488e-010 -0.000355764
-8.13821e-010 0.0158029
-7.97155e-010 0.00275167
-7.80488e-010 -0.0124057
-7.63821e-010 0.00539299
-7.47155e-010 0.0227601
-7.30488e-010 0.0127127
-7.13821e-010 0.00599721
-6.97155e-010 0.00991603
-6.80488e-010 -0.00277266
-6.63821e-010 -0.0166007
-6.47155e-010 -0.00392931
-6.30488e-010 0.00874211
-6.13821e-010 -0.00239286
-5.97155e-010 -0.0104549
-5.80488e-010 0.000196668
-5.63821e-010 0.00817241
-5.47155e-010 0.00456434
-5.30488e-010 0.000334776
-5.13821e-010 0.000541938
-4.97155e-010 0.00478876
-4.80488e-010 0.00627343
-4.63821e-010 -0.00268634
-4.47155e-010 -0.00845235
-4.30488e-010 0.00178491
-4.13821e-010 0.00717113
-3.97155e-010 -0.00392931
-3.80488e-010 -0.00456806
-3.63821e-010 0.0105202
-3.47155e-010 0.0108828
-3.30488e-010 -0.00253097
-3.13821e-010 -0.00375668
-2.97155e-010 0.000507411
-2.80488e-010 -0.00173685
-2.63821e-010 0.00463339
-2.47155e-010 0.0151296
-2.30488e-010 0.00542751
-2.13821e-010 -0.00922921
-1.97155e-010 -0.00116715
-1.80488e-010 0.00953623
-1.63821e-010 -0.000511136
-1.47155e-010 -0.00997154
-1.30488e-010 -0.00287624
-1.13821e-010 0.00297609
-9.71546e-011 0.0016468
-8.04879e-011 0.00610079
-6.38213e-011 0.013127
-4.71546e-011 0.0122811
-3.04879e-011 0.00908738
-1.38213e-011 0.0102958
2.84541e-012 0.0133687
1.95121e-011 0.0183061
3.61787e-011 0.0278701
5.28454e-011 0.0412838
6.95121e-011 0.0600838
8.61787e-011 0.088137
1.02845e-010 0.124839
1.19512e-010 0.167929
1.36179e-010 0.216888
1.52845e-010 0.269559
1.69512e-010 0.32387
1.86179e-010 0.380426
2.02845e-010 0.437274
2.19512e-010 0.488323
2.36179e-010 0.529565
2.52845e-010 0.560967
2.69512e-010 0.582512
2.86179e-010 0.593699
3.02845e-010 0.595356
3.19512e-010 0.587242
3.36179e-010 0.565974
3.52845e-010 0.533363
3.69512e-010 0.503135
3.86179e-010 0.484732
4.02845e-010 0.464982
4.19512e-010 0.426675
4.36179e-010 0.376748
4.52845e-010 0.334487
4.69512e-010 0.304552
4.86179e-010 0.278105
5.02845e-010 0.245235
5.19512e-010 0.204251
5.36179e-010 0.17057
5.52845e-010 0.157605
5.69512e-010 0.147731
5.86179e-010 0.120731
6.02845e-010 0.0948525
6.19512e-010 0.0890347
6.36179e-010 0.0823537
6.52845e-010 0.0608434
6.69512e-010 0.0471362
6.86179e-010 0.0483446
7.02845e-010 0.0438734
7.19512e-010 0.0351898
7.36179e-010 0.0381419
7.52845e-010 0.0424578
7.69512e-010 0.0343957
7.86179e-010 0.0240376
8.02845e-010 0.0197044
8.19512e-010 0.0167869
8.36179e-010 0.0140247
8.52845e-010 0.0106929
8.69512e-010 0.0067568
8.86179e-010 0.0105548
9.02845e-010 0.0190312
9.19512e-010 0.0158719
9.36179e-010 0.00844863
9.52845e-010 0.0148016
9.69512e-010 0.0199807
9.86179e-010 0.008604
1.00285e-009 0.00437444
1.01951e-009 0.0186168
1.03618e-009 0.0240031
1.05285e-009 0.0149397
1.06951e-009 0.015026
1.08618e-009 0.0205504
1.10285e-009 0.0130925
1.11951e-009 0.00237187
1.13618e-009 0.00107711
1.15285e-009 0.0015087
1.16951e-009 0.00104258
1.18618e-009 0.00363211
1.20285e-009 0.00370116
1.21951e-009 0.0013188
1.23618e-009 0.00385653
1.25285e-009 0.0066187
1.26951e-009 0.00584184
1.28618e-009 0.00907011
1.30285e-009 0.0116769
1.31951e-009 0.00394285
1.33618e-009 -0.00147789
1.35285e-009 0.00518582
1.36951e-009 0.00908738
1.38618e-009 0.00667049
1.40285e-009 0.0124538
1.41951e-009 0.0201878
1.43618e-009 0.0142146
1.45285e-009 0.00378748
1.46951e-009 0.00114616
1.48618e-009 0.00154322
1.50285e-009 0.00594542
1.51951e-009 0.0169768
1.53618e-009 0.0184787
1.55285e-009 0.0018367
1.56951e-009 -0.0115598
1.58618e-009 -0.00358404
1.60285e-009 0.0145944
1.61951e-009 0.0211891
1.63618e-009 0.00970886
1.65285e-009 -0.0037912
1.66951e-009 -0.0012362
1.68618e-009 0.00853495
1.70285e-009 0.00701576
1.71951e-009 0.00175038
1.73618e-009 0.0038738
1.75285e-009 0.00147417
1.76951e-009 -0.00562114
1.78618e-009 0.000559202
1.80285e-009 0.00881116
1.81951e-009 -0.00144337
1.83618e-009 -0.00862499
1.85285e-009 0.00554836
1.86951e-009 0.0127645
1.88618e-009 0.0024064
1.90285e-009 0.00247545
1.91951e-009 0.00858674
1.93618e-009 -0.00434364
1.95285e-009 -0.0149607
1.96951e-009 -0.000511136
1.98618e-009 0.00963981
2.00285e-009 0.000783628
2.01951e-009 0.0018367
2.03618e-009 0.0122984
2.05285e-009 0.00611805
2.06951e-009 -0.00228928
2.08618e-009 0.00708481
2.10285e-009 0.0113144
2.11951e-009 0.000610993
2.13618e-009 0.00175038
2.15285e-009 0.0133342
2.16951e-009 0.00806883
2.18618e-009 -0.00518955
2.20285e-009 -0.00208212
2.21951e-009 0.00855221
2.23618e-009 0.0103131
2.25285e-009 0.00684312
2.26951e-009 0.00295883
2.28618e-009 0.00105984
2.30285e-009 0.00698123
2.31951e-009 0.0139902
2.33618e-009 0.00967434
2.35285e-009 0.000438357
2.36951e-009 -0.00280718
2.38618e-009 -0.00265181
2.40285e-009 0.000179405
2.41951e-009 0.0069467
2.43618e-009 0.00863853
2.45285e-009 0.00392559
2.46951e-009 0.00328684
2.48618e-009 0.00328684
2.50285e-009 -0.0019958
