LECROYSDA18000 15238 Waveform
Segments 1 SegmentSize 302
Segment TrigTime TimeSinceSegment1
#1 01-Jan-2002 01:30:27 0                 
Time Ampl
-2.50174e-009 0.00591089
-2.48508e-009 0.00152596
-2.46841e-009 -0.00698495
-2.45174e-009 -0.00215117
-2.43508e-009 0.0125228
-2.41841e-009 0.00753366
-2.40174e-009 -0.00903931
-2.38508e-009 -0.00439543
-2.36841e-009 0.0104167
-2.35174e-009 0.0102095
-2.33508e-009 0.00755093
-2.31841e-009 0.0103994
-2.30174e-009 0.00252724
-2.28508e-009 -0.00829698
-2.26841e-009 -0.00306614
-2.25174e-009 0.0047715
-2.23508e-009 0.00156049
-2.21841e-009 -0.000701035
-2.20174e-009 0.00218197
-2.18508e-009 0.00579005
-2.16841e-009 0.0138176
-2.15174e-009 0.0158892
-2.13508e-009 0.000265722
-2.11841e-009 -0.00933279
-2.10174e-009 0.00245819
-2.08508e-009 0.00717113
-2.06841e-009 -0.00287624
-2.05174e-009 0.000576465
-2.03508e-009 0.00915643
-2.01841e-009 -0.00373941
-2.00174e-009 -0.014719
-1.98508e-009 5.85601e-005
-1.96841e-009 0.0122984
-1.95174e-009 0.00670501
-1.93508e-009 0.0045816
-1.91841e-009 0.00271714
-1.90174e-009 -0.0105067
-1.88508e-009 -0.00957448
-1.86841e-009 0.013455
-1.85174e-009 0.0195663
-1.83508e-009 -0.000511136
-1.81841e-009 -0.0108002
-1.80174e-009 -0.0043609
-1.78508e-009 -0.00358404
-1.76841e-009 -0.00489607
-1.75174e-009 0.0058591
-1.73508e-009 0.0169768
-1.71841e-009 0.0129371
-1.70174e-009 -0.0010981
-1.68508e-009 -0.0108692
-1.66841e-009 -0.00803803
-1.65174e-009 0.0014569
-1.63508e-009 0.00250998
-1.61841e-009 -0.00524134
-1.60174e-009 -0.00598367
-1.58508e-009 0.00326957
-1.56841e-009 0.00951897
-1.55174e-009 0.00794799
-1.53508e-009 0.00397738
-1.51841e-009 0.0013188
-1.50174e-009 0.00152596
-1.48508e-009 0.00268261
-1.46841e-009 0.00100805
-1.45174e-009 0.00116342
-1.43508e-009 0.00724018
-1.41841e-009 0.00786167
-1.40174e-009 -0.00316972
-1.38508e-009 -0.0101097
-1.36841e-009 -0.00430911
-1.35174e-009 0.000956263
-1.33508e-009 0.000490148
-1.31841e-009 0.00345947
-1.30174e-009 0.00724018
-1.28508e-009 0.00218197
-1.26841e-009 -0.00638073
-1.25174e-009 -0.00867678
-1.23508e-009 -0.0056384
-1.21841e-009 -0.000614717
-1.20174e-009 0.00418454
-1.18508e-009 0.00408096
-1.16841e-009 0.000438357
-1.15174e-009 0.0011289
-1.13508e-009 0.00522035
-1.11841e-009 0.00373569
-1.10174e-009 -0.00405016
-1.08508e-009 -0.00972985
-1.06841e-009 -0.00777908
-1.05174e-009 -0.00171958
-1.03508e-009 0.000317513
-1.01841e-009 -0.0028935
-1.00174e-009 -0.00410195
-9.85076e-010 -0.00282445
-9.68409e-010 -0.00536218
-9.51742e-010 -0.00548303
-9.35076e-010 0.00506498
-9.18409e-010 0.011418
-9.01742e-010 -0.000252183
-8.85076e-010 -0.0110591
-8.68409e-010 -0.0028935
-8.51742e-010 0.00825873
-8.35076e-010 0.00630795
-8.18409e-010 -0.000114075
-8.01742e-010 -0.00425732
-7.85076e-010 -0.00738201
-7.68409e-010 -0.00272087
-7.51742e-010 0.00767177
-7.35076e-010 0.0073265
-7.18409e-010 -0.00120168
-7.01742e-010 -0.000303974
-6.85076e-010 0.00499593
-6.68409e-010 0.00173312
-6.51742e-010 -0.00178864
-6.35076e-010 -0.000321237
-6.18409e-010 -0.00296256
-6.01742e-010 -0.00382573
-5.85076e-010 0.00749913
-5.68409e-010 0.0168042
-5.51742e-010 0.0124192
-5.35076e-010 0.00670501
-5.18409e-010 0.00396011
-5.01742e-010 -0.00247918
-4.85076e-010 -0.00456806
-4.68409e-010 -0.000131339
-4.51742e-010 -0.00486154
-4.35076e-010 -0.0117669
-4.18409e-010 -0.000252183
-4.01742e-010 0.0126264
-3.85076e-010 0.00344221
-3.68409e-010 -0.00577651
-3.51742e-010 0.00489234
-3.35076e-010 0.0117632
-3.18409e-010 0.000507411
-3.01742e-010 -0.00907384
-2.85076e-010 -0.00784813
-2.68409e-010 -0.00489607
-2.51742e-010 -0.0030834
-2.35076e-010 -0.0039811
-2.18409e-010 -0.00720938
-2.01742e-010 -0.00310066
-1.85076e-010 0.00484055
-1.68409e-010 0.00261356
-1.51742e-010 -2.77575e-005
-1.35076e-010 0.00834505
-1.18409e-010 0.00901832
-1.01742e-010 -0.00192674
-8.50757e-011 0.00214745
-6.84091e-011 0.0148534
-5.17424e-011 0.00680859
-3.50757e-011 -0.00358404
-1.84091e-011 0.0126609
-1.74241e-012 0.0314436
1.49243e-011 0.0333944
3.15909e-011 0.0461176
4.82576e-011 0.0751376
6.49243e-011 0.089052
8.15909e-011 0.0882924
9.82576e-011 0.0992029
1.14924e-010 0.118624
1.31591e-010 0.129293
1.48258e-010 0.132625
1.64924e-010 0.136302
1.81591e-010 0.143398
1.98258e-010 0.15146
2.14924e-010 0.151114
2.31591e-010 0.145814
2.48258e-010 0.151287
2.64924e-010 0.158158
2.81591e-010 0.14559
2.98258e-010 0.127308
3.14924e-010 0.121197
3.31591e-010 0.112151
3.48258e-010 0.097373
3.64924e-010 0.0960437
3.81591e-010 0.0938512
3.98258e-010 0.0688882
4.14924e-010 0.0476368
4.31591e-010 0.0486554
4.48258e-010 0.0411803
4.64924e-010 0.0206367
4.81591e-010 0.0213445
4.98258e-010 0.0355523
5.14924e-010 0.0305287
5.31591e-010 0.0194973
5.48258e-010 0.0225529
5.64924e-010 0.0215862
5.81591e-010 0.010572
5.98258e-010 0.00889748
6.14924e-010 0.0129199
6.31591e-010 0.0098815
6.48258e-010 0.0104512
6.64924e-010 0.0164071
6.81591e-010 0.0109691
6.98258e-010 -0.000752825
7.14924e-010 -0.00133978
7.31591e-010 0.00263082
7.48258e-010 0.000610993
7.64924e-010 -0.000614717
7.81591e-010 0.00137059
7.98258e-010 0.000628256
8.14924e-010 -0.000321237
8.31591e-010 0.000662783
8.48258e-010 -0.000977251
8.64924e-010 -0.00206485
8.81591e-010 0.00371843
8.98258e-010 0.0102095
9.14924e-010 0.0089838
9.31591e-010 0.00301062
9.48258e-010 -0.000459345
9.64924e-010 0.00099079
9.81591e-010 0.00323505
9.98258e-010 0.00035204
1.01492e-009 -0.00432637
1.03159e-009 -0.00185769
1.04826e-009 0.00471971
1.06492e-009 0.00542751
1.08159e-009 0.0020266
1.09826e-009 0.000938999
1.11492e-009 0.000438357
1.13159e-009 -0.000511136
1.14826e-009 0.00119795
1.16492e-009 0.00318326
1.18159e-009 0.00166407
1.19826e-009 -0.000562926
1.21492e-009 -0.000545663
1.23159e-009 0.00143964
1.24826e-009 0.00442623
1.26492e-009 0.00473697
1.28159e-009 0.00126701
1.29826e-009 0.00116342
1.31492e-009 0.00551383
1.33159e-009 0.00359758
1.34826e-009 -0.00541397
1.36492e-009 -0.00862499
1.38159e-009 -0.00368762
1.39826e-009 -0.000545663
1.41492e-009 -0.00163326
1.43159e-009 -0.00190948
1.44826e-009 -0.000183129
1.46492e-009 0.00171586
1.48159e-009 0.00242366
1.49826e-009 0.00219924
1.51492e-009 0.00178491
1.53159e-009 -0.00254823
1.54826e-009 -0.0118878
1.56492e-009 -0.0129236
1.58159e-009 0.00121522
1.59826e-009 0.0102786
1.61492e-009 0.000472884
1.63159e-009 -0.00840056
1.64826e-009 -0.00203033
1.66492e-009 0.00435718
1.68159e-009 0.00297609
1.69826e-009 0.00415001
1.71492e-009 0.00541025
1.73159e-009 -0.000424818
1.74826e-009 -0.00228928
1.76492e-009 0.00482329
1.78159e-009 0.0054793
1.79826e-009 -0.00234107
1.81492e-009 -0.00128799
1.83159e-009 0.00877663
1.84826e-009 0.0100541
1.86492e-009 0.00035204
1.88159e-009 -0.00641526
1.89826e-009 -0.0052586
1.91492e-009 -0.00310066
1.93159e-009 -0.00292803
1.94826e-009 -0.000908197
1.96492e-009 0.00206113
1.98159e-009 -0.0010981
1.99826e-009 -0.00862499
2.01492e-009 -0.00853867
2.03159e-009 -1.0494e-005
2.04826e-009 0.00380474
2.06492e-009 -0.000373028
2.08159e-009 -0.00204759
2.09826e-009 0.0029243
2.11492e-009 0.00768903
2.13159e-009 0.00508224
2.14826e-009 -0.00570745
2.16492e-009 -0.0147881
2.18159e-009 -0.0106966
2.19826e-009 -0.000562926
2.21492e-009 -0.000217656
2.23159e-009 -0.00479249
2.24826e-009 -0.00023492
2.26492e-009 0.00796525
2.28159e-009 0.00875937
2.29826e-009 0.00541025
2.31492e-009 0.0013188
2.33159e-009 -0.00373941
2.34826e-009 -0.00220296
2.36492e-009 0.00489234
2.38159e-009 0.0018367
2.39826e-009 -0.00724391
2.41492e-009 -0.000493872
2.43159e-009 0.0142837
2.44826e-009 0.0110382
2.46492e-009 -0.000959987
2.48159e-009 0.00318326
2.49826e-009 0.0117632
2.51492e-009 0.00323505
