LECROYSDA18000 15238 Waveform
Segments 1 SegmentSize 3002
Segment TrigTime TimeSinceSegment1
#1 02-Nov-2018 14:12:28 0                 
Time Ampl
-1.001112e-008 -0.00189899
-9.994455e-009 0.00794122
-9.977789e-009 0.00914966
-9.961122e-009 -0.0103581
-9.944455e-009 0.00414324
-9.927789e-009 0.0606813
-9.911122e-009 0.0515316
-9.894455e-009 -0.0306427
-9.877789e-009 -0.0379797
-9.861122e-009 0.0441946
-9.844455e-009 0.0687088
-9.827789e-009 0.0181267
-9.811122e-009 -0.00552432
-9.794455e-009 -0.00112213
-9.777789e-009 -0.00189899
-9.761122e-009 0.027449
-9.744455e-009 0.0624939
-9.727789e-009 0.0322828
-9.711122e-009 -0.0171772
-9.694455e-009 -0.0113939
-9.677789e-009 0.0105307
-9.661122e-009 0.0110486
-9.644455e-009 0.0145014
-9.627789e-009 -0.00276216
-9.611122e-009 -0.0561064
-9.594455e-009 -0.0647382
-9.577789e-009 -0.00612855
-9.561122e-009 0.0242552
-9.544455e-009 0.00284848
-9.527789e-009 -0.00811385
-9.511122e-009 -0.0181267
-9.494455e-009 -0.0548117
-9.477789e-009 -0.0651698
-9.461122e-009 -0.0291753
-9.444455e-009 -0.00371166
-9.427789e-009 0.000863176
-9.411122e-009 0.012516
-9.394455e-009 0.012516
-9.377789e-009 -0.00310743
-9.361122e-009 0.00742331
-9.344455e-009 0.0328007
-9.327789e-009 0.0189899
-9.311122e-009 -0.018213
-9.294455e-009 -0.0212341
-9.277789e-009 0.00500642
-9.261122e-009 0.012516
-9.244455e-009 -0.00336639
-9.227789e-009 0.00422956
-9.211122e-009 0.0468704
-9.194455e-009 0.0567106
-9.177789e-009 -0.00120845
-9.161122e-009 -0.0395334
-9.144455e-009 0.0029348
-9.127789e-009 0.0294343
-9.111122e-009 -0.0353902
-9.094455e-009 -0.0895976
-9.077789e-009 -0.0396198
-9.061122e-009 0.034786
-9.044455e-009 0.0284848
-9.027789e-009 -0.0339228
-9.011122e-009 -0.0617171
-8.994455e-009 -0.0227015
-8.977789e-009 0.0195078
-8.961122e-009 -0.0044022
-8.944455e-009 -0.0499779
-8.927789e-009 -0.0369439
-8.911122e-009 -0.00940862
-8.894455e-009 -0.0310743
-8.877789e-009 -0.0296932
-8.861122e-009 0.0295206
-8.844455e-009 0.0250321
-8.827789e-009 -0.0645655
-8.811122e-009 -0.0793259
-8.794455e-009 0.0117392
-8.777789e-009 0.0588686
-8.761122e-009 0.0243416
-8.744455e-009 -0.00034527
-8.727789e-009 -0.00129476
-8.711122e-009 -0.0063875
-8.694455e-009 0.00768226
-8.677789e-009 0.0233057
-8.661122e-009 -0.0118255
-8.644455e-009 -0.0526537
-8.627789e-009 -0.0265858
-8.611122e-009 0.0223563
-8.594455e-009 0.0209752
-8.577789e-009 -0.00405693
-8.561122e-009 0.00422956
-8.544455e-009 0.0333186
-8.527789e-009 0.0376345
-8.511122e-009 0.0132066
-8.494455e-009 -0.00319375
-8.477789e-009 0.00250321
-8.461122e-009 0
-8.444455e-009 -0.0199394
-8.427789e-009 -0.0244279
-8.411122e-009 -0.018213
-8.394455e-009 -0.0365987
-8.377789e-009 -0.0472157
-8.361122e-009 -0.00241689
-8.344455e-009 0.0384976
-8.327789e-009 0.00397061
-8.311122e-009 -0.0448851
-8.294455e-009 -0.0248595
-8.277789e-009 0.0195078
-8.261122e-009 0.0159688
-8.244455e-009 -0.00578328
-8.227789e-009 0.0049201
-8.211122e-009 0.0228742
-8.194455e-009 0.0133792
-8.177789e-009 -0.000258953
-8.161122e-009 0.00397061
-8.144455e-009 0.0029348
-8.127789e-009 -0.00647382
-8.111122e-009 0.0154508
-8.094455e-009 0.0561064
-8.077789e-009 0.0405693
-8.061122e-009 -0.0295206
-8.044455e-009 -0.0550706
-8.027789e-009 -0.0063875
-8.011122e-009 0.0304701
-7.994455e-009 0.00397061
-7.977789e-009 -0.0389292
-7.961122e-009 -0.0414324
-7.944455e-009 0.0044022
-7.927789e-009 0.0574875
-7.911122e-009 0.058437
-7.894455e-009 0.00897703
-7.877789e-009 -0.0238237
-7.861122e-009 -0.0176951
-7.844455e-009 -0.00388429
-7.827789e-009 0.0248595
-7.811122e-009 0.0666372
-7.794455e-009 0.0491147
-7.777789e-009 -0.0298659
-7.761122e-009 -0.0554159
-7.744455e-009 -0.00768226
-7.727789e-009 -0.00129476
-7.711122e-009 -0.0568833
-7.694455e-009 -0.0832101
-7.677789e-009 -0.0690541
-7.661122e-009 -0.0617171
-7.644455e-009 -0.0391019
-7.627789e-009 0.0124297
-7.611122e-009 0.0277079
-7.594455e-009 -0.0098402
-7.577789e-009 -0.0229605
-7.561122e-009 0.0110486
-7.544455e-009 0.0183856
-7.527789e-009 -0.0248595
-7.511122e-009 -0.0398787
-7.494455e-009 0.0106171
-7.477789e-009 0.0462662
-7.461122e-009 0.0190762
-7.444455e-009 0.00673277
-7.427789e-009 0.045403
-7.411122e-009 0.0432451
-7.394455e-009 -0.016314
-7.377789e-009 -0.0265858
-7.361122e-009 0.00526537
-7.344455e-009 -0.0222699
-7.327789e-009 -0.0525674
-7.311122e-009 0.00975389
-7.294455e-009 0.0536032
-7.277789e-009 -0.014415
-7.261122e-009 -0.0554159
-7.244455e-009 0.00863176
-7.227789e-009 0.0415188
-7.211122e-009 -0.00569696
-7.194455e-009 -0.0267584
-7.177789e-009 -0.00690541
-7.161122e-009 0.00388429
-7.144455e-009 0.0260679
-7.127789e-009 0.0458346
-7.111122e-009 0.0119118
-7.094455e-009 -0.0176951
-7.077789e-009 0.00725068
-7.061122e-009 0.000776858
-7.044455e-009 -0.0577465
-7.027789e-009 -0.0647382
-7.011122e-009 -0.0257226
-6.994455e-009 -0.022011
-6.977789e-009 -0.0138108
-6.961122e-009 0.0246868
-6.944455e-009 0.00466115
-6.927789e-009 -0.0477336
-6.911122e-009 -0.00448851
-6.894455e-009 0.0723341
-6.877789e-009 0.038325
-6.861122e-009 -0.0313333
-6.844455e-009 -0.0100992
-6.827789e-009 0.0290027
-6.811122e-009 0.0106171
-6.794455e-009 0.0173498
-6.777789e-009 0.0739742
-6.761122e-009 0.0708667
-6.744455e-009 -0.00302112
-6.727789e-009 -0.0240826
-6.711122e-009 0.0300385
-6.694455e-009 0.0409145
-6.677789e-009 -0.0290027
-6.661122e-009 -0.0664645
-6.644455e-009 -0.00707804
-6.627789e-009 0.0593002
-6.611122e-009 0.0498916
-6.594455e-009 0.0121708
-6.577789e-009 0.0126024
-6.561122e-009 0.0344407
-6.544455e-009 0.0370302
-6.527789e-009 0.0129476
-6.511122e-009 -0.0151919
-6.494455e-009 -0.0104444
-6.477789e-009 0.0176088
-6.461122e-009 0.0019853
-6.444455e-009 -0.0489421
-6.427789e-009 -0.0422093
-6.411122e-009 0.00854544
-6.394455e-009 0.000604223
-6.377789e-009 -0.0340954
-6.361122e-009 0.000517905
-6.344455e-009 0.0468704
-6.327789e-009 0.0189035
-6.311122e-009 -0.0231331
-6.294455e-009 -0.0230468
-6.277789e-009 -0.0139834
-6.261122e-009 0.0116529
-6.244455e-009 0.0538622
-6.227789e-009 0.0210615
-6.211122e-009 -0.0684498
-6.194455e-009 -0.0528264
-6.177789e-009 0.0510137
-6.161122e-009 0.0517042
-6.144455e-009 -0.0391019
-6.127789e-009 -0.0423819
-6.111122e-009 0.0297796
-6.094455e-009 0.0384113
-6.077789e-009 0.00483378
-6.061122e-009 0.0202846
-6.044455e-009 0.0407419
-6.027789e-009 -0.00034527
-6.011122e-009 -0.0423819
-5.994455e-009 -0.00854544
-5.977789e-009 0.0552432
-5.961122e-009 0.0541211
-5.944455e-009 -0.00474747
-5.927789e-009 -0.0240826
-5.911122e-009 0.0194215
-5.894455e-009 0.0348723
-5.877789e-009 -0.0181267
-5.861122e-009 -0.0602497
-5.844455e-009 -0.0461799
-5.827789e-009 -0.0334912
-5.811122e-009 -0.0505821
-5.794455e-009 -0.0492873
-5.777789e-009 -0.0141561
-5.761122e-009 0.0119981
-5.744455e-009 0.0116529
-5.727789e-009 0.00543801
-5.711122e-009 0.00353902
-5.694455e-009 0.00328007
-5.677789e-009 0.0124297
-5.661122e-009 0.0334912
-5.644455e-009 0.042123
-5.627789e-009 0.0156235
-5.611122e-009 -0.0158824
-5.594455e-009 0.00276216
-5.577789e-009 0.0571422
-5.561122e-009 0.0671551
-5.544455e-009 0.0140698
-5.527789e-009 -0.0265858
-5.511122e-009 -0.00889071
-5.494455e-009 0.0273627
-5.477789e-009 0.0434177
-5.461122e-009 0.0409145
-5.444455e-009 0.016314
-5.427789e-009 -0.0249458
-5.411122e-009 -0.0315059
-5.394455e-009 0.0219247
-5.377789e-009 0.0651698
-5.361122e-009 0.0262405
-5.344455e-009 -0.0498916
-5.327789e-009 -0.0637887
-5.311122e-009 -0.00716436
-5.294455e-009 0.032887
-5.277789e-009 0.00284848
-5.261122e-009 -0.0484242
-5.244455e-009 -0.0486831
-5.227789e-009 -0.00863176
-5.211122e-009 0.0049201
-5.194455e-009 -0.0208889
-5.177789e-009 -0.0361671
-5.161122e-009 -0.0175225
-5.144455e-009 0.0113939
-5.127789e-009 0.0270174
-5.111122e-009 0.0145014
-5.094455e-009 -0.0161414
-5.077789e-009 -0.0115666
-5.061122e-009 0.0389292
-5.044455e-009 0.0504958
-5.027789e-009 -0.0098402
-5.011122e-009 -0.0491147
-4.994455e-009 -0.0290027
-4.977789e-009 -0.021752
-4.961122e-009 -0.0295206
-4.944455e-009 0.00656014
-4.927789e-009 0.040224
-4.911122e-009 0.014674
-4.894455e-009 -0.000517905
-4.877789e-009 0.0338365
-4.861122e-009 0.0396198
-4.844455e-009 -0.00189899
-4.827789e-009 -0.0284848
-4.811122e-009 -0.0391882
-4.794455e-009 -0.0451441
-4.777789e-009 -0.0148466
-4.761122e-009 0.0126887
-4.744455e-009 -0.0233057
-4.727789e-009 -0.052999
-4.711122e-009 -0.0126887
-4.694455e-009 0.0142424
-4.677789e-009 -0.0204573
-4.661122e-009 -0.0435041
-4.644455e-009 -0.0403966
-4.627789e-009 -0.0498052
-4.611122e-009 -0.0333186
-4.594455e-009 0.0187309
-4.577789e-009 0.0214931
-4.561122e-009 -0.0239963
-4.544455e-009 -0.0160551
-4.527789e-009 0.0452304
-4.511122e-009 0.0681046
-4.494455e-009 0.030988
-4.477789e-009 -0.0204573
-4.461122e-009 -0.04946
-4.444455e-009 -0.0401377
-4.427789e-009 -0.0128613
-4.411122e-009 -0.00612855
-4.394455e-009 -0.022011
-4.377789e-009 -0.0434177
-4.361122e-009 -0.0574875
-4.344455e-009 -0.0327144
-4.327789e-009 0.0244279
-4.311122e-009 0.0361671
-4.294455e-009 -0.00863176
-4.277789e-009 -0.0159688
-4.261122e-009 0.0277079
-4.244455e-009 0.0294343
-4.227789e-009 -0.0161414
-4.211122e-009 -0.0183856
-4.194455e-009 0.0350449
-4.177789e-009 0.0672414
-4.161122e-009 0.0435904
-4.144455e-009 0.0132066
-4.127789e-009 0.0248595
-4.111122e-009 0.0414324
-4.094455e-009 0.00595591
-4.077789e-009 -0.0233057
-4.061122e-009 0.0323691
-4.044455e-009 0.0861449
-4.027789e-009 0.0352176
-4.011122e-009 -0.0261542
-3.994455e-009 0.00164003
-3.977789e-009 0.0335775
-3.961122e-009 0.00457483
-3.944455e-009 -0.0164003
-3.927789e-009 -0.00699172
-3.911122e-009 -0.00552432
-3.894455e-009 0.00535169
-3.877789e-009 0.0258953
-3.861122e-009 0.0140698
-3.844455e-009 0.000517905
-3.827789e-009 0.0169182
-3.811122e-009 0.000517905
-3.794455e-009 -0.0543801
-3.777789e-009 -0.0649971
-3.761122e-009 -0.0408282
-3.744455e-009 -0.0369439
-3.727789e-009 -0.0208025
-3.711122e-009 0.00164003
-3.694455e-009 -0.0318512
-3.677789e-009 -0.0501505
-3.661122e-009 0.0309017
-3.644455e-009 0.0872671
-3.627789e-009 0.018472
-3.611122e-009 -0.0447125
-3.594455e-009 -0.018472
-3.577789e-009 -0.00371166
-3.561122e-009 -0.018472
-3.544455e-009 0.0235647
-3.527789e-009 0.0734563
-3.511122e-009 0.0321101
-3.494455e-009 -0.0322828
-3.477789e-009 -0.0210615
-3.461122e-009 0.00768226
-3.444455e-009 -0.0183856
-3.427789e-009 -0.0365123
-3.411122e-009 0.00871807
-3.394455e-009 0.0493737
-3.377789e-009 0.0422956
-3.361122e-009 0.0498916
-3.344455e-009 0.0720752
-3.327789e-009 0.0270174
-3.311122e-009 -0.0311606
-3.294455e-009 0.0158824
-3.277789e-009 0.0683635
-3.261122e-009 -0.0177814
-3.244455e-009 -0.102977
-3.227789e-009 -0.032887
-3.211122e-009 0.039965
-3.194455e-009 -0.00828649
-3.177789e-009 -0.0301248
-3.161122e-009 0.029089
-3.144455e-009 0.0218383
-3.127789e-009 -0.0465252
-3.111122e-009 -0.043763
-3.094455e-009 -0.00759595
-3.077789e-009 -0.0215794
-3.061122e-009 -0.0228742
-3.044455e-009 0.0252047
-3.027789e-009 0.0481652
-3.011122e-009 0.0176951
-2.994455e-009 -0.0275353
-2.977789e-009 -0.0555885
-2.961122e-009 -0.0378071
-2.944455e-009 0.00811385
-2.927789e-009 0.0115666
-2.911122e-009 -0.0275353
-2.894455e-009 -0.0429862
-2.877789e-009 -0.0242552
-2.861122e-009 0.00871807
-2.844455e-009 0.0436767
-2.827789e-009 0.0283985
-2.811122e-009 -0.0410872
-2.794455e-009 -0.0618897
-2.777789e-009 -0.011135
-2.761122e-009 0.0101855
-2.744455e-009 -0.0180404
-2.727789e-009 -0.0394471
-2.711122e-009 -0.0538622
-2.694455e-009 -0.0532579
-2.677789e-009 -0.0174361
-2.661122e-009 -0.00906335
-2.644455e-009 -0.0432451
-2.627789e-009 -0.0337502
-2.611122e-009 -0.0183856
-2.594455e-009 -0.0883029
-2.577789e-009 -0.126455
-2.561122e-009 -0.0401377
-2.544455e-009 0.00448851
-2.527789e-009 -0.061976
-2.511122e-009 -0.0774269
-2.494455e-009 -0.0304701
-2.477789e-009 -0.0411735
-2.461122e-009 -0.0542938
-2.444455e-009 -0.00880439
-2.427789e-009 0.00604223
-2.411122e-009 -0.00621487
-2.394455e-009 0.0179541
-2.377789e-009 0.00647382
-2.361122e-009 -0.0353902
-2.344455e-009 0.0149329
-2.327789e-009 0.067414
-2.311122e-009 -0.0147603
-2.294455e-009 -0.0687951
-2.277789e-009 0.0156235
-2.261122e-009 0.0470431
-2.244455e-009 -0.0241689
-2.227789e-009 -0.0365987
-2.211122e-009 -0.0199394
-2.194455e-009 -0.0439356
-2.177789e-009 0.0153645
-2.161122e-009 0.116442
-2.144455e-009 0.0444536
-2.127789e-009 -0.0969346
-2.111122e-009 -0.0649108
-2.094455e-009 0.0365123
-2.077789e-009 0.0381524
-2.061122e-009 0.0386703
-2.044455e-009 0.089684
-2.027789e-009 0.0787216
-2.011122e-009 0.0192488
-1.994455e-009 0.00975389
-1.977789e-009 0.032887
-1.961122e-009 0.0363397
-1.944455e-009 0.00319375
-1.927789e-009 -0.0577465
-1.911122e-009 -0.0596454
-1.894455e-009 0.0227015
-1.877789e-009 0.0424682
-1.861122e-009 -0.0183856
-1.844455e-009 0.0264132
-1.827789e-009 0.14182
-1.811122e-009 0.107897
-1.794455e-009 -0.00207162
-1.777789e-009 0.0161414
-1.761122e-009 0.0741468
-1.744455e-009 0.0441946
-1.727789e-009 0.0277943
-1.711122e-009 0.0700899
-1.694455e-009 0.0750963
-1.677789e-009 0.0471294
-1.661122e-009 0.0292617
-1.644455e-009 -0.00768226
-1.627789e-009 -0.0295206
-1.611122e-009 -0.000517905
-1.594455e-009 -0.00750963
-1.577789e-009 -0.0517905
-1.561122e-009 -0.0164867
-1.544455e-009 0.0479926
-1.527789e-009 0.0189035
-1.511122e-009 -0.0237373
-1.494455e-009 -0.000690541
-1.477789e-009 -0.00112213
-1.461122e-009 -0.0288301
-1.444455e-009 -0.00284848
-1.427789e-009 0.0121708
-1.411122e-009 -0.0275353
-1.394455e-009 -0.00759595
-1.377789e-009 0.0607676
-1.361122e-009 0.0395334
-1.344455e-009 -0.0166593
-1.327789e-009 0.0136382
-1.311122e-009 0.0566243
-1.294455e-009 0.0419503
-1.277789e-009 0.0329733
-1.261122e-009 0.025291
-1.244455e-009 -0.0171772
-1.227789e-009 -0.0196804
-1.211122e-009 0.0231331
-1.194455e-009 0.0058696
-1.177789e-009 -0.0405693
-1.161122e-009 -0.0208025
-1.144455e-009 0.00794122
-1.127789e-009 0.0049201
-1.111122e-009 0.0442809
-1.094455e-009 0.0776858
-1.077789e-009 0.00284848
-1.061122e-009 -0.0621487
-1.044455e-009 0.0083728
-1.027789e-009 0.0811385
-1.011122e-009 0.0433314
-9.944554e-010 -8.63176e-005
-9.777887e-010 0.00552432
-9.611221e-010 -0.00526537
-9.444554e-010 -0.00673277
-9.277887e-010 0.0424682
-9.111221e-010 0.0477336
-8.944554e-010 -0.0340091
-8.777887e-010 -0.0815701
-8.611221e-010 -0.040224
-8.444554e-010 -0.00958125
-8.277887e-010 -0.0342681
-8.111221e-010 -0.0377208
-7.944554e-010 0.0169182
-7.777887e-010 0.0683635
-7.611221e-010 0.0675867
-7.444554e-010 0.0432451
-7.277887e-010 0.0357355
-7.111221e-010 0.0341818
-6.944554e-010 0.0122571
-6.777887e-010 -0.0190762
-6.611221e-010 -0.0358218
-6.444554e-010 -0.0319375
-6.277887e-010 -0.0083728
-6.111221e-010 0.02719
-5.944554e-010 0.0551569
-5.777887e-010 0.0595591
-5.611221e-010 0.0211478
-5.444554e-010 -0.0637024
-5.277887e-010 -0.118082
-5.111221e-010 -0.0596454
-4.944554e-010 0.0365123
-4.777887e-010 0.0365987
-4.611221e-010 -0.0171772
-4.444554e-010 0.00431588
-4.277887e-010 0.0814838
-4.111221e-010 0.111695
-3.944554e-010 0.0777721
-3.777887e-010 0.0171772
-3.611221e-010 -0.0294343
-3.444554e-010 -0.0224426
-3.277887e-010 0.00569696
-3.111221e-010 -0.0109623
-2.944554e-010 -0.0288301
-2.777887e-010 0.0168319
-2.611221e-010 0.0618897
-2.444554e-010 0.0542074
-2.277887e-010 0.0543801
-2.111221e-010 0.0628392
-1.944554e-010 0.021752
-1.777887e-010 -0.00483378
-1.611221e-010 0.0495463
-1.444554e-010 0.0919282
-1.277887e-010 0.0648245
-1.111221e-010 0.0547253
-9.44554e-011 0.0946904
-7.778873e-011 0.145359
-6.112206e-011 0.226238
-4.44554e-011 0.323259
-2.778873e-011 0.35606
-1.112206e-011 0.364692
5.544605e-012 0.453858
2.221127e-011 0.571854
3.887794e-011 0.620451
5.55446e-011 0.644792
7.221127e-011 0.708667
8.887794e-011 0.782728
1.055446e-010 0.845999
1.222113e-010 0.911686
1.388779e-010 0.972281
1.555446e-010 1.02459
1.722113e-010 1.07759
1.888779e-010 1.133
2.055446e-010 1.20223
2.222113e-010 1.26965
2.388779e-010 1.29114
2.555446e-010 1.30685
2.722113e-010 1.37625
2.888779e-010 1.40801
3.055446e-010 1.33059
3.222113e-010 1.28268
3.388779e-010 1.3425
3.555446e-010 1.37607
3.722113e-010 1.34595
3.888779e-010 1.34966
4.055446e-010 1.34457
4.222113e-010 1.26913
4.388779e-010 1.23684
4.555446e-010 1.28466
4.722113e-010 1.29131
4.888779e-010 1.25281
5.055446e-010 1.23728
5.222113e-010 1.21
5.388779e-010 1.18799
5.555446e-010 1.21388
5.722113e-010 1.14889
5.888779e-010 0.948803
6.055446e-010 0.855493
6.222113e-010 0.91065
6.388779e-010 0.850487
6.555446e-010 0.682427
6.722113e-010 0.632794
6.888779e-010 0.613804
7.055446e-010 0.457138
7.222113e-010 0.305219
7.388779e-010 0.253515
7.555446e-010 0.15917
7.722113e-010 0.0122571
7.888779e-010 -0.0833828
8.055446e-010 -0.182734
8.222113e-010 -0.323777
8.388779e-010 -0.429171
8.555446e-010 -0.536291
8.722113e-010 -0.694943
8.888779e-010 -0.793517
9.055446e-010 -0.824247
9.222113e-010 -0.928432
9.388779e-010 -1.0592
9.555446e-010 -1.0857
9.722113e-010 -1.09157
9.888779e-010 -1.16028
1.005545e-009 -1.21086
1.022211e-009 -1.24565
1.038878e-009 -1.3261
1.055545e-009 -1.36434
1.072211e-009 -1.31669
1.088878e-009 -1.30296
1.105545e-009 -1.3349
1.122211e-009 -1.316
1.138878e-009 -1.28605
1.155545e-009 -1.3034
1.172211e-009 -1.29899
1.188878e-009 -1.26136
1.205545e-009 -1.25963
1.222211e-009 -1.25696
1.238878e-009 -1.19412
1.255545e-009 -1.13672
1.272211e-009 -1.15156
1.288878e-009 -1.20189
1.305545e-009 -1.21319
1.322211e-009 -1.14284
1.338878e-009 -1.04444
1.355545e-009 -1.01976
1.372211e-009 -1.03348
1.388878e-009 -0.971677
1.405545e-009 -0.873189
1.422211e-009 -0.81855
1.438878e-009 -0.749064
1.455545e-009 -0.652129
1.472211e-009 -0.607762
1.488878e-009 -0.552691
1.505545e-009 -0.411649
1.522211e-009 -0.327403
1.538878e-009 -0.355369
1.555545e-009 -0.304442
1.572211e-009 -0.153386
1.588878e-009 -0.0889934
1.605545e-009 -0.083728
1.622211e-009 -0.0063875
1.638878e-009 0.0504095
1.655545e-009 0.0185583
1.672211e-009 0.0319375
1.688878e-009 0.104617
1.705545e-009 0.109105
1.722211e-009 0.0763911
1.738878e-009 0.0880439
1.755545e-009 0.0889934
1.772211e-009 0.0717299
1.788878e-009 0.0980568
1.805545e-009 0.0968483
1.822211e-009 0.0140698
1.838878e-009 -0.0158824
1.855545e-009 0.0506684
1.872211e-009 0.0523084
1.888878e-009 -0.0401377
1.905545e-009 -0.0746647
1.922211e-009 -0.0413461
1.938878e-009 -0.0601633
1.955545e-009 -0.114284
1.972211e-009 -0.110314
1.988878e-009 -0.0754416
2.005545e-009 -0.0705215
2.022211e-009 -0.0569696
2.038878e-009 -0.00448851
2.055545e-009 0.0189899
2.072211e-009 -0.0230468
2.088878e-009 -0.0552432
2.105545e-009 -0.0281395
2.122211e-009 -0.00319375
2.138878e-009 -0.0320238
2.155545e-009 -0.0819154
2.172211e-009 -0.112817
2.188878e-009 -0.113076
2.205545e-009 -0.0812248
2.222211e-009 -0.0523084
2.238878e-009 -0.0637887
2.255545e-009 -0.0855407
2.272211e-009 -0.0881302
2.288878e-009 -0.0987473
2.305545e-009 -0.104185
2.322211e-009 -0.0689677
2.338878e-009 -0.0578328
2.355545e-009 -0.115838
2.372211e-009 -0.142424
2.388878e-009 -0.101768
2.405545e-009 -0.108674
2.422211e-009 -0.162881
2.438878e-009 -0.151401
2.455545e-009 -0.118773
2.472211e-009 -0.153645
2.488878e-009 -0.170736
2.505545e-009 -0.126714
2.522211e-009 -0.134742
2.538878e-009 -0.176692
2.555545e-009 -0.11955
2.572211e-009 -0.0324554
2.588878e-009 -0.0505821
2.605545e-009 -0.0806206
2.622211e-009 -0.0123434
2.638878e-009 0.0526537
2.655545e-009 0.0286574
2.672211e-009 -0.0133792
2.688878e-009 -0.0272764
2.705545e-009 -0.0351313
2.722211e-009 -0.0281395
2.738878e-009 -0.0136382
2.755545e-009 -0.0331459
2.772211e-009 -0.0590412
2.788878e-009 -0.0303838
2.805545e-009 0.0271037
2.822211e-009 0.0534306
2.838878e-009 0.0488557
2.855545e-009 0.0334912
2.872211e-009 0.00828649
2.888878e-009 -0.0157098
2.905545e-009 -0.0277079
2.922211e-009 -0.044022
2.938878e-009 -0.0699172
2.955545e-009 -0.0700036
2.972211e-009 -0.0242552
2.988878e-009 0.0197667
3.005545e-009 0.0100128
3.022211e-009 -0.0158824
3.038878e-009 0.00750963
3.055545e-009 0.0372029
3.072211e-009 -0.00388429
3.088878e-009 -0.0518769
3.105545e-009 -0.00388429
3.122211e-009 0.0620623
3.138878e-009 0.0178677
3.155545e-009 -0.0631845
3.172211e-009 -0.0485968
3.188878e-009 0.00112213
3.205545e-009 -0.0205436
3.222211e-009 -0.0523084
3.238878e-009 -0.0219247
3.255545e-009 0.000258953
3.272211e-009 -0.027449
3.288878e-009 -0.0291753
3.305545e-009 0.0113939
3.322211e-009 0.0262405
3.338878e-009 0.0246868
3.355545e-009 0.0514453
3.372211e-009 0.0599907
3.388878e-009 0.0204573
3.405545e-009 -0.0019853
3.422211e-009 -0.00328007
3.438878e-009 -0.0538622
3.455545e-009 -0.115752
3.472211e-009 -0.100646
3.488878e-009 -0.0511
3.505545e-009 -0.0321965
3.522211e-009 0.000258953
3.538878e-009 0.0518769
3.555545e-009 0.0425546
3.572211e-009 -0.0104444
3.588878e-009 -0.0162277
3.605545e-009 0.00820017
3.622211e-009 0.00397061
3.638878e-009 -0.0101855
3.655545e-009 -0.0252047
3.672211e-009 -0.0606813
3.688878e-009 -0.0659466
3.705545e-009 -0.00897703
3.722211e-009 0.0211478
3.738878e-009 -0.0221836
3.755545e-009 -0.0490284
3.772211e-009 -0.0151919
3.788878e-009 0.011135
3.805545e-009 0.00172635
3.822211e-009 -0.00552432
3.838878e-009 -0.00483378
3.855545e-009 -0.00543801
3.872211e-009 0.00699172
3.888878e-009 0.0219247
3.905545e-009 0.00906335
3.922211e-009 -0.0152782
3.938878e-009 -0.0155372
3.955545e-009 -0.00526537
3.972211e-009 -0.0166593
3.988878e-009 -0.0361671
4.005545e-009 -0.0324554
4.022211e-009 -0.0135519
4.038878e-009 -0.00371166
4.055545e-009 0.00129476
4.072211e-009 0.0107034
4.088878e-009 0.0112213
4.105545e-009 0.000604223
4.122211e-009 -0.00422956
4.138878e-009 -0.00897703
4.155545e-009 -0.0257226
4.172211e-009 -0.0365123
4.188878e-009 -0.0292617
4.205545e-009 -0.0155372
4.222211e-009 0.00034527
4.238878e-009 -0.00189899
4.255545e-009 -0.0511
4.272211e-009 -0.0916693
4.288878e-009 -0.0480789
4.305545e-009 0.0129476
4.322211e-009 -0.00379797
4.338878e-009 -0.0346997
4.355545e-009 -0.00673277
4.372211e-009 0.0170909
4.388878e-009 0.00992652
4.405545e-009 0.025809
4.422211e-009 0.0290027
4.438878e-009 -0.0237373
4.455545e-009 -0.0425546
4.472211e-009 0.00681909
4.488878e-009 0.0199394
4.505545e-009 -0.0155372
4.522211e-009 -0.0189035
4.538878e-009 -0.0102718
4.555545e-009 -0.0233921
4.572211e-009 -0.00690541
4.588878e-009 0.023651
4.605545e-009 0.00379797
4.622211e-009 -0.0200257
4.638878e-009 0.000258953
4.655545e-009 0.0151919
4.672211e-009 0.025291
4.688878e-009 0.0573149
4.705545e-009 0.0417777
4.722211e-009 -0.023651
4.738878e-009 -0.0257226
4.755545e-009 0.00422956
4.772211e-009 -0.0461799
4.788878e-009 -0.0898566
4.805545e-009 -0.0243416
4.822211e-009 0.0296069
4.838878e-009 -0.00871807
4.855545e-009 -0.0318512
4.872211e-009 -0.00112213
4.888878e-009 0.0191625
4.905545e-009 0.0296069
4.922211e-009 0.0260679
4.938878e-009 -0.0294343
4.955545e-009 -0.0745784
4.972211e-009 -0.0478199
4.988878e-009 -0.0240826
5.005545e-009 -0.0446262
5.022211e-009 -0.0497189
5.038878e-009 -0.0365987
5.055545e-009 -0.0196804
5.072211e-009 0.0416051
5.088878e-009 0.0971936
5.105545e-009 0.054898
5.122211e-009 -0.0083728
5.138878e-009 0.0063875
5.155545e-009 0.0321965
5.172211e-009 0.0250321
5.188878e-009 0.0323691
5.205545e-009 0.014674
5.222211e-009 -0.0534306
5.238878e-009 -0.0484242
5.255545e-009 0.0451441
5.272211e-009 0.0574875
5.288878e-009 -0.0355628
5.305545e-009 -0.0808796
5.322211e-009 -0.0416914
5.338878e-009 -0.00189899
5.355545e-009 0.00388429
5.372211e-009 -0.014415
5.388878e-009 -0.0246868
5.405545e-009 0.00526537
5.422211e-009 0.0256363
5.438878e-009 -0.0140698
5.455545e-009 -0.0454894
5.472211e-009 -0.0253774
5.488878e-009 -0.0167456
5.505545e-009 -0.0173498
5.522211e-009 0.0172635
5.538878e-009 0.0223563
5.555545e-009 -0.0277079
5.572211e-009 -0.032628
5.588878e-009 0.000431588
5.605545e-009 -0.0261542
5.622211e-009 -0.0540348
5.638878e-009 -0.00733699
5.655545e-009 0.0154508
5.672211e-009 -0.0325417
5.688878e-009 -0.0512726
5.705545e-009 -0.0388429
5.722211e-009 -0.062235
5.738878e-009 -0.060336
5.755545e-009 0.011135
5.772211e-009 0.0552432
5.788878e-009 0.0266721
5.805545e-009 -0.0139834
5.822211e-009 -0.0403103
5.838878e-009 -0.0426409
5.855545e-009 -0.00466115
5.872211e-009 0.013034
5.888878e-009 -0.0346997
5.905545e-009 -0.0632708
5.922211e-009 -0.018213
5.938878e-009 0.0227015
5.955545e-009 0.0164867
5.972211e-009 0.0134655
5.988878e-009 0.0222699
6.005545e-009 -0.000172635
6.022211e-009 -0.0432451
6.038878e-009 -0.0403103
6.055545e-009 0.0223563
6.072211e-009 0.0441946
6.088878e-009 -0.0445399
6.105545e-009 -0.117047
6.122211e-009 -0.0502368
6.138878e-009 0.0189035
6.155545e-009 -0.0426409
6.172211e-009 -0.0831238
6.188878e-009 0.00241689
6.205545e-009 0.049201
6.222211e-009 -0.00233057
6.238878e-009 -0.00448851
6.255545e-009 0.0365987
6.272211e-009 0.0199394
6.288878e-009 0.0208889
6.305545e-009 0.0677593
6.322211e-009 0.0154508
6.338878e-009 -0.0975389
6.355545e-009 -0.0789806
6.372211e-009 0.00630118
6.388878e-009 -0.00845912
6.405545e-009 -0.0323691
6.422211e-009 0.034786
6.438878e-009 0.065774
6.455545e-009 0.00569696
6.472211e-009 -0.0175225
6.488878e-009 0.0214068
6.505545e-009 0.0331459
6.522211e-009 0.0157961
6.538878e-009 0.00621487
6.555545e-009 -0.0123434
6.572211e-009 -0.034527
6.588878e-009 -0.0376345
6.605545e-009 -0.0454894
6.622211e-009 -0.0604223
6.638878e-009 -0.0349586
6.655545e-009 0.0195078
6.672211e-009 0.0284848
6.688878e-009 -0.0157098
6.705545e-009 -0.0410872
6.722211e-009 -0.0241689
6.738878e-009 -0.0212341
6.755545e-009 -0.0488557
6.772211e-009 -0.0455757
6.788878e-009 -0.00595591
6.805545e-009 -0.00483378
6.822211e-009 -0.0306427
6.838878e-009 0.00224426
6.855545e-009 0.0524811
6.872211e-009 0.0194215
6.888878e-009 -0.0396198
6.905545e-009 -0.0291753
6.922211e-009 -0.00776858
6.938878e-009 -0.0302112
6.955545e-009 -0.0302112
6.972211e-009 0.00889071
6.988878e-009 0.0301248
7.005545e-009 0.0427272
7.022211e-009 0.0511
7.038878e-009 0.000258953
7.055545e-009 -0.0646519
7.072211e-009 -0.038584
7.088878e-009 0.0264132
7.105545e-009 0.0246005
7.122211e-009 -0.00336639
7.138878e-009 0.00362534
7.155545e-009 0.0142424
7.172211e-009 0.0241689
7.188878e-009 0.0467841
7.205545e-009 0.0282258
7.222211e-009 -0.0296069
7.238878e-009 -0.0355628
7.255545e-009 -0.00233057
7.272211e-009 -0.0183856
7.288878e-009 -0.047561
7.305545e-009 -0.0157961
7.322211e-009 0.0281395
7.338878e-009 0.0324554
7.355545e-009 0.0257226
7.372211e-009 0.00319375
7.388878e-009 -0.0506684
7.405545e-009 -0.0645655
7.422211e-009 -0.00310743
7.438878e-009 0.0415188
7.455545e-009 0.0155372
7.472211e-009 -0.0100128
7.488878e-009 0.0141561
7.505545e-009 0.0500642
7.522211e-009 0.0575738
7.538878e-009 0.031247
7.555545e-009 -0.0145877
7.572211e-009 -0.0457483
7.588878e-009 -0.0428998
7.605545e-009 -0.0258953
7.622211e-009 -0.0132929
7.638878e-009 -0.00725068
7.655545e-009 -0.0131203
7.672211e-009 -0.016314
7.688878e-009 0.00958125
7.705545e-009 0.0321965
7.722211e-009 0.00284848
7.738878e-009 -0.0328007
7.755545e-009 -0.00656014
7.772211e-009 0.0392745
7.788878e-009 0.0372892
7.805545e-009 0.0115666
7.822211e-009 -0.00949493
7.838878e-009 -0.0415188
7.855545e-009 -0.0524811
7.872211e-009 -0.0109623
7.888878e-009 0.0113076
7.905545e-009 -0.0232194
7.922211e-009 -0.0282258
7.938878e-009 0.00828649
7.955545e-009 -0.00733699
7.972211e-009 -0.0384976
7.988878e-009 0.0114802
8.005545e-009 0.047561
8.022211e-009 -0.0296069
8.038878e-009 -0.0769953
8.055545e-009 0.00733699
8.072211e-009 0.0688814
8.088878e-009 0.0231331
8.105545e-009 0.00466115
8.122211e-009 0.052999
8.138878e-009 0.0544664
8.155545e-009 0.00319375
8.172211e-009 -0.0169182
8.188878e-009 -0.00750963
8.205545e-009 0.00336639
8.222211e-009 0.0257226
8.238878e-009 0.0303838
8.255545e-009 -0.0104444
8.272211e-009 -0.0390155
8.288878e-009 -0.0113939
8.305545e-009 0.0176088
8.322211e-009 -0.0058696
8.338878e-009 -0.0481652
8.355545e-009 -0.0465252
8.372211e-009 -0.0105307
8.388878e-009 -0.0158824
8.405545e-009 -0.061976
8.422211e-009 -0.0458346
8.438878e-009 0.0278806
8.455545e-009 0.0239963
8.472211e-009 -0.040224
8.488878e-009 -0.0227878
8.505545e-009 0.0141561
8.522211e-009 -0.0643066
8.538878e-009 -0.123607
8.555545e-009 -0.0225289
8.572211e-009 0.0599907
8.588878e-009 -0.0135519
8.605545e-009 -0.073111
8.622211e-009 -0.0275353
8.638878e-009 -0.00319375
8.655545e-009 -0.00172635
8.672211e-009 0.0614581
8.688878e-009 0.0845912
8.705545e-009 -0.00630118
8.722211e-009 -0.0520495
8.738878e-009 0.0181267
8.755545e-009 0.0482515
8.772211e-009 -0.0107897
8.788878e-009 -0.0395334
8.805545e-009 -0.0196804
8.822211e-009 -0.0136382
8.838878e-009 0.00215794
8.855545e-009 0.0359944
8.872211e-009 0.0172635
8.888878e-009 -0.032628
8.905545e-009 -0.010876
8.922211e-009 0.0547253
8.938878e-009 0.0509274
8.955545e-009 -0.00940862
8.972211e-009 -0.041864
8.988878e-009 -0.0472157
9.005545e-009 -0.044022
9.022211e-009 -0.00431588
9.038878e-009 0.0321101
9.055545e-009 -0.0083728
9.072211e-009 -0.0551569
9.088878e-009 -0.00414324
9.105545e-009 0.0574875
9.122211e-009 0.0175225
9.138878e-009 -0.0374618
9.155545e-009 -0.0213204
9.172211e-009 -0.0153645
9.188878e-009 -0.0495463
9.205545e-009 -0.0386703
9.222211e-009 -0.00241689
9.238878e-009 -0.0138108
9.255545e-009 -0.0123434
9.272211e-009 0.038325
9.288878e-009 0.0302112
9.305545e-009 -0.0477336
9.322211e-009 -0.0627529
9.338878e-009 -0.00725068
9.355545e-009 0.0107897
9.372211e-009 -0.00802753
9.388878e-009 -0.00630118
9.405545e-009 0.00138108
9.422211e-009 0.00647382
9.438878e-009 0.0306427
9.455545e-009 0.0460936
9.472211e-009 0.0241689
9.488878e-009 -0.0101855
9.505545e-009 -0.0394471
9.522211e-009 -0.052999
9.538878e-009 -0.0264132
9.555545e-009 0.00388429
9.572211e-009 -0.0229605
9.588878e-009 -0.0529127
9.605545e-009 -0.00224426
9.622211e-009 0.0688814
9.638878e-009 0.0567106
9.655545e-009 -0.013034
9.672211e-009 -0.0495463
9.688878e-009 -0.0267584
9.705545e-009 0.0143287
9.722211e-009 0.0182993
9.738878e-009 -0.0248595
9.755545e-009 -0.0597318
9.772211e-009 -0.047302
9.788878e-009 -0.0192488
9.805545e-009 -0.00820017
9.822211e-009 -0.000604223
9.838878e-009 0.0169182
9.855545e-009 0.0324554
9.872211e-009 0.0283122
9.888878e-009 0.00880439
9.905545e-009 0.00828649
9.922211e-009 0.0365987
9.938878e-009 0.0441946
9.955545e-009 0.0126887
9.972211e-009 -0.00241689
9.988878e-009 0.00966757
1.000554e-008 -0.00552432
1.002221e-008 -0.0405693
1.003888e-008 -0.0357355
1.005554e-008 0.0109623
1.007221e-008 0.0585233
1.008888e-008 0.0707804
1.010554e-008 0.0353902
1.012221e-008 0.012516
1.013888e-008 0.0545527
1.015554e-008 0.0687951
1.017221e-008 -0.00725068
1.018888e-008 -0.0305564
1.020554e-008 0.0566243
1.022221e-008 0.0712983
1.023888e-008 -0.0176088
1.025554e-008 -0.0128613
1.027221e-008 0.0675867
1.028888e-008 0.0359944
1.030554e-008 -0.0442809
1.032221e-008 -0.02719
1.033888e-008 0.00267584
1.035554e-008 -0.0151919
1.037221e-008 0.0158824
1.038888e-008 0.0571422
1.040554e-008 0.00699172
1.042221e-008 -0.0266721
1.043888e-008 0.0308154
1.045554e-008 0.0329733
1.047221e-008 -0.0434177
1.048888e-008 -0.0360807
1.050554e-008 0.0311606
1.052221e-008 0.00595591
1.053888e-008 -0.0576601
1.055554e-008 -0.0289164
1.057221e-008 0.0462662
1.058888e-008 0.0693993
1.060554e-008 0.036426
1.062221e-008 -0.0148466
1.063888e-008 -0.0382387
1.065554e-008 -0.0128613
1.067221e-008 0.00794122
1.068888e-008 -0.0105307
1.070554e-008 -0.0172635
1.072221e-008 0.0063875
1.073888e-008 0.0155372
1.075554e-008 0.0149329
1.077221e-008 0.0336639
1.078888e-008 0.0346997
1.080554e-008 -0.0118255
1.082221e-008 -0.0531716
1.083888e-008 -0.0285711
1.085554e-008 0.0465252
1.087221e-008 0.0908924
1.088888e-008 0.0530853
1.090554e-008 0.000604223
1.092221e-008 0.0233057
1.093888e-008 0.0757868
1.095554e-008 0.0656014
1.097221e-008 0.0160551
1.098888e-008 -0.0122571
1.100554e-008 -0.0132929
1.102221e-008 0.0213204
1.103888e-008 0.0649971
1.105554e-008 0.0301248
1.107221e-008 -0.0507547
1.108888e-008 -0.0431588
1.110554e-008 0.00517905
1.112221e-008 -0.0434177
1.113888e-008 -0.096503
1.115554e-008 -0.0249458
1.117221e-008 0.0384976
1.118888e-008 -0.0137245
1.120554e-008 -0.0353902
1.122221e-008 0.0302112
1.123888e-008 0.0292617
1.125554e-008 -0.0479926
1.127221e-008 -0.0552432
1.128888e-008 -0.00707804
1.130554e-008 -0.0110486
1.132221e-008 -0.036426
1.133888e-008 -0.0282258
1.135554e-008 -0.0272764
1.137221e-008 -0.0391019
1.138888e-008 -0.0169182
1.140554e-008 0.014415
1.142221e-008 0.0119118
1.143888e-008 0.0100128
1.145554e-008 0.0325417
1.147221e-008 0.0378934
1.148888e-008 0.0186446
1.150554e-008 0.0194215
1.152221e-008 0.0371166
1.153888e-008 0.0239963
1.155554e-008 -0.0166593
1.157221e-008 -0.0359944
1.158888e-008 -0.0241689
1.160554e-008 -0.00863176
1.162221e-008 0.0100992
1.163888e-008 0.0378934
1.165554e-008 0.0382387
1.167221e-008 -0.000172635
1.168888e-008 -0.00742331
1.170554e-008 0.0424682
1.172221e-008 0.0542938
1.173888e-008 -0.0122571
1.175554e-008 -0.0396198
1.177221e-008 0.0303838
1.178888e-008 0.0704351
1.180554e-008 0.00371166
1.182221e-008 -0.0543801
1.183888e-008 -0.0249458
1.185554e-008 -8.63176e-005
1.187221e-008 -0.0355628
1.188888e-008 -0.0464389
1.190554e-008 -0.00241689
1.192221e-008 0.00681909
1.193888e-008 -0.0253774
1.195554e-008 0.00914966
1.197221e-008 0.102718
1.198888e-008 0.105307
1.200554e-008 -0.00656014
1.202221e-008 -0.0724204
1.203888e-008 -0.0206299
1.205554e-008 0.0317649
1.207221e-008 0.0100992
1.208888e-008 -0.0186446
1.210554e-008 -0.016573
1.212221e-008 -0.0241689
1.213888e-008 -0.0268448
1.215554e-008 0.0185583
1.217221e-008 0.0575738
1.218888e-008 0.0295206
1.220554e-008 8.63176e-005
1.222221e-008 0.0335775
1.223888e-008 0.0604223
1.225554e-008 0.0154508
1.227221e-008 -0.038584
1.228888e-008 -0.0263269
1.230554e-008 0.0331459
1.232221e-008 0.0826059
1.233888e-008 0.0899429
1.235554e-008 0.0529127
1.237221e-008 -0.00448851
1.238888e-008 -0.0517042
1.240554e-008 -0.0625802
1.242221e-008 -0.0196804
1.243888e-008 0.0355628
1.245554e-008 0.0248595
1.247221e-008 -0.0197667
1.248888e-008 0.0103581
1.250554e-008 0.0692267
1.252221e-008 0.0203709
1.253888e-008 -0.0706078
1.255554e-008 -0.045403
1.257221e-008 0.0316785
1.258888e-008 0.0152782
1.260554e-008 -0.0397924
1.262221e-008 -0.0313333
1.263888e-008 -0.000431588
1.265554e-008 0.00466115
1.267221e-008 -0.00233057
1.268888e-008 -0.0276216
1.270554e-008 -0.0448851
1.272221e-008 -0.0034527
1.273888e-008 0.02391
1.275554e-008 -0.0411735
1.277221e-008 -0.0855407
1.278888e-008 -0.0210615
1.280554e-008 0.0294343
1.282221e-008 0.00353902
1.283888e-008 0.0107034
1.285554e-008 0.0519632
1.287221e-008 0.0232194
1.288888e-008 -0.032628
1.290554e-008 -0.0315922
1.292221e-008 -0.0320238
1.293888e-008 -0.0712983
1.295554e-008 -0.0774269
1.297221e-008 -0.038325
1.298888e-008 0.000431588
1.300554e-008 0.0472157
1.302221e-008 0.0860586
1.303888e-008 0.0594728
1.305554e-008 0.00466115
1.307221e-008 -0.000604223
1.308888e-008 0.0197667
1.310554e-008 0.0173498
1.312221e-008 0.00224426
1.313888e-008 -0.0249458
1.315554e-008 -0.0571422
1.317221e-008 -0.0411735
1.318888e-008 0.0105307
1.320554e-008 0.0126887
1.322221e-008 -0.0268448
1.323888e-008 -0.0288301
1.325554e-008 0.00120845
1.327221e-008 0.0176951
1.328888e-008 0.0282258
1.330554e-008 0.025291
1.332221e-008 -0.0109623
1.333888e-008 -0.0264995
1.335554e-008 0.0149329
1.337221e-008 0.0317649
1.338888e-008 -0.0266721
1.340554e-008 -0.0757005
1.342221e-008 -0.0571422
1.343888e-008 -0.0288301
1.345554e-008 -0.029089
1.347221e-008 -0.0270174
1.348888e-008 -0.0220973
1.350554e-008 -0.0386703
1.352221e-008 -0.0467841
1.353888e-008 -0.0204573
1.355554e-008 -0.0132929
1.357221e-008 -0.0602497
1.358888e-008 -0.0915829
1.360554e-008 -0.0555885
1.362221e-008 -0.0195078
1.363888e-008 -0.0459209
1.365554e-008 -0.0864039
1.367221e-008 -0.0801027
1.368888e-008 -0.038325
1.370554e-008 0.0105307
1.372221e-008 0.0451441
1.373888e-008 0.0305564
1.375554e-008 -0.0234784
1.377221e-008 -0.0477336
1.378888e-008 -0.0245142
1.380554e-008 -0.00863176
1.382221e-008 -0.00958125
1.383888e-008 0.00707804
1.385554e-008 0.0142424
1.387221e-008 -0.0275353
1.388888e-008 -0.0624076
1.390554e-008 -0.0298659
1.392221e-008 0.0114802
1.393888e-008 -0.00940862
1.395554e-008 -0.0412598
1.397221e-008 -0.0138971
1.398888e-008 0.0291753
1.400554e-008 0.0220973
1.402221e-008 -0.00466115
1.403888e-008 0.00664645
1.405554e-008 0.0504095
1.407221e-008 0.0883892
1.408888e-008 0.0876987
1.410554e-008 0.038066
1.412221e-008 -0.00854544
1.413888e-008 0.00820017
1.415554e-008 0.0482515
1.417221e-008 0.0441083
1.418888e-008 0.0272764
1.420554e-008 0.0386703
1.422221e-008 0.0425546
1.423888e-008 0.042123
1.425554e-008 0.0803617
1.427221e-008 0.106084
1.428888e-008 0.0683635
1.430554e-008 0.0457483
1.432221e-008 0.0744921
1.433888e-008 0.067673
1.435554e-008 0.0237373
1.437221e-008 0.0244279
1.438888e-008 0.044022
1.440554e-008 0.0411735
1.442221e-008 0.067673
1.443888e-008 0.101337
1.445554e-008 0.0653424
1.447221e-008 0.0297796
1.448888e-008 0.0609402
1.450554e-008 0.0536032
1.452221e-008 -0.0113939
1.453888e-008 0.000172635
1.455554e-008 0.0632708
1.457221e-008 0.0516179
1.458888e-008 0.0243416
1.460554e-008 0.0483378
1.462221e-008 0.0249458
1.463888e-008 -0.0430725
1.465554e-008 -0.0336639
1.467221e-008 0.00284848
1.468888e-008 -0.0308154
1.470554e-008 -0.0523084
1.472221e-008 -0.0294343
1.473888e-008 -0.0592139
1.475554e-008 -0.0871807
1.477221e-008 -0.0109623
1.478888e-008 0.038584
1.480554e-008 -0.0477336
1.482221e-008 -0.117996
1.483888e-008 -0.0696583
1.485554e-008 -0.00776858
1.487221e-008 0.00604223
1.488888e-008 -0.00845912
1.490554e-008 -0.0593002
1.492221e-008 -0.087785
1.493888e-008 -0.0238237
1.495554e-008 0.0143287
1.497221e-008 -0.0868355
1.498888e-008 -0.175484
1.500554e-008 -0.103408
1.502221e-008 0.00500642
1.503888e-008 0.0119118
1.505554e-008 -0.0174361
1.507221e-008 -0.0132929
1.508888e-008 -0.0179541
1.510554e-008 -0.0394471
1.512221e-008 -0.0251184
1.513888e-008 0.010876
1.515554e-008 -0.00034527
1.517221e-008 -0.0504958
1.518888e-008 -0.0593865
1.520554e-008 -0.0136382
1.522221e-008 0.0157961
1.523888e-008 0.00690541
1.525554e-008 0.00414324
1.527221e-008 0.00820017
1.528888e-008 0.00120845
1.530554e-008 0.0199394
1.532221e-008 0.052999
1.533888e-008 0.0224426
1.535554e-008 -0.0276216
1.537221e-008 0.0176951
1.538888e-008 0.0857134
1.540554e-008 0.038325
1.542221e-008 -0.0398787
1.543888e-008 -0.0181267
1.545554e-008 0.0257226
1.547221e-008 0.00535169
1.548888e-008 -0.010876
1.550554e-008 0.00112213
1.552221e-008 -0.0151919
1.553888e-008 -0.027449
1.555554e-008 0.00414324
1.557221e-008 0.0132929
1.558888e-008 -0.0138971
1.560554e-008 -0.0034527
1.562221e-008 0.0254637
1.563888e-008 0.00880439
1.565554e-008 -0.0103581
1.567221e-008 0.00164003
1.568888e-008 -0.0147603
1.570554e-008 -0.0522221
1.572221e-008 -0.0342681
1.573888e-008 0.0123434
1.575554e-008 0.0131203
1.577221e-008 -0.0115666
1.578888e-008 -0.0222699
1.580554e-008 -0.0317649
1.582221e-008 -0.0323691
1.583888e-008 -0.00811385
1.585554e-008 0.00914966
1.587221e-008 0.011135
1.588888e-008 0.0391882
1.590554e-008 0.0828649
1.592221e-008 0.0820017
1.593888e-008 0.0300385
1.595554e-008 -0.0247731
1.597221e-008 -0.0434177
1.598888e-008 -0.0219247
1.600554e-008 0.00474747
1.602221e-008 0.00483378
1.603888e-008 -0.00258953
1.605554e-008 -0.00155372
1.607221e-008 -0.0158824
1.608888e-008 -0.0282258
1.610554e-008 0.00258953
1.612221e-008 0.0302975
1.613888e-008 0.0014674
1.615554e-008 -0.023651
1.617221e-008 -0.00820017
1.618888e-008 -0.0310743
1.620554e-008 -0.105307
1.622221e-008 -0.126714
1.623888e-008 -0.0697446
1.625554e-008 -0.0113939
1.627221e-008 0.00975389
1.628888e-008 -0.00250321
1.630554e-008 -0.031247
1.632221e-008 -0.0240826
1.633888e-008 0.0244279
1.635554e-008 0.0356492
1.637221e-008 -0.00725068
1.638888e-008 -0.0365987
1.640554e-008 -0.0409145
1.642221e-008 -0.0414324
1.643888e-008 -0.0195078
1.645554e-008 -0.00414324
1.647221e-008 -0.0406556
1.648888e-008 -0.0561064
1.650554e-008 0.00397061
1.652221e-008 0.0403103
1.653888e-008 0.0100128
1.655554e-008 0.0063875
1.657221e-008 0.0254637
1.658888e-008 -0.0109623
1.660554e-008 -0.0416914
1.662221e-008 0.00811385
1.663888e-008 0.0629255
1.665554e-008 0.0577465
1.667221e-008 0.018472
1.668888e-008 -0.0372892
1.670554e-008 -0.0588686
1.672221e-008 0.00776858
1.673888e-008 0.0561927
1.675554e-008 -0.00966757
1.677221e-008 -0.0498052
1.678888e-008 0.0176088
1.680554e-008 0.0250321
1.682221e-008 -0.0594728
1.683888e-008 -0.0539485
1.685554e-008 0.013034
1.687221e-008 -0.023651
1.688888e-008 -0.0703488
1.690554e-008 0.00457483
1.692221e-008 0.0554159
1.693888e-008 -0.0225289
1.695554e-008 -0.0861449
1.697221e-008 -0.0682772
1.698888e-008 -0.0540348
1.700554e-008 -0.0334912
1.702221e-008 0.0334912
1.703888e-008 0.0597318
1.705554e-008 0.000776858
1.707221e-008 -0.0441083
1.708888e-008 -0.0170909
1.710554e-008 0.0325417
1.712221e-008 0.0609402
1.713888e-008 0.0573149
1.715554e-008 0.0252047
1.717221e-008 -0.00284848
1.718888e-008 -0.000172635
1.720554e-008 0.0159688
1.722221e-008 0.0121708
1.723888e-008 -0.0289164
1.725554e-008 -0.080189
1.727221e-008 -0.07501
1.728888e-008 -0.012516
1.730554e-008 0.0114802
1.732221e-008 -0.0309017
1.733888e-008 -0.0406556
1.735554e-008 0.0195078
1.737221e-008 0.0601633
1.738888e-008 0.0407419
1.740554e-008 0.0202846
1.742221e-008 0.0227015
1.743888e-008 0.0178677
1.745554e-008 0.0105307
1.747221e-008 0.0189899
1.748888e-008 0.0157098
1.750554e-008 -0.018472
1.752221e-008 -0.0416051
1.753888e-008 -0.027449
1.755554e-008 -0.0190762
1.757221e-008 -0.0361671
1.758888e-008 -0.0283985
1.760554e-008 0.00578328
1.762221e-008 -0.00595591
1.763888e-008 -0.0488557
1.765554e-008 -0.0230468
1.767221e-008 0.0460936
1.768888e-008 0.0336639
1.770554e-008 -0.0367713
1.772221e-008 -0.0322828
1.773888e-008 0.0219247
1.775554e-008 -0.0083728
1.777221e-008 -0.0950356
1.778888e-008 -0.0885618
1.780554e-008 0.00880439
1.782221e-008 0.0510137
1.783888e-008 0.00414324
1.785554e-008 -0.0209752
1.787221e-008 0.0139834
1.788888e-008 0.0319375
1.790554e-008 0.0132929
1.792221e-008 0.00604223
1.793888e-008 -0.00233057
1.795554e-008 -0.0301248
1.797221e-008 -0.0264132
1.798888e-008 0.00103581
1.800554e-008 -0.0206299
1.802221e-008 -0.0479926
1.803888e-008 -0.00673277
1.805554e-008 0.0214931
1.807221e-008 -0.0141561
1.808888e-008 -0.00897703
1.810554e-008 0.0263269
1.812221e-008 -0.0284848
1.813888e-008 -0.0760458
1.815554e-008 0.0157098
1.817221e-008 0.0805343
1.818888e-008 -0.00319375
1.820554e-008 -0.0450578
1.822221e-008 0.0196804
1.823888e-008 0.0104444
1.825554e-008 -0.0461799
1.827221e-008 0.0034527
1.828888e-008 0.0457483
1.830554e-008 -0.0265858
1.832221e-008 -0.0398787
1.833888e-008 0.0574012
1.835554e-008 0.067673
1.837221e-008 -0.0170909
1.838888e-008 -0.029089
1.840554e-008 0.00552432
1.842221e-008 -0.0156235
1.843888e-008 -0.0436767
1.845554e-008 -0.0459209
1.847221e-008 -0.0663782
1.848888e-008 -0.0704351
1.850554e-008 -0.0241689
1.852221e-008 0.000690541
1.853888e-008 -0.0195941
1.855554e-008 -0.0254637
1.857221e-008 -0.0194215
1.858888e-008 -0.0243416
1.860554e-008 0
1.862221e-008 0.0480789
1.863888e-008 0.0442809
1.865554e-008 -0.0183856
1.867221e-008 -0.0644792
1.868888e-008 -0.039965
1.870554e-008 0.0377208
1.872221e-008 0.0861449
1.873888e-008 0.0433314
1.875554e-008 -0.0262405
1.877221e-008 -0.0201983
1.878888e-008 0.0322828
1.880554e-008 0.0353039
1.882221e-008 -0.0126887
1.883888e-008 -0.0448851
1.885554e-008 -0.030988
1.887221e-008 0.00750963
1.888888e-008 0.0328007
1.890554e-008 0.0356492
1.892221e-008 0.0384976
1.893888e-008 0.0350449
1.895554e-008 0.00612855
1.897221e-008 -0.00802753
1.898888e-008 0.0187309
1.900554e-008 0.0208025
1.902221e-008 -0.0244279
1.903888e-008 -0.0319375
1.905554e-008 0.0151056
1.907221e-008 0.027449
1.908888e-008 -0.00569696
1.910554e-008 -0.00612855
1.912221e-008 0.0397061
1.913888e-008 0.0763047
1.915554e-008 0.0682772
1.917221e-008 0.0221836
1.918888e-008 -0.0113076
1.920554e-008 0.0149329
1.922221e-008 0.0542074
1.923888e-008 0.02391
1.925554e-008 -0.0488557
1.927221e-008 -0.0684498
1.928888e-008 -0.0227015
1.930554e-008 0.0151919
1.932221e-008 -0.000949493
1.933888e-008 -0.0397061
1.935554e-008 -0.0481652
1.937221e-008 -0.031247
1.938888e-008 -0.0260679
1.940554e-008 -0.019853
1.942221e-008 0.00707804
1.943888e-008 0.0206299
1.945554e-008 0.0221836
1.947221e-008 0.0556748
1.948888e-008 0.0688814
1.950554e-008 -0.00034527
1.952221e-008 -0.0469568
1.953888e-008 0.00949493
1.955554e-008 0.0410872
1.957221e-008 -0.0175225
1.958888e-008 -0.038584
1.960554e-008 -0.00733699
1.962221e-008 -0.038066
1.963888e-008 -0.0720752
1.965554e-008 -0.00569696
1.967221e-008 0.0436767
1.968888e-008 -0.0113939
1.970554e-008 -0.0313333
1.972221e-008 0.0391882
1.973888e-008 0.0628392
1.975554e-008 0.0124297
1.977221e-008 -0.0154508
1.978888e-008 -0.0264132
1.980554e-008 -0.0556748
1.982221e-008 -0.0538622
1.983888e-008 -0.0219247
1.985554e-008 -0.0209752
1.987221e-008 -0.0172635
1.988888e-008 0.0397061
1.990554e-008 0.0777721
1.992221e-008 0.0426409
1.993888e-008 0.0138971
1.995554e-008 0.0420367
1.997221e-008 0.0576601
1.998888e-008 0.0267584
2.000554e-008 0.0114802
2.002221e-008 0.0285711
2.003888e-008 0.0132066
2.005554e-008 -0.0394471
2.007221e-008 -0.0474747
2.008888e-008 0.00189899
2.010554e-008 0.0197667
2.012221e-008 -0.0206299
2.013888e-008 -0.0357355
2.015554e-008 0.0193351
2.017221e-008 0.0922735
2.018888e-008 0.122139
2.020554e-008 0.0852818
2.022221e-008 0.00448851
2.023888e-008 -0.0367713
2.025554e-008 0.0123434
2.027221e-008 0.0724204
2.028888e-008 0.0523084
2.030554e-008 -0.0083728
2.032221e-008 -0.0357355
2.033888e-008 -0.0329733
2.035554e-008 -0.0134655
2.037221e-008 0.0294343
2.038888e-008 0.0574875
2.040554e-008 0.0317649
2.042221e-008 -0.00526537
2.043888e-008 -0.000604223
2.045554e-008 0.0246868
2.047221e-008 0.0269311
2.048888e-008 0.00319375
2.050554e-008 -0.0232194
2.052221e-008 -0.0299522
2.053888e-008 -0.0197667
2.055554e-008 -0.0230468
2.057221e-008 -0.0442809
2.058888e-008 -0.0422956
2.060554e-008 -0.00215794
2.062221e-008 0.0307291
2.063888e-008 0.0200257
2.065554e-008 -0.0183856
2.067221e-008 -0.0452304
2.068888e-008 -0.0278806
2.070554e-008 0.0258953
2.072221e-008 0.0499779
2.073888e-008 -0.00233057
2.075554e-008 -0.070953
2.077221e-008 -0.0666372
2.078888e-008 -0.010876
2.080554e-008 0.00604223
2.082221e-008 -0.0264995
2.083888e-008 -0.0438493
2.085554e-008 -0.025291
2.087221e-008 -0.00328007
2.088888e-008 0.0107034
2.090554e-008 0.0231331
2.092221e-008 0.0159688
2.093888e-008 -0.0190762
2.095554e-008 -0.0432451
2.097221e-008 -0.0229605
2.098888e-008 0.0152782
2.100554e-008 0.0224426
2.102221e-008 -0.00138108
2.103888e-008 -0.00940862
2.105554e-008 0.0152782
2.107221e-008 0.0253774
2.108888e-008 -0.0119981
2.110554e-008 -0.0454894
2.112221e-008 -0.0216657
2.113888e-008 0.0152782
2.115554e-008 -0.00276216
2.117221e-008 -0.0480789
2.118888e-008 -0.0510137
2.120554e-008 -0.014674
2.122221e-008 0.0116529
2.123888e-008 0.0126024
2.125554e-008 -0.000172635
2.127221e-008 -0.0186446
2.128888e-008 -0.0310743
2.130554e-008 -0.027449
2.132221e-008 -0.0145877
2.133888e-008 -8.63176e-005
2.135554e-008 0.0114802
2.137221e-008 0.00207162
2.138888e-008 -0.0310743
2.140554e-008 -0.0441946
2.142221e-008 -0.0093223
2.143888e-008 0.0278806
2.145554e-008 0.0243416
2.147221e-008 0.0101855
2.148888e-008 0.0154508
2.150554e-008 0.0142424
2.152221e-008 -0.00414324
2.153888e-008 -0.0105307
2.155554e-008 -0.00707804
2.157221e-008 -0.0187309
2.158888e-008 -0.0378934
2.160554e-008 -0.0539485
2.162221e-008 -0.0649108
2.163888e-008 -0.0348723
2.165554e-008 0.038584
2.167221e-008 0.0644792
2.168888e-008 0.0100992
2.170554e-008 -0.021752
2.172221e-008 0.00656014
2.173888e-008 -0.000776858
2.175554e-008 -0.0613718
2.177221e-008 -0.0817427
2.178888e-008 -0.0422093
2.180554e-008 0.00371166
2.182221e-008 0.0340954
2.183888e-008 0.0247731
2.185554e-008 -0.029089
2.187221e-008 -0.042123
2.188888e-008 0.0204573
2.190554e-008 0.0537758
2.192221e-008 0.0226152
2.193888e-008 0.0195078
2.195554e-008 0.0356492
2.197221e-008 -0.0149329
2.198888e-008 -0.0679319
2.200554e-008 -0.0214931
2.202221e-008 0.047302
2.203888e-008 0.0307291
2.205554e-008 -0.0273627
2.207221e-008 -0.0465252
2.208888e-008 -0.0264132
2.210554e-008 -0.00267584
2.212221e-008 -0.00914966
2.213888e-008 -0.043763
2.215554e-008 -0.0485968
2.217221e-008 -0.00431588
2.218888e-008 0.0247731
2.220554e-008 0.0113939
2.222221e-008 0.0078549
2.223888e-008 0.0357355
2.225554e-008 0.0551569
2.227221e-008 0.0368576
2.228888e-008 -0.00215794
2.230554e-008 -0.0173498
2.232221e-008 -0.00241689
2.233888e-008 -0.0154508
2.235554e-008 -0.0570559
2.237221e-008 -0.0363397
2.238888e-008 0.0363397
2.240554e-008 0.0415188
2.242221e-008 -0.00561064
2.243888e-008 0.00276216
2.245554e-008 0.0288301
2.247221e-008 0.00431588
2.248888e-008 -0.00328007
2.250554e-008 0.0244279
2.252221e-008 0.0137245
2.253888e-008 0.010876
2.255554e-008 0.0681909
2.257221e-008 0.0612855
2.258888e-008 -0.0381524
2.260554e-008 -0.0563654
2.262221e-008 0.0058696
2.263888e-008 -0.0190762
2.265554e-008 -0.0791532
2.267221e-008 -0.039965
2.268888e-008 0.00733699
2.270554e-008 -0.00828649
2.272221e-008 0.0141561
2.273888e-008 0.0508411
2.275554e-008 -0.00276216
2.277221e-008 -0.0453167
2.278888e-008 0.00992652
2.280554e-008 0.0278806
2.282221e-008 -0.0256363
2.283888e-008 -0.0215794
2.285554e-008 0.00112213
2.287221e-008 -0.0435904
2.288888e-008 -0.0306427
2.290554e-008 0.0769953
2.292221e-008 0.0889071
2.293888e-008 0.000776858
2.295554e-008 0.000172635
2.297221e-008 0.0444536
2.298888e-008 -0.00664645
2.300554e-008 -0.0556748
2.302221e-008 -0.0173498
2.303888e-008 -0.0113939
2.305554e-008 -0.0543801
2.307221e-008 -0.029089
2.308888e-008 0.0190762
2.310554e-008 -0.00233057
2.312221e-008 -0.00768226
2.313888e-008 0.0498052
2.315554e-008 0.0621487
2.317221e-008 0.0172635
2.318888e-008 0.0029348
2.320554e-008 0.00379797
2.322221e-008 -0.00733699
2.323888e-008 0.0153645
2.325554e-008 0.0306427
2.327221e-008 -0.0246868
2.328888e-008 -0.0438493
2.330554e-008 0.0407419
2.332221e-008 0.0744057
2.333888e-008 -0.00612855
2.335554e-008 -0.0373755
2.337221e-008 0.0180404
2.338888e-008 0.0181267
2.340554e-008 -0.0265858
2.342221e-008 -0.0044022
2.343888e-008 0.0225289
2.345554e-008 -0.0311606
2.347221e-008 -0.0628392
2.348888e-008 0.00336639
2.350554e-008 0.0599044
2.352221e-008 0.0352176
2.353888e-008 0.00215794
2.355554e-008 0.00414324
2.357221e-008 -0.000690541
2.358888e-008 -0.0244279
2.360554e-008 -0.0357355
2.362221e-008 -0.0291753
2.363888e-008 -0.0195078
2.365554e-008 -0.00509274
2.367221e-008 0.0174361
2.368888e-008 0.0308154
2.370554e-008 0.0248595
2.372221e-008 0.0250321
2.373888e-008 0.0474747
2.375554e-008 0.0556748
2.377221e-008 0.0242552
2.378888e-008 -0.010876
2.380554e-008 -0.02555
2.382221e-008 -0.0368576
2.383888e-008 -0.0275353
2.385554e-008 0.0197667
2.387221e-008 0.0377208
2.388888e-008 -0.0157098
2.390554e-008 -0.0545527
2.392221e-008 -0.0179541
2.393888e-008 0.0302112
2.395554e-008 0.0384976
2.397221e-008 0.0229605
2.398888e-008 -0.00880439
2.400554e-008 -0.025809
2.402221e-008 0.0208025
2.403888e-008 0.0677593
2.405554e-008 0.0233057
2.407221e-008 -0.0373755
2.408888e-008 -0.0138108
2.410554e-008 0.0175225
2.412221e-008 -0.0162277
2.413888e-008 -0.0403103
2.415554e-008 -0.0279669
2.417221e-008 -0.0397924
2.418888e-008 -0.0406556
2.420554e-008 0.0113076
2.422221e-008 0.0208025
2.423888e-008 -0.0328007
2.425554e-008 -0.00914966
2.427221e-008 0.0870944
2.428888e-008 0.083728
2.430554e-008 -0.00379797
2.432221e-008 -0.00776858
2.433888e-008 0.0442809
2.435554e-008 0.0190762
2.437221e-008 -0.0311606
2.438888e-008 -0.0104444
2.440554e-008 0.00483378
2.442221e-008 -0.0441083
2.443888e-008 -0.0542938
2.445554e-008 0.0197667
2.447221e-008 0.0683635
2.448888e-008 0.0427272
2.450554e-008 0.0238237
2.452221e-008 0.0465252
2.453888e-008 0.0580917
2.455554e-008 0.0302112
2.457221e-008 -0.0201983
2.458888e-008 -0.0675003
2.460554e-008 -0.0757868
2.462221e-008 -0.0407419
2.463888e-008 -0.0238237
2.465554e-008 -0.0556748
2.467221e-008 -0.0751826
2.468888e-008 -0.0432451
2.470554e-008 -0.00647382
2.472221e-008 0.00483378
2.473888e-008 0.0119981
2.475554e-008 0.00975389
2.477221e-008 -0.0138971
2.478888e-008 -0.0212341
2.480554e-008 0.00189899
2.482221e-008 0.00535169
2.483888e-008 -0.0181267
2.485554e-008 -0.016573
2.487221e-008 -0.00164003
2.488888e-008 -0.0254637
2.490554e-008 -0.054639
2.492221e-008 -0.0350449
2.493888e-008 -0.0114802
2.495554e-008 -0.0266721
2.497221e-008 -0.0224426
2.498888e-008 0.0259816
2.500554e-008 0.0422093
2.502221e-008 0.0112213
2.503888e-008 0.0147603
2.505554e-008 0.0575738
2.507221e-008 0.0583507
2.508888e-008 0.0124297
2.510554e-008 -0.0179541
2.512221e-008 -0.0253774
2.513888e-008 -0.0367713
2.515554e-008 -0.0506684
2.517221e-008 -0.0593002
2.518888e-008 -0.054898
2.520554e-008 -0.0307291
2.522221e-008 -0.0145014
2.523888e-008 -0.0170909
2.525554e-008 0.0126887
2.527221e-008 0.0611992
2.528888e-008 0.029348
2.530554e-008 -0.0511
2.532221e-008 -0.0388429
2.533888e-008 0.029348
2.535554e-008 0.0105307
2.537221e-008 -0.0424682
2.538888e-008 -0.0107897
2.540554e-008 0.0361671
2.542221e-008 0.018472
2.543888e-008 0.00276216
2.545554e-008 0.00405693
2.547221e-008 -0.0322828
2.548888e-008 -0.0474747
2.550554e-008 0.0078549
2.552221e-008 0.029089
2.553888e-008 -0.0216657
2.555554e-008 -0.0300385
2.557221e-008 0.018213
2.558888e-008 0.0222699
2.560554e-008 -0.0175225
2.562221e-008 -0.0379797
2.563888e-008 -0.0422093
2.565554e-008 -0.039965
2.567221e-008 -0.0268448
2.568888e-008 -0.032628
2.570554e-008 -0.0517905
2.572221e-008 -0.0377208
2.573888e-008 -0.0107897
2.575554e-008 -0.00552432
2.577221e-008 0.0119981
2.578888e-008 0.0332323
2.580554e-008 -0.00181267
2.582221e-008 -0.0411735
2.583888e-008 0.00422956
2.585554e-008 0.0719025
2.587221e-008 0.0582644
2.588888e-008 -0.0128613
2.590554e-008 -0.0738015
2.592221e-008 -0.0946041
2.593888e-008 -0.0630981
2.595554e-008 -0.0200257
2.597221e-008 -0.0268448
2.598888e-008 -0.0466978
2.600554e-008 -0.0145014
2.602221e-008 0.0243416
2.603888e-008 0.0112213
2.605554e-008 -0.0118255
2.607221e-008 -0.000776858
2.608888e-008 0.0183856
2.610554e-008 0.013034
2.612221e-008 -0.0202846
2.613888e-008 -0.0535169
2.615554e-008 -0.0433314
2.617221e-008 -0.00621487
2.618888e-008 -0.00388429
2.620554e-008 -0.0279669
2.622221e-008 -0.0296932
2.623888e-008 -0.0202846
2.625554e-008 -0.0138108
2.627221e-008 0.00811385
2.628888e-008 0.0190762
2.630554e-008 -0.00241689
2.632221e-008 -0.00310743
2.633888e-008 0.0219247
2.635554e-008 0.0114802
2.637221e-008 -0.00233057
2.638888e-008 0.0370302
2.640554e-008 0.056538
2.642221e-008 0.014415
2.643888e-008 0.00405693
2.645554e-008 0.0311606
2.647221e-008 -0.00517905
2.648888e-008 -0.0678456
2.650554e-008 -0.0461799
2.652221e-008 0.0210615
2.653888e-008 0.0465252
2.655554e-008 0.0397061
2.657221e-008 0.0212341
2.658888e-008 -0.00397061
2.660554e-008 0.00673277
2.662221e-008 0.0520495
2.663888e-008 0.0585233
2.665554e-008 0.00802753
2.667221e-008 -0.0422956
2.668888e-008 -0.0452304
2.670554e-008 0.0107897
2.672221e-008 0.0759595
2.673888e-008 0.0652561
2.675554e-008 -0.00897703
2.677221e-008 -0.0541211
2.678888e-008 -0.0528264
2.680554e-008 -0.0246005
2.682221e-008 0.047302
2.683888e-008 0.100905
2.685554e-008 0.0514453
2.687221e-008 -0.00302112
2.688888e-008 0.0429862
2.690554e-008 0.0621487
2.692221e-008 -0.0283122
2.693888e-008 -0.0637024
2.695554e-008 0.0147603
2.697221e-008 0.029089
2.698888e-008 -0.060077
2.700554e-008 -0.0977115
2.702221e-008 -0.0569696
2.703888e-008 -0.0334049
2.705554e-008 -0.0324554
2.707221e-008 -0.0162277
2.708888e-008 0.00353902
2.710554e-008 0.0159688
2.712221e-008 0.0158824
2.713888e-008 -0.0110486
2.715554e-008 -0.0416914
2.717221e-008 -0.0479926
2.718888e-008 -0.0433314
2.720554e-008 -0.0270174
2.722221e-008 0.00552432
2.723888e-008 0.00871807
2.725554e-008 -0.0214931
2.727221e-008 -0.0159688
2.728888e-008 0.0120845
2.730554e-008 -0.011135
2.732221e-008 -0.0406556
2.733888e-008 -0.00681909
2.735554e-008 0.0123434
2.737221e-008 -0.0466978
2.738888e-008 -0.0829512
2.740554e-008 -0.0281395
2.742221e-008 0.0282258
2.743888e-008 0.0188172
2.745554e-008 -0.00388429
2.747221e-008 0.00733699
2.748888e-008 0.019853
2.750554e-008 -0.0098402
2.752221e-008 -0.0601633
2.753888e-008 -0.0653424
2.755554e-008 -0.0179541
2.757221e-008 0.00897703
2.758888e-008 -0.0138108
2.760554e-008 -0.0226152
2.762221e-008 0.0132066
2.763888e-008 0.0374618
2.765554e-008 0.0214931
2.767221e-008 0.0129476
2.768888e-008 0.0367713
2.770554e-008 0.0408282
2.772221e-008 -0.0123434
2.773888e-008 -0.0575738
2.775554e-008 -0.019853
2.777221e-008 0.041864
2.778888e-008 0.0266721
2.780554e-008 -0.0208889
2.782221e-008 -0.00716436
2.783888e-008 0.0219247
2.785554e-008 0.000172635
2.787221e-008 -0.0131203
2.788888e-008 0.0106171
2.790554e-008 0.00129476
2.792221e-008 -0.0270174
2.793888e-008 -0.00129476
2.795554e-008 0.0237373
2.797221e-008 -0.0177814
2.798888e-008 -0.042123
2.800554e-008 0.00371166
2.802221e-008 0.0277943
2.803888e-008 -0.00811385
2.805554e-008 -0.0283985
2.807221e-008 -0.00474747
2.808888e-008 0.0286574
2.810554e-008 0.0507547
2.812221e-008 0.0393608
2.813888e-008 -0.000172635
2.815554e-008 -0.0103581
2.817221e-008 0.00595591
2.818888e-008 -0.0123434
2.820554e-008 -0.0306427
2.822221e-008 0.0119118
2.823888e-008 0.0338365
2.825554e-008 -0.0322828
2.827221e-008 -0.0684498
2.828888e-008 0.0083728
2.830554e-008 0.0742331
2.832221e-008 0.031247
2.833888e-008 -0.0298659
2.835554e-008 -0.0203709
2.837221e-008 0.0115666
2.838888e-008 0.00336639
2.840554e-008 -0.0294343
2.842221e-008 -0.0511863
2.843888e-008 -0.0512726
2.845554e-008 -0.0270174
2.847221e-008 0.00975389
2.848888e-008 0.0208889
2.850554e-008 -0.000863176
2.852221e-008 -0.00172635
2.853888e-008 0.0334049
2.855554e-008 0.0315059
2.857221e-008 -0.0238237
2.858888e-008 -0.0413461
2.860554e-008 -0.00328007
2.862221e-008 0.00552432
2.863888e-008 -0.00716436
2.865554e-008 0.0283122
2.867221e-008 0.0571422
2.868888e-008 0.0123434
2.870554e-008 -0.0205436
2.872221e-008 0.020112
2.873888e-008 0.0459209
2.875554e-008 0.00656014
2.877221e-008 -0.0375481
2.878888e-008 -0.0454894
2.880554e-008 -0.00820017
2.882221e-008 0.0588686
2.883888e-008 0.0663782
2.885554e-008 -0.0160551
2.887221e-008 -0.0646519
2.888888e-008 -0.0304701
2.890554e-008 -0.021752
2.892221e-008 -0.0478199
2.893888e-008 -0.0296932
2.895554e-008 -0.0191625
2.897221e-008 -0.054639
2.898888e-008 -0.0317649
2.900554e-008 0.0324554
2.902221e-008 -0.00172635
2.903888e-008 -0.0648245
2.905554e-008 -0.0153645
2.907221e-008 0.0409145
2.908888e-008 -0.00207162
2.910554e-008 -0.0275353
2.912221e-008 0.0044022
2.913888e-008 -0.00940862
2.915554e-008 -0.0267584
2.917221e-008 0.0349586
2.918888e-008 0.0712983
2.920554e-008 0.0180404
2.922221e-008 -0.0176088
2.923888e-008 -0.00543801
2.925554e-008 -0.00673277
2.927221e-008 -0.00362534
2.928888e-008 0.00397061
2.930554e-008 -0.0339228
2.932221e-008 -0.0553296
2.933888e-008 0.000517905
2.935554e-008 0.0298659
2.937221e-008 -0.0114802
2.938888e-008 -0.012516
2.940554e-008 0.0251184
2.942221e-008 -0.00164003
2.943888e-008 -0.0524811
2.945554e-008 -0.0463525
2.947221e-008 -0.0242552
2.948888e-008 -0.0176951
2.950554e-008 -0.00966757
2.952221e-008 -0.0271037
2.953888e-008 -0.0542074
2.955554e-008 -0.0282258
2.957221e-008 0.0014674
2.958888e-008 -0.0244279
2.960554e-008 -0.0234784
2.962221e-008 0.0302975
2.963888e-008 0.0322828
2.965554e-008 -0.00845912
2.967221e-008 -0.00155372
2.968888e-008 0.0138108
2.970554e-008 -0.00034527
2.972221e-008 0.0138108
2.973888e-008 0.02555
2.975554e-008 -0.0177814
2.977221e-008 -0.0211478
2.978888e-008 0.0337502
2.980554e-008 0.00561064
2.982221e-008 -0.0700899
2.983888e-008 -0.0275353
2.985554e-008 0.0601633
2.987221e-008 0.0429862
2.988888e-008 -0.00215794
2.990554e-008 0.00543801
2.992221e-008 0.00207162
2.993888e-008 -0.00664645
2.995554e-008 0.0124297
2.997221e-008 -0.0135519
2.998888e-008 -0.0621487
3.000554e-008 -0.016314
3.002221e-008 0.0505821
3.003888e-008 0.0259816
3.005554e-008 0.0171772
3.007221e-008 0.0684498
3.008888e-008 0.0282258
3.010554e-008 -0.0717299
3.012221e-008 -0.0457483
3.013888e-008 0.0367713
3.015554e-008 0.012775
3.017221e-008 -0.0333186
3.018888e-008 -0.00716436
3.020554e-008 0.00233057
3.022221e-008 -0.0239963
3.023888e-008 -0.0149329
3.025554e-008 -0.0177814
3.027221e-008 -0.0660329
3.028888e-008 -0.0517905
3.030554e-008 0.0358218
3.032221e-008 0.0602497
3.033888e-008 0.00949493
3.035554e-008 -0.00112213
3.037221e-008 0.036426
3.038888e-008 0.0353039
3.040554e-008 -0.0132929
3.042221e-008 -0.0343544
3.043888e-008 0.00276216
3.045554e-008 0.0241689
3.047221e-008 -0.0296069
3.048888e-008 -0.0706941
3.050554e-008 -0.00604223
3.052221e-008 0.0656014
3.053888e-008 0.0329733
3.055554e-008 -0.00820017
3.057221e-008 0.0334912
3.058888e-008 0.0575738
3.060554e-008 0.00164003
3.062221e-008 -0.0356492
3.063888e-008 -0.00975389
3.065554e-008 0.0164867
3.067221e-008 0.0221836
3.068888e-008 0.0134655
3.070554e-008 -0.0187309
3.072221e-008 -0.02719
3.073888e-008 0.0205436
3.075554e-008 0.0344407
3.077221e-008 -0.0351313
3.078888e-008 -0.0774269
3.080554e-008 -0.0283985
3.082221e-008 0.0204573
3.083888e-008 0.0126887
3.085554e-008 -0.000690541
3.087221e-008 0.00595591
3.088888e-008 0.0128613
3.090554e-008 0.0225289
3.092221e-008 0.0334912
3.093888e-008 0.0272764
3.095554e-008 0.0114802
3.097221e-008 8.63176e-005
3.098888e-008 -0.00871807
3.100554e-008 0.00319375
3.102221e-008 0.041864
3.103888e-008 0.0524811
3.105554e-008 0.0105307
3.107221e-008 -0.0145877
3.108888e-008 0.0113939
3.110554e-008 0.0249458
3.112221e-008 -0.00138108
3.113888e-008 -0.016314
3.115554e-008 -0.00759595
3.117221e-008 -0.00845912
3.118888e-008 -0.0169182
3.120554e-008 -0.0252047
3.122221e-008 -0.047302
3.123888e-008 -0.0566243
3.125554e-008 -0.018213
3.127221e-008 0.0226152
3.128888e-008 0.0151919
3.130554e-008 -0.00405693
3.132221e-008 -0.00181267
3.133888e-008 -0.00535169
3.135554e-008 -0.0175225
3.137221e-008 -0.0134655
3.138888e-008 -0.0049201
3.140554e-008 0.00276216
3.142221e-008 0.0296069
3.143888e-008 0.0467841
3.145554e-008 0.0208889
3.147221e-008 -0.000517905
3.148888e-008 0.0209752
3.150554e-008 0.0445399
3.152221e-008 0.0472157
3.153888e-008 0.034527
3.155554e-008 -0.0211478
3.157221e-008 -0.0914103
3.158888e-008 -0.0759595
3.160554e-008 0.00621487
3.162221e-008 0.0250321
3.163888e-008 -0.0308154
3.165554e-008 -0.0690541
3.167221e-008 -0.0654287
3.168888e-008 -0.0330596
3.170554e-008 0.023651
3.172221e-008 0.0466978
3.173888e-008 0.0049201
3.175554e-008 -0.0203709
3.177221e-008 0.00845912
3.178888e-008 0.0157098
3.180554e-008 -0.0147603
3.182221e-008 -0.0196804
3.183888e-008 0.00725068
3.185554e-008 0.0360807
3.187221e-008 0.0492873
3.188888e-008 0.014415
3.190554e-008 -0.0416051
3.192221e-008 -0.0272764
3.193888e-008 0.0269311
3.195554e-008 0.0114802
3.197221e-008 -0.0234784
3.198888e-008 0.0155372
3.200554e-008 0.0495463
3.202221e-008 0.021752
3.203888e-008 0.0261542
3.205554e-008 0.0609402
3.207221e-008 0.0223563
3.208888e-008 -0.0375481
3.210554e-008 -0.0155372
3.212221e-008 0.0231331
3.213888e-008 0.0058696
3.215554e-008 -0.0197667
3.217221e-008 -0.0322828
3.218888e-008 -0.0422956
3.220554e-008 -0.0119981
3.222221e-008 0.0360807
3.223888e-008 0.0224426
3.225554e-008 -0.0197667
3.227221e-008 -0.0145014
3.228888e-008 0.00725068
3.230554e-008 0.00889071
3.232221e-008 0.00854544
3.233888e-008 -0.0142424
3.235554e-008 -0.0591275
3.237221e-008 -0.0580054
3.238888e-008 -0.0310743
3.240554e-008 -0.0562791
3.242221e-008 -0.0754416
3.243888e-008 -0.0208025
3.245554e-008 0.0164003
3.247221e-008 -0.0063875
3.248888e-008 0.00716436
3.250554e-008 0.0416914
3.252221e-008 -0.00466115
3.253888e-008 -0.0633571
3.255554e-008 -0.0306427
3.257221e-008 0.00422956
3.258888e-008 -0.0365987
3.260554e-008 -0.0529127
3.262221e-008 -0.00129476
3.263888e-008 0.0123434
3.265554e-008 -0.0286574
3.267221e-008 -0.0182993
3.268888e-008 0.0462662
3.270554e-008 0.0615444
3.272221e-008 0.0190762
3.273888e-008 -0.00353902
3.275554e-008 -0.00578328
3.277221e-008 -0.0342681
3.278888e-008 -0.0525674
3.280554e-008 -0.0143287
3.282221e-008 0.0212341
3.283888e-008 0
3.285554e-008 -0.0276216
3.287221e-008 -0.0280532
3.288888e-008 -0.0375481
3.290554e-008 -0.0450578
3.292221e-008 -0.0126024
3.293888e-008 0.0203709
3.295554e-008 0.0106171
3.297221e-008 -0.0151919
3.298888e-008 -0.0305564
3.300554e-008 -0.0192488
3.302221e-008 0.0327144
3.303888e-008 0.0586096
3.305554e-008 0.000690541
3.307221e-008 -0.0381524
3.308888e-008 0.0193351
3.310554e-008 0.0524811
3.312221e-008 -0.00181267
3.313888e-008 -0.0310743
3.315554e-008 -0.016314
3.317221e-008 -0.0315922
3.318888e-008 -0.0281395
3.320554e-008 0.0192488
3.322221e-008 0.00517905
3.323888e-008 -0.0416914
3.325554e-008 0.00509274
3.327221e-008 0.0601633
3.328888e-008 0.00543801
3.330554e-008 -0.0368576
3.332221e-008 0.0193351
3.333888e-008 0.0511
3.335554e-008 0.0150193
3.337221e-008 -0.00854544
3.338888e-008 -0.0149329
3.340554e-008 -0.0118255
3.342221e-008 0.0160551
3.343888e-008 -0.0058696
3.345554e-008 -0.0862313
3.347221e-008 -0.0814838
3.348888e-008 -0.00716436
3.350554e-008 -0.0264995
3.352221e-008 -0.0694856
3.353888e-008 0.0113076
3.355554e-008 0.0816564
3.357221e-008 0.0137245
3.358888e-008 -0.039965
3.360554e-008 0.0113076
3.362221e-008 0.0448851
3.363888e-008 0.0143287
3.365554e-008 -0.022011
3.367221e-008 -0.0509274
3.368888e-008 -0.0460936
3.370554e-008 0.00906335
3.372221e-008 0.0329733
3.373888e-008 -0.0019853
3.375554e-008 -0.0157098
3.377221e-008 -0.0034527
3.378888e-008 -0.00215794
3.380554e-008 0.0190762
3.382221e-008 0.0277943
3.383888e-008 -0.0393608
3.385554e-008 -0.0835554
3.387221e-008 -0.0308154
3.388888e-008 -0.00561064
3.390554e-008 -0.0424682
3.392221e-008 -0.0231331
3.393888e-008 0.0134655
3.395554e-008 -0.0222699
3.397221e-008 -0.0221836
3.398888e-008 0.0523084
3.400554e-008 0.0471294
3.402221e-008 -0.0251184
3.403888e-008 -0.0110486
3.405554e-008 0.036685
3.407221e-008 0.00750963
3.408888e-008 -0.0279669
3.410554e-008 -0.0212341
3.412221e-008 -0.0266721
3.413888e-008 -0.0334049
3.415554e-008 -0.0341818
3.417221e-008 -0.069572
3.418888e-008 -0.0724204
3.420554e-008 0.0063875
3.422221e-008 0.0393608
3.423888e-008 -0.00647382
3.425554e-008 0.00457483
3.427221e-008 0.0447125
3.428888e-008 0.00483378
3.430554e-008 -0.00776858
3.432221e-008 0.0683635
3.433888e-008 0.0626666
3.435554e-008 -0.0337502
3.437221e-008 -0.029089
3.438888e-008 0.0408282
3.440554e-008 0.0162277
3.442221e-008 -0.0319375
3.443888e-008 -0.00457483
3.445554e-008 0.0180404
3.447221e-008 0.0083728
3.448888e-008 0.0277079
3.450554e-008 0.036426
3.452221e-008 -0.00215794
3.453888e-008 -0.0188172
3.455554e-008 -0.00517905
3.457221e-008 -0.0135519
3.458888e-008 -0.0126887
3.460554e-008 0.0190762
3.462221e-008 0.0246868
3.463888e-008 0.00949493
3.465554e-008 0.0248595
3.467221e-008 0.036426
3.468888e-008 0.00811385
3.470554e-008 -0.011135
3.472221e-008 0.00362534
3.473888e-008 0.0138971
3.475554e-008 0.000517905
3.477221e-008 -0.0206299
3.478888e-008 -0.0278806
3.480554e-008 -0.0203709
3.482221e-008 -0.027449
3.483888e-008 -0.0314196
3.485554e-008 0.0283122
3.487221e-008 0.0895976
3.488888e-008 0.0344407
3.490554e-008 -0.047561
3.492221e-008 -0.0107034
3.493888e-008 0.0348723
3.495554e-008 -0.0373755
3.497221e-008 -0.0903745
3.498888e-008 -0.0354765
3.500554e-008 -0.0151056
3.502221e-008 -0.0572286
3.503888e-008 -0.0353039
3.505554e-008 0.00958125
3.507221e-008 -0.0262405
3.508888e-008 -0.0506684
3.510554e-008 0.0126024
3.512221e-008 0.0496326
3.513888e-008 0.000517905
3.515554e-008 -0.0411735
3.517221e-008 -0.0232194
3.518888e-008 0.0157098
3.520554e-008 0.0333186
3.522221e-008 0.014415
3.523888e-008 -0.00120845
3.525554e-008 0.0286574
3.527221e-008 0.0420367
3.528888e-008 -0.0126887
3.530554e-008 -0.044022
3.532221e-008 -0.00336639
3.533888e-008 0.00820017
3.535554e-008 -0.0273627
3.537221e-008 -0.0177814
3.538888e-008 0.00379797
3.540554e-008 -0.040224
3.542221e-008 -0.0673277
3.543888e-008 -0.0116529
3.545554e-008 0.0244279
3.547221e-008 -0.00656014
3.548888e-008 -0.0173498
3.550554e-008 0.0110486
3.552221e-008 0.0243416
3.553888e-008 0.0282258
3.555554e-008 0.0296069
3.557221e-008 -0.00569696
3.558888e-008 -0.0503231
3.560554e-008 -0.0439356
3.562221e-008 -0.0029348
3.563888e-008 0.0246868
3.565554e-008 0.0207162
3.567221e-008 -0.0214931
3.568888e-008 -0.0588686
3.570554e-008 -0.0157961
3.572221e-008 0.0689677
3.573888e-008 0.071471
3.575554e-008 -0.00189899
3.577221e-008 -0.0306427
3.578888e-008 0.0145014
3.580554e-008 0.0656877
3.582221e-008 0.0815701
3.583888e-008 0.0630118
3.585554e-008 0.0335775
3.587221e-008 0.0240826
3.588888e-008 0.018213
3.590554e-008 -0.0098402
3.592221e-008 -0.0103581
3.593888e-008 0.0401377
3.595554e-008 0.0439356
3.597221e-008 -0.0374618
3.598888e-008 -0.0805343
3.600554e-008 -0.0254637
3.602221e-008 0.0200257
3.603888e-008 -0.00820017
3.605554e-008 -0.0481652
3.607221e-008 -0.0567106
3.608888e-008 -0.0503231
3.610554e-008 -0.0391882
3.612221e-008 -0.0228742
3.613888e-008 -0.00276216
3.615554e-008 0.00535169
3.617221e-008 -0.0316785
3.618888e-008 -0.07829
3.620554e-008 -0.0352176
3.622221e-008 0.0547253
3.623888e-008 0.0325417
3.625554e-008 -0.0637024
3.627221e-008 -0.0580917
3.628888e-008 0.0078549
3.630554e-008 -0.00181267
3.632221e-008 -0.00189899
3.633888e-008 0.0839007
3.635554e-008 0.0946041
3.637221e-008 -0.0268448
3.638888e-008 -0.0882166
3.640554e-008 -0.0277943
3.642221e-008 0.0167456
3.643888e-008 0.0156235
3.645554e-008 0.0242552
3.647221e-008 0.0226152
3.648888e-008 0.0201983
3.650554e-008 0.0566243
3.652221e-008 0.0610265
3.653888e-008 -0.00509274
3.655554e-008 -0.029348
3.657221e-008 0.0178677
3.658888e-008 0.0230468
3.660554e-008 -0.0220973
3.662221e-008 -0.0303838
3.663888e-008 -0.00388429
3.665554e-008 0.0215794
3.667221e-008 0.0397924
3.668888e-008 0.0167456
3.670554e-008 -0.0290027
3.672221e-008 -0.0129476
3.673888e-008 0.0225289
3.675554e-008 -0.0249458
3.677221e-008 -0.0777721
3.678888e-008 -0.0400514
3.680554e-008 -0.00699172
3.682221e-008 -0.0322828
3.683888e-008 -0.0206299
3.685554e-008 0.0126024
3.687221e-008 -0.0261542
3.688888e-008 -0.069572
3.690554e-008 -0.0327144
3.692221e-008 0.00975389
3.693888e-008 0.00414324
3.695554e-008 -0.00768226
3.697221e-008 -0.0191625
3.698888e-008 -0.021752
3.700554e-008 0.0169182
3.702221e-008 0.0371166
3.703888e-008 -0.0078549
3.705554e-008 -0.0209752
3.707221e-008 0.0270174
3.708888e-008 0.0253774
3.710554e-008 -0.0207162
3.712221e-008 -0.0270174
3.713888e-008 -0.0434177
3.715554e-008 -0.0852818
3.717221e-008 -0.0378934
3.718888e-008 0.0498916
3.720554e-008 0.0138971
3.722221e-008 -0.0618034
3.723888e-008 -0.0124297
3.725554e-008 0.0652561
3.727221e-008 0.0482515
3.728888e-008 0.018213
3.730554e-008 0.0164867
3.732221e-008 -0.0205436
3.733888e-008 -0.0466115
3.735554e-008 0.000949493
3.737221e-008 0.0381524
3.738888e-008 0.0119118
3.740554e-008 -0.00569696
3.742221e-008 0.00768226
3.743888e-008 0.0102718
3.745554e-008 0.00992652
3.747221e-008 0.0153645
3.748888e-008 0.00120845
3.750554e-008 -0.0196804
3.752221e-008 -0.0192488
3.753888e-008 -0.0044022
3.755554e-008 0.020112
3.757221e-008 0.0378934
3.758888e-008 0.00906335
3.760554e-008 -0.038325
3.762221e-008 -0.0300385
3.763888e-008 0.0122571
3.765554e-008 0.0189899
3.767221e-008 0.0049201
3.768888e-008 0.00422956
3.770554e-008 0.000776858
3.772221e-008 -8.63176e-005
3.773888e-008 0.0177814
3.775554e-008 0.0139834
3.777221e-008 -0.02719
3.778888e-008 -0.0384976
3.780554e-008 0.0137245
3.782221e-008 0.0643929
3.783888e-008 0.0477336
3.785554e-008 -0.0168319
3.787221e-008 -0.0498916
3.788888e-008 -0.0156235
3.790554e-008 0.0215794
3.792221e-008 0.00543801
3.793888e-008 -0.0132066
3.795554e-008 0.0098402
3.797221e-008 0.0268448
3.798888e-008 0.016573
3.800554e-008 0.0149329
3.802221e-008 0.00811385
3.803888e-008 -0.0239963
3.805554e-008 -0.0320238
3.807221e-008 0
3.808888e-008 0.0261542
3.810554e-008 0.0425546
3.812221e-008 0.049201
3.813888e-008 0.00776858
3.815554e-008 -0.0353902
3.817221e-008 -0.00543801
3.818888e-008 0.0179541
3.820554e-008 -0.0376345
3.822221e-008 -0.0517042
3.823888e-008 0.0253774
3.825554e-008 0.0428998
3.827221e-008 -0.0152782
3.828888e-008 -0.0044022
3.830554e-008 0.032628
3.832221e-008 -0.0249458
3.833888e-008 -0.0625802
3.835554e-008 0.0157098
3.837221e-008 0.0455757
3.838888e-008 -0.0346997
3.840554e-008 -0.0367713
3.842221e-008 0.0542938
3.843888e-008 0.0382387
3.845554e-008 -0.064134
3.847221e-008 -0.0604223
3.848888e-008 0.0105307
3.850554e-008 -0.00474747
3.852221e-008 -0.0476473
3.853888e-008 -0.0120845
3.855554e-008 0.0261542
3.857221e-008 0.00811385
3.858888e-008 0.0126024
3.860554e-008 0.0389292
3.862221e-008 -0.00483378
3.863888e-008 -0.0642203
3.865554e-008 -0.020112
3.867221e-008 0.0536895
3.868888e-008 0.0246005
3.870554e-008 -0.047561
3.872221e-008 -0.0504095
3.873888e-008 -0.0164867
3.875554e-008 -0.000517905
3.877221e-008 0.0195941
3.878888e-008 0.0359944
3.880554e-008 0.0120845
3.882221e-008 -0.0233921
3.883888e-008 -0.0302112
3.885554e-008 -0.0176088
3.887221e-008 0.00120845
3.888888e-008 0.00207162
3.890554e-008 -0.0393608
3.892221e-008 -0.0590412
3.893888e-008 -8.63176e-005
3.895554e-008 0.0297796
3.897221e-008 -0.0448851
3.898888e-008 -0.07501
3.900554e-008 0.019853
3.902221e-008 0.0656877
3.903888e-008 -0.00604223
3.905554e-008 -0.019853
3.907221e-008 0.0591275
3.908888e-008 0.0575738
3.910554e-008 -0.0379797
3.912221e-008 -0.069572
3.913888e-008 -0.016573
3.915554e-008 0.0119118
3.917221e-008 -0.0143287
3.918888e-008 -0.040224
3.920554e-008 -0.0203709
3.922221e-008 0.0318512
3.923888e-008 0.0433314
3.925554e-008 -0.0107034
3.927221e-008 -0.0376345
3.928888e-008 0.0159688
3.930554e-008 0.0650835
3.932221e-008 0.0481652
3.933888e-008 0.0158824
3.935554e-008 0.00966757
3.937221e-008 0.0195078
3.938888e-008 0.0317649
3.940554e-008 0.018472
3.942221e-008 -0.0210615
3.943888e-008 -0.0145014
3.945554e-008 0.0489421
3.947221e-008 0.0602497
3.948888e-008 -0.0100128
3.950554e-008 -0.0503231
3.952221e-008 -0.0183856
3.953888e-008 0.0117392
3.955554e-008 0.0103581
3.957221e-008 0.00897703
3.958888e-008 0.016573
3.960554e-008 0.0280532
3.962221e-008 0.0371166
3.963888e-008 0.0306427
3.965554e-008 0.0251184
3.967221e-008 0.034786
3.968888e-008 0.0195941
3.970554e-008 -0.0243416
3.972221e-008 -0.0284848
3.973888e-008 -0.00155372
3.975554e-008 -0.0257226
3.977221e-008 -0.0729383
3.978888e-008 -0.0562791
3.980554e-008 -0.0093223
3.982221e-008 0.000863176
3.983888e-008 0.0029348
3.985554e-008 0.0204573
3.987221e-008 0.0265858
3.988888e-008 0.0329733
3.990554e-008 0.0485968
3.992221e-008 0.0301248
3.993888e-008 -0.00949493
3.995554e-008 -0.00776858
3.997221e-008 0.00716436
3.998888e-008 -0.0202846
4.000554e-008 -0.0453167
