LECROYSDA18000 15238 Waveform
Segments 1 SegmentSize 2002
Segment TrigTime TimeSinceSegment1
#1 02-Nov-2018 14:04:44 0                 
Time Ampl
-1.000814e-008 -0.00716436
-9.983137e-009 -0.0242552
-9.958137e-009 -0.0307291
-9.933137e-009 0.000604223
-9.908137e-009 0.0321101
-9.883137e-009 0.0315059
-9.858137e-009 0.0270174
-9.833137e-009 0.0398787
-9.808137e-009 0.0342681
-9.783137e-009 -0.0100128
-9.758137e-009 -0.0455757
-9.733137e-009 -0.0325417
-9.708137e-009 -0.00207162
-9.683137e-009 0.00681909
-9.658137e-009 0.00690541
-9.633137e-009 0.0116529
-9.608137e-009 -0.000863176
-9.583137e-009 -0.0256363
-9.558137e-009 -0.014415
-9.533137e-009 0.0320238
-9.508137e-009 0.0473883
-9.483137e-009 0.0157098
-9.458137e-009 -0.00155372
-9.433137e-009 0.0126024
-9.408137e-009 0.00509274
-9.383137e-009 -0.0250321
-9.358137e-009 -0.0168319
-9.333137e-009 0.0205436
-9.308137e-009 0.0164867
-9.283137e-009 -0.0180404
-9.258137e-009 -0.0139834
-9.233137e-009 0.0104444
-9.208137e-009 -0.00863176
-9.183137e-009 -0.0377208
-9.158137e-009 -0.0135519
-9.133137e-009 0.016314
-9.108137e-009 -0.013034
-9.083137e-009 -0.0465252
-9.058137e-009 -0.0227015
-9.033137e-009 0.000863176
-9.008137e-009 -0.0208889
-8.983137e-009 -0.0195078
-8.958137e-009 0.0322828
-8.933137e-009 0.042123
-8.908137e-009 -0.0185583
-8.883137e-009 -0.0479926
-8.858137e-009 -0.00448851
-8.833137e-009 0.0300385
-8.808137e-009 0.0171772
-8.783137e-009 0.00224426
-8.758137e-009 -0.0113076
-8.733137e-009 -0.0468704
-8.708137e-009 -0.060077
-8.683137e-009 -0.0179541
-8.658137e-009 0.0150193
-8.633137e-009 0.00120845
-8.608137e-009 0.00725068
-8.583137e-009 0.0504095
-8.558137e-009 0.0422093
-8.533137e-009 -0.0285711
-8.508137e-009 -0.0498916
-8.483137e-009 0.00940862
-8.458137e-009 0.045662
-8.433137e-009 0.0138971
-8.408137e-009 -0.0106171
-8.383137e-009 0.00914966
-8.358137e-009 0.0195078
-8.333137e-009 -0.00466115
-8.308137e-009 -0.0207162
-8.283137e-009 -0.00457483
-8.258137e-009 0.0150193
-8.233137e-009 0.0109623
-8.208137e-009 -0.00336639
-8.183137e-009 0.00328007
-8.158137e-009 0.0296069
-8.133137e-009 0.0334912
-8.108137e-009 -0.0034527
-8.083137e-009 -0.0334049
-8.058137e-009 -0.0139834
-8.033137e-009 0.0215794
-8.008137e-009 0.0262405
-7.983137e-009 0.0102718
-7.958137e-009 -0.00328007
-7.933137e-009 -0.0190762
-7.908137e-009 -0.0259816
-7.883137e-009 -0.00310743
-7.858137e-009 0.0169182
-7.833137e-009 -0.00612855
-7.808137e-009 -0.0281395
-7.783137e-009 0.00975389
-7.758137e-009 0.0620623
-7.733137e-009 0.0524811
-7.708137e-009 0.0102718
-7.683137e-009 0.0107034
-7.658137e-009 0.0415188
-7.633137e-009 0.0401377
-7.608137e-009 0.00543801
-7.583137e-009 -0.014415
-7.558137e-009 -0.00258953
-7.533137e-009 0.0157098
-7.508137e-009 0.0142424
-7.483137e-009 -0.00612855
-7.458137e-009 -0.0168319
-7.433137e-009 0.00319375
-7.408137e-009 0.0307291
-7.383137e-009 0.0301248
-7.358137e-009 0.00811385
-7.333137e-009 -0.00552432
-7.308137e-009 -0.0117392
-7.283137e-009 -0.0244279
-7.258137e-009 -0.0298659
-7.233137e-009 -0.0112213
-7.208137e-009 0.012775
-7.183137e-009 0.0169182
-7.158137e-009 0.0102718
-7.133137e-009 0.016314
-7.108137e-009 0.0306427
-7.083137e-009 0.02391
-7.058137e-009 -0.0107897
-7.033137e-009 -0.0343544
-7.008137e-009 -0.0137245
-6.983137e-009 0.0168319
-6.958137e-009 0.00267584
-6.933137e-009 -0.0353902
-6.908137e-009 -0.0341818
-6.883137e-009 -0.00362534
-6.858137e-009 -0.00164003
-6.833137e-009 -0.0164867
-6.808137e-009 0.000258953
-6.783137e-009 0.0171772
-6.758137e-009 -0.0182993
-6.733137e-009 -0.0561064
-6.708137e-009 -0.0268448
-6.683137e-009 0.019853
-6.658137e-009 0.00820017
-6.633137e-009 -0.0216657
-6.608137e-009 -0.00397061
-6.583137e-009 0.02391
-6.558137e-009 0.00966757
-6.533137e-009 -0.0107034
-6.508137e-009 -8.63176e-005
-6.483137e-009 0.00621487
-6.458137e-009 -0.0100128
-6.433137e-009 -0.00949493
-6.408137e-009 0.0120845
-6.383137e-009 0.010876
-6.358137e-009 -0.0128613
-6.333137e-009 -0.0189899
-6.308137e-009 -0.0103581
-6.283137e-009 -0.014674
-6.258137e-009 -0.0174361
-6.233137e-009 0.0034527
-6.208137e-009 0.0251184
-6.183137e-009 0.0220973
-6.158137e-009 0.00742331
-6.133137e-009 -0.00336639
-6.108137e-009 -0.0128613
-6.083137e-009 -0.0159688
-6.058137e-009 -0.00578328
-6.033137e-009 0.000604223
-6.008137e-009 -0.0120845
-5.983137e-009 -0.0259816
-5.958137e-009 -0.0208025
-5.933137e-009 -0.00578328
-5.908137e-009 0.00457483
-5.883137e-009 0.0153645
-5.858137e-009 0.0308154
-5.833137e-009 0.0335775
-5.808137e-009 0.00621487
-5.783137e-009 -0.0327144
-5.758137e-009 -0.038584
-5.733137e-009 -0.00129476
-5.708137e-009 0.0299522
-5.683137e-009 0.0164003
-5.658137e-009 -0.010876
-5.633137e-009 -0.0117392
-5.608137e-009 -0.00863176
-5.583137e-009 -0.0294343
-5.558137e-009 -0.0414324
-5.533137e-009 -0.0152782
-5.508137e-009 0.0138971
-5.483137e-009 0.0140698
-5.458137e-009 0.00820017
-5.433137e-009 0.0117392
-5.408137e-009 0.00500642
-5.383137e-009 -0.00725068
-5.358137e-009 -0.00112213
-5.333137e-009 0.00371166
-5.308137e-009 -0.0215794
-5.283137e-009 -0.0474747
-5.258137e-009 -0.034527
-5.233137e-009 -0.00258953
-5.208137e-009 0.0145014
-5.183137e-009 0.0197667
-5.158137e-009 0.0178677
-5.133137e-009 0.00138108
-5.108137e-009 -0.0149329
-5.083137e-009 -0.0113939
-5.058137e-009 -0.000517905
-5.033137e-009 0.00448851
-5.008137e-009 0.012516
-4.983137e-009 0.0151056
-4.958137e-009 -0.00914966
-4.933137e-009 -0.0396198
-4.908137e-009 -0.0406556
-4.883137e-009 -0.0246868
-4.858137e-009 -0.0153645
-4.833137e-009 0.00215794
-4.808137e-009 0.029348
-4.783137e-009 0.030988
-4.758137e-009 0.00681909
-4.733137e-009 -0.00250321
-4.708137e-009 0.0044022
-4.683137e-009 0.0029348
-4.658137e-009 0.0078549
-4.633137e-009 0.0273627
-4.608137e-009 0.020112
-4.583137e-009 -0.0170046
-4.558137e-009 -0.0211478
-4.533137e-009 0.0104444
-4.508137e-009 0.00535169
-4.483137e-009 -0.0358218
-4.458137e-009 -0.0358218
-4.433137e-009 0.00699172
-4.408137e-009 0.0242552
-4.383137e-009 0.00914966
-4.358137e-009 -0.0044022
-4.333137e-009 -0.0290027
-4.308137e-009 -0.0645655
-4.283137e-009 -0.0554159
-4.258137e-009 -0.00103581
-4.233137e-009 0.0214068
-4.208137e-009 -0.00129476
-4.183137e-009 -0.00699172
-4.158137e-009 0.0049201
-4.133137e-009 -0.0093223
-4.108137e-009 -0.0183856
-4.083137e-009 0.0199394
-4.058137e-009 0.04946
-4.033137e-009 0.0177814
-4.008137e-009 -0.0171772
-3.983137e-009 -0.00371166
-3.958137e-009 0.0121708
-3.933137e-009 -0.00224426
-3.908137e-009 -0.00768226
-3.883137e-009 0.00966757
-3.858137e-009 0.0183856
-3.833137e-009 0.0208025
-3.808137e-009 0.0299522
-3.783137e-009 0.0197667
-3.758137e-009 -0.00604223
-3.733137e-009 0.0049201
-3.708137e-009 0.0392745
-3.683137e-009 0.0233921
-3.658137e-009 -0.0268448
-3.633137e-009 -0.0279669
-3.608137e-009 0.00500642
-3.583137e-009 -0.00457483
-3.558137e-009 -0.0341818
-3.533137e-009 -0.0188172
-3.508137e-009 0.00794122
-3.483137e-009 -0.00820017
-3.458137e-009 -0.0291753
-3.433137e-009 -0.0157961
-3.408137e-009 -0.00517905
-3.383137e-009 -0.0121708
-3.358137e-009 0.000690541
-3.333137e-009 0.0177814
-3.308137e-009 -0.00811385
-3.283137e-009 -0.0404829
-3.258137e-009 -0.0208889
-3.233137e-009 0.0093223
-3.208137e-009 -0.00483378
-3.183137e-009 -0.0223563
-3.158137e-009 -0.00673277
-3.133137e-009 -0.00578328
-3.108137e-009 -0.0325417
-3.083137e-009 -0.0249458
-3.058137e-009 0.0113939
-3.033137e-009 0
-3.008137e-009 -0.0377208
-2.983137e-009 -0.00699172
-2.958137e-009 0.0624939
-2.933137e-009 0.0526537
-2.908137e-009 -0.0231331
-2.883137e-009 -0.0444536
-2.858137e-009 0.00034527
-2.833137e-009 0.0195078
-2.808137e-009 0
-2.783137e-009 0.00353902
-2.758137e-009 0.0233057
-2.733137e-009 0.00630118
-2.708137e-009 -0.0318512
-2.683137e-009 -0.0472157
-2.658137e-009 -0.0590412
-2.633137e-009 -0.0898566
-2.608137e-009 -0.0942588
-2.583137e-009 -0.0478199
-2.558137e-009 -0.0140698
-2.533137e-009 -0.0363397
-2.508137e-009 -0.0618034
-2.483137e-009 -0.0426409
-2.458137e-009 -0.0101855
-2.433137e-009 0.0058696
-2.408137e-009 0.0220973
-2.383137e-009 0.0322828
-2.358137e-009 0.00647382
-2.333137e-009 -0.0316785
-2.308137e-009 -0.0324554
-2.283137e-009 -0.0112213
-2.258137e-009 -0.0114802
-2.233137e-009 -0.0207162
-2.208137e-009 -0.0135519
-2.183137e-009 -0.012775
-2.158137e-009 -0.0294343
-2.133137e-009 -0.0249458
-2.108137e-009 0.00880439
-2.083137e-009 0.025809
-2.058137e-009 0.0136382
-2.033137e-009 0.0098402
-2.008137e-009 0.0238237
-1.983137e-009 0.0313333
-1.958137e-009 0.0304701
-1.933137e-009 0.0283122
-1.908137e-009 0.0150193
-1.883137e-009 -0.000604223
-1.858137e-009 0.00949493
-1.833137e-009 0.0365123
-1.808137e-009 0.04946
-1.783137e-009 0.0554159
-1.758137e-009 0.0660329
-1.733137e-009 0.05274
-1.708137e-009 0.0107034
-1.683137e-009 -0.00828649
-1.658137e-009 0.00854544
-1.633137e-009 0.0063875
-1.608137e-009 -0.0235647
-1.583137e-009 -0.0232194
-1.558137e-009 0.0137245
-1.533137e-009 0.029089
-1.508137e-009 0.0132929
-1.483137e-009 0.00794122
-1.458137e-009 0.0136382
-1.433137e-009 0.00457483
-1.408137e-009 -0.00483378
-1.383137e-009 0.00448851
-1.358137e-009 0.0113076
-1.333137e-009 0.00647382
-1.308137e-009 0.0139834
-1.283137e-009 0.0288301
-1.258137e-009 0.0167456
-1.233137e-009 -0.0155372
-1.208137e-009 -0.0307291
-1.183137e-009 -0.0260679
-1.158137e-009 -0.0179541
-1.133137e-009 -0.00276216
-1.108137e-009 0.0148466
-1.083137e-009 0.0122571
-1.058137e-009 -0.00267584
-1.033137e-009 -0.00155372
-1.008137e-009 0.0014674
-9.831366e-010 -0.0209752
-9.581366e-010 -0.0408282
-9.331366e-010 -0.0228742
-9.081366e-010 0.00120845
-8.831366e-010 -0.00923598
-8.581366e-010 -0.0263269
-8.331366e-010 -0.0112213
-8.081366e-010 0.0176951
-7.831366e-010 0.0323691
-7.581366e-010 0.0400514
-7.331366e-010 0.0397924
-7.081366e-010 0.012516
-6.831366e-010 -0.0246868
-6.581366e-010 -0.029089
-6.331366e-010 -0.00319375
-6.081366e-010 0.0113939
-5.831366e-010 0.00120845
-5.581366e-010 -0.0122571
-5.331366e-010 -0.0170909
-5.081366e-010 -0.0175225
-4.831366e-010 -0.0137245
-4.581366e-010 -0.00224426
-4.331366e-010 0.0155372
-4.081366e-010 0.0315059
-3.831366e-010 0.029348
-3.581366e-010 -0.00138108
-3.331366e-010 -0.0420367
-3.081366e-010 -0.056538
-2.831366e-010 -0.0309017
-2.581366e-010 0.0183856
-2.331366e-010 0.0629255
-2.081366e-010 0.0789806
-1.831366e-010 0.0656877
-1.581366e-010 0.0548117
-1.331366e-010 0.0755279
-1.081366e-010 0.120672
-8.313659e-011 0.176865
-5.813659e-011 0.255155
-3.313659e-011 0.356751
-8.136586e-012 0.456102
1.686341e-011 0.545441
4.186341e-011 0.642634
6.686341e-011 0.743712
9.186341e-011 0.832447
1.168634e-010 0.923253
1.418634e-010 1.02459
1.668634e-010 1.10253
1.918634e-010 1.15182
2.168634e-010 1.2258
2.418634e-010 1.32696
2.668634e-010 1.37754
2.918634e-010 1.35924
3.168634e-010 1.34448
3.418634e-010 1.34327
3.668634e-010 1.28812
3.918634e-010 1.20335
4.168634e-010 1.20094
4.418634e-010 1.2813
4.668634e-010 1.32463
4.918634e-010 1.28717
5.168634e-010 1.22666
5.418634e-010 1.15398
5.668634e-010 1.03676
5.918634e-010 0.913844
6.168634e-010 0.846603
6.418634e-010 0.798524
6.668634e-010 0.693389
6.918634e-010 0.535859
7.168634e-010 0.3741
7.418634e-010 0.214585
7.668634e-010 0.0454894
7.918634e-010 -0.127318
8.168634e-010 -0.304269
8.418634e-010 -0.483724
8.668634e-010 -0.634089
8.918634e-010 -0.747424
9.168634e-010 -0.875692
9.418634e-010 -1.0384
9.668634e-010 -1.16494
9.918634e-010 -1.20672
1.016863e-009 -1.21423
1.041863e-009 -1.23615
1.066863e-009 -1.25005
1.091863e-009 -1.24686
1.116863e-009 -1.26222
1.141863e-009 -1.28656
1.166863e-009 -1.27172
1.191863e-009 -1.23287
1.216863e-009 -1.21665
1.241863e-009 -1.19515
1.266863e-009 -1.12705
1.291863e-009 -1.06645
1.316863e-009 -1.06991
1.341863e-009 -1.07509
1.366863e-009 -1.00569
1.391863e-009 -0.897789
1.416863e-009 -0.806897
1.441863e-009 -0.709272
1.466863e-009 -0.592139
1.491863e-009 -0.505735
1.516863e-009 -0.44747
1.541863e-009 -0.338451
1.566863e-009 -0.174275
1.591863e-009 -0.0537758
1.616863e-009 -0.0179541
1.641863e-009 0.00155372
1.666863e-009 0.0501505
1.691863e-009 0.0897703
1.716863e-009 0.0881302
1.741863e-009 0.0729383
1.766863e-009 0.0838144
1.791863e-009 0.124038
1.816863e-009 0.156321
1.841863e-009 0.131375
1.866863e-009 0.0416914
1.891863e-009 -0.0590412
1.916863e-009 -0.115925
1.941863e-009 -0.126801
1.966863e-009 -0.108674
1.991863e-009 -0.0627529
2.016863e-009 -0.00768226
2.041863e-009 0.00880439
2.066863e-009 -0.0286574
2.091863e-009 -0.0737152
2.116863e-009 -0.0806206
2.141863e-009 -0.0579191
2.166863e-009 -0.0413461
2.191863e-009 -0.0467841
2.216863e-009 -0.0659466
2.241863e-009 -0.0855407
2.266863e-009 -0.0977115
2.291863e-009 -0.101251
2.316863e-009 -0.0971936
2.341863e-009 -0.0862313
2.366863e-009 -0.0724204
2.391863e-009 -0.0668098
2.416863e-009 -0.0784627
2.441863e-009 -0.102718
2.466863e-009 -0.122398
2.491863e-009 -0.123693
2.516863e-009 -0.110832
2.541863e-009 -0.0971073
2.566863e-009 -0.0806206
2.591863e-009 -0.0476473
2.616863e-009 -0.00509274
2.641863e-009 0.018472
2.666863e-009 0.0134655
2.691863e-009 -0.00155372
2.716863e-009 -0.0211478
2.741863e-009 -0.0554159
2.766863e-009 -0.0833828
2.791863e-009 -0.0625802
2.816863e-009 -0.00189899
2.841863e-009 0.0375481
2.866863e-009 0.0302975
2.891863e-009 0.0133792
2.916863e-009 0.0119118
2.941863e-009 0.00276216
2.966863e-009 -0.0313333
2.991863e-009 -0.0646519
3.016863e-009 -0.0642203
3.041863e-009 -0.025809
3.066863e-009 0.0269311
3.091863e-009 0.0589549
3.116863e-009 0.0507547
3.141863e-009 0.0214068
3.166863e-009 0.0019853
3.191863e-009 -0.0100992
3.216863e-009 -0.0362534
3.241863e-009 -0.0675867
3.266863e-009 -0.0738878
3.291863e-009 -0.049201
3.316863e-009 -0.00889071
3.341863e-009 0.0350449
3.366863e-009 0.0635297
3.391863e-009 0.0515316
3.416863e-009 0.00535169
3.441863e-009 -0.0410008
3.466863e-009 -0.0722478
3.491863e-009 -0.0871807
3.516863e-009 -0.0621487
3.541863e-009 0.0124297
3.566863e-009 0.0803617
3.591863e-009 0.0820017
3.616863e-009 0.0392745
3.641863e-009 0.0063875
3.666863e-009 -0.0182993
3.691863e-009 -0.0523084
3.716863e-009 -0.0630118
3.741863e-009 -0.0264132
3.766863e-009 0.00621487
3.791863e-009 -0.0124297
3.816863e-009 -0.0404829
3.841863e-009 -0.0220973
3.866863e-009 0.0147603
3.891863e-009 0.0171772
3.916863e-009 -0.00189899
3.941863e-009 -0.00880439
3.966863e-009 -0.0208889
3.991863e-009 -0.0541211
4.016863e-009 -0.0654287
4.041863e-009 -0.0279669
4.066863e-009 0.00621487
4.091863e-009 -0.00422956
4.116863e-009 -0.0157098
4.141863e-009 0.00707804
4.166863e-009 0.0121708
4.191863e-009 -0.0381524
4.216863e-009 -0.0808796
4.241863e-009 -0.060077
4.266863e-009 -0.0264132
4.291863e-009 -0.0372892
4.316863e-009 -0.0515316
4.341863e-009 -0.0160551
4.366863e-009 0.0316785
4.391863e-009 0.034527
4.416863e-009 0.0078549
4.441863e-009 -0.0145014
4.466863e-009 -0.0481652
4.491863e-009 -0.098402
4.516863e-009 -0.104617
4.541863e-009 -0.0271037
4.566863e-009 0.065515
4.591863e-009 0.0796711
4.616863e-009 0.0290027
4.641863e-009 -0.00164003
4.666863e-009 0.00164003
4.691863e-009 -0.0186446
4.716863e-009 -0.0609402
4.741863e-009 -0.0579191
4.766863e-009 -0.012775
4.791863e-009 -0.00716436
4.816863e-009 -0.0452304
4.841863e-009 -0.0349586
4.866863e-009 0.0397924
4.891863e-009 0.0783764
4.916863e-009 0.0365987
4.941863e-009 -0.0098402
4.966863e-009 -0.013034
4.991863e-009 -0.0190762
5.016863e-009 -0.0508411
5.041863e-009 -0.0564517
5.066863e-009 -0.0107897
5.091863e-009 0.0336639
5.116863e-009 0.0270174
5.141863e-009 -0.0171772
5.166863e-009 -0.0537758
5.191863e-009 -0.0599907
5.216863e-009 -0.0486831
5.241863e-009 -0.038584
5.266863e-009 -0.0230468
5.291863e-009 0.00923598
5.316863e-009 0.0328007
5.341863e-009 0.0170046
5.366863e-009 -0.0142424
5.391863e-009 -0.0205436
5.416863e-009 -0.016314
5.441863e-009 -0.0302112
5.466863e-009 -0.0339228
5.491863e-009 0.00517905
5.516863e-009 0.0499779
5.541863e-009 0.04946
5.566863e-009 0.0185583
5.591863e-009 -0.00112213
5.616863e-009 -0.00457483
5.641863e-009 -0.00250321
5.666863e-009 0.0063875
5.691863e-009 0.0185583
5.716863e-009 0.0237373
5.741863e-009 0.0235647
5.766863e-009 0.0218383
5.791863e-009 0.0157961
5.816863e-009 0.00914966
5.841863e-009 0.00233057
5.866863e-009 -0.0176088
5.891863e-009 -0.0395334
5.916863e-009 -0.0243416
5.941863e-009 0.0202846
5.966863e-009 0.0346133
5.991863e-009 0.0160551
6.016863e-009 0.0252047
6.041863e-009 0.0541211
6.066863e-009 0.0246005
6.091863e-009 -0.0508411
6.116863e-009 -0.0666372
6.141863e-009 -0.00975389
6.166863e-009 0.020112
6.191863e-009 -0.00431588
6.216863e-009 -0.0034527
6.241863e-009 0.0433314
6.266863e-009 0.0586096
6.291863e-009 0.0117392
6.316863e-009 -0.0358218
6.341863e-009 -0.0412598
6.366863e-009 -0.0268448
6.391863e-009 -0.014674
6.416863e-009 0.000172635
6.441863e-009 0.0129476
6.466863e-009 0.00630118
6.491863e-009 -0.016314
6.516863e-009 -0.030988
6.541863e-009 -0.0270174
6.566863e-009 -0.016314
6.591863e-009 -0.0063875
6.616863e-009 0.0166593
6.641863e-009 0.0577465
6.666863e-009 0.0809659
6.691863e-009 0.0509274
6.716863e-009 -0.00371166
6.741863e-009 -0.0208025
6.766863e-009 0.00768226
6.791863e-009 0.0336639
6.816863e-009 0.0307291
6.841863e-009 0.0120845
6.866863e-009 -0.0109623
6.891863e-009 -0.0334912
6.916863e-009 -0.0356492
6.941863e-009 -0.00725068
6.966863e-009 0.025291
6.991863e-009 0.0272764
7.016863e-009 -0.00612855
7.041863e-009 -0.0510137
7.066863e-009 -0.0752689
7.091863e-009 -0.063875
7.116863e-009 -0.0328007
7.141863e-009 -0.00431588
7.166863e-009 0.0211478
7.191863e-009 0.0415188
7.216863e-009 0.0346997
7.241863e-009 0.00267584
7.266863e-009 -0.0138971
7.291863e-009 -0.00034527
7.316863e-009 0.0113939
7.341863e-009 0.00828649
7.366863e-009 0.00750963
7.391863e-009 0.00233057
7.416863e-009 -0.018472
7.441863e-009 -0.0214931
7.466863e-009 0.0150193
7.491863e-009 0.0444536
7.516863e-009 0.0302975
7.541863e-009 0.00328007
7.566863e-009 -0.0153645
7.591863e-009 -0.0468704
7.616863e-009 -0.0757005
7.641863e-009 -0.0585233
7.666863e-009 -0.0154508
7.691863e-009 0.00397061
7.716863e-009 0.0119118
7.741863e-009 0.0286574
7.766863e-009 0.0158824
7.791863e-009 -0.0346997
7.816863e-009 -0.0550706
7.841863e-009 -0.0214931
7.866863e-009 0.00673277
7.891863e-009 0.0129476
7.916863e-009 0.0367713
7.941863e-009 0.056797
7.966863e-009 0.0205436
7.991863e-009 -0.0288301
8.016863e-009 -0.0150193
8.041863e-009 0.0298659
8.066863e-009 0.02719
8.091863e-009 -0.00923598
8.116863e-009 -0.0151919
8.141863e-009 0.0107897
8.166863e-009 0.0273627
8.191863e-009 0.0227878
8.216863e-009 0.0100992
8.241863e-009 -0.00310743
8.266863e-009 -0.0168319
8.291863e-009 -0.0357355
8.316863e-009 -0.0574875
8.341863e-009 -0.0624076
8.366863e-009 -0.0390155
8.391863e-009 -0.00120845
8.416863e-009 0.040224
8.441863e-009 0.0768226
8.466863e-009 0.0692267
8.491863e-009 -0.0029348
8.516863e-009 -0.0697446
8.541863e-009 -0.0562791
8.566863e-009 -0.0058696
8.591863e-009 0.00207162
8.616863e-009 -0.00552432
8.641863e-009 0.0250321
8.666863e-009 0.0435904
8.691863e-009 -0.00742331
8.716863e-009 -0.0630118
8.741863e-009 -0.0435041
8.766863e-009 0.00725068
8.791863e-009 0.0129476
8.816863e-009 -0.0098402
8.841863e-009 -0.0107034
8.866863e-009 0.00612855
8.891863e-009 0.0179541
8.916863e-009 0.0251184
8.941863e-009 0.0237373
8.966863e-009 0.0063875
8.991863e-009 -0.0098402
9.016863e-009 -0.0113939
9.041863e-009 -0.0167456
9.066863e-009 -0.0302975
9.091863e-009 -0.0183856
9.116863e-009 0.0265858
9.141863e-009 0.0537758
9.166863e-009 0.0307291
9.191863e-009 -0.00284848
9.216863e-009 -0.000949493
9.241863e-009 0.016314
9.266863e-009 0.00397061
9.291863e-009 -0.025809
9.316863e-009 -0.0226152
9.341863e-009 0.0123434
9.366863e-009 0.0251184
9.391863e-009 0.00630118
9.416863e-009 0.00854544
9.441863e-009 0.0396198
9.466863e-009 0.0350449
9.491863e-009 -0.0205436
9.516863e-009 -0.0499779
9.541863e-009 -0.0166593
9.566863e-009 0.0138108
9.591863e-009 0.000604223
9.616863e-009 -0.00448851
9.641863e-009 0.0259816
9.666863e-009 0.0367713
9.691863e-009 0.00552432
9.716863e-009 -0.00716436
9.741863e-009 0.0249458
9.766863e-009 0.0395334
9.791863e-009 -0.00215794
9.816863e-009 -0.0474747
9.841863e-009 -0.0420367
9.866863e-009 -0.00733699
9.891863e-009 0.0124297
9.916863e-009 0.022011
9.941863e-009 0.0445399
9.966863e-009 0.056797
9.991863e-009 0.0147603
1.001686e-008 -0.0599907
1.004186e-008 -0.0863176
1.006686e-008 -0.0371166
1.009186e-008 0.0216657
1.011686e-008 0.0352176
1.014186e-008 0.0266721
1.016686e-008 0.0210615
1.019186e-008 -0.00431588
1.021686e-008 -0.04946
1.024186e-008 -0.0651698
1.026686e-008 -0.0371166
1.029186e-008 -0.00906335
1.031686e-008 -0.00103581
1.034186e-008 0.0110486
1.036686e-008 0.0314196
1.039186e-008 0.0358218
1.041686e-008 0.0181267
1.044186e-008 -0.00578328
1.046686e-008 -0.0207162
1.049186e-008 -0.0151056
1.051686e-008 0.00561064
1.054186e-008 0.0173498
1.056686e-008 0.0191625
1.059186e-008 0.0337502
1.061686e-008 0.045662
1.064186e-008 0.0174361
1.066686e-008 -0.0225289
1.069186e-008 -0.018472
1.071686e-008 0.00155372
1.074186e-008 -0.019853
1.076686e-008 -0.0460073
1.079186e-008 -0.0176951
1.081686e-008 0.0220973
1.084186e-008 0.0151919
1.086686e-008 0.000258953
1.089186e-008 0.0166593
1.091686e-008 0.018472
1.094186e-008 -0.0178677
1.096686e-008 -0.0408282
1.099186e-008 -0.0346997
1.101686e-008 -0.0372892
1.104186e-008 -0.0359081
1.106686e-008 -0.00034527
1.109186e-008 0.0213204
1.111686e-008 -0.0138971
1.114186e-008 -0.0424682
1.116686e-008 -0.0116529
1.119186e-008 0.0148466
1.121686e-008 -0.0162277
1.124186e-008 -0.0477336
1.126686e-008 -0.0304701
1.129186e-008 -0.0014674
1.131686e-008 0.0107034
1.134186e-008 0.0231331
1.136686e-008 0.0246005
1.139186e-008 -0.00914966
1.141686e-008 -0.039965
1.144186e-008 -0.0238237
1.146686e-008 0.00310743
1.149186e-008 -0.00500642
1.151686e-008 -0.0136382
1.154186e-008 0.0172635
1.156686e-008 0.0430725
1.159186e-008 0.0106171
1.161686e-008 -0.0404829
1.164186e-008 -0.0396198
1.166686e-008 8.63176e-005
1.169186e-008 0.0119118
1.171686e-008 -0.0093223
1.174186e-008 -0.00561064
1.176686e-008 0.0350449
1.179186e-008 0.0523084
1.181686e-008 0.0159688
1.184186e-008 -0.0278806
1.186686e-008 -0.043763
1.189186e-008 -0.0535169
1.191686e-008 -0.0643929
1.194186e-008 -0.041864
1.196686e-008 0.0114802
1.199186e-008 0.0422093
1.201686e-008 0.0350449
1.204186e-008 0.0254637
1.206686e-008 0.0209752
1.209186e-008 -0.00103581
1.211686e-008 -0.0306427
1.214186e-008 -0.0386703
1.216686e-008 -0.0288301
1.219186e-008 -0.0178677
1.221686e-008 -0.00794122
1.224186e-008 -0.00914966
1.226686e-008 -0.0280532
1.229186e-008 -0.0346133
1.231686e-008 -0.00949493
1.234186e-008 0.0109623
1.236686e-008 0.0044022
1.239186e-008 0.00500642
1.241686e-008 0.0162277
1.244186e-008 -0.00768226
1.246686e-008 -0.0447125
1.249186e-008 -0.0157098
1.251686e-008 0.0556748
1.254186e-008 0.0647382
1.256686e-008 0.0156235
1.259186e-008 0.00112213
1.261686e-008 0.0179541
1.264186e-008 -0.00422956
1.266686e-008 -0.0378934
1.269186e-008 -0.0145877
1.271686e-008 0.0270174
1.274186e-008 0.0223563
1.276686e-008 0.0102718
1.279186e-008 0.0361671
1.281686e-008 0.047561
1.284186e-008 0.0049201
1.286686e-008 -0.0359081
1.289186e-008 -0.0361671
1.291686e-008 -0.036685
1.294186e-008 -0.0566243
1.296686e-008 -0.0558475
1.299186e-008 -0.0202846
1.301686e-008 0.016314
1.304186e-008 0.032887
1.306686e-008 0.0281395
1.309186e-008 -0.00207162
1.311686e-008 -0.0436767
1.314186e-008 -0.0644792
1.316686e-008 -0.0566243
1.319186e-008 -0.0339228
1.321686e-008 0.00328007
1.324186e-008 0.0488557
1.326686e-008 0.0687088
1.329186e-008 0.0466978
1.331686e-008 0.0151056
1.334186e-008 0.00371166
1.336686e-008 0.000517905
1.339186e-008 -0.012775
1.341686e-008 -0.0265858
1.344186e-008 -0.0268448
1.346686e-008 -0.020112
1.349186e-008 -0.0204573
1.351686e-008 -0.0250321
1.354186e-008 -0.0204573
1.356686e-008 -0.0164867
1.359186e-008 -0.0426409
1.361686e-008 -0.0914103
1.364186e-008 -0.108156
1.366686e-008 -0.0721615
1.369186e-008 -0.0306427
1.371686e-008 -0.0142424
1.374186e-008 0.00267584
1.376686e-008 0.0233057
1.379186e-008 0.0118255
1.381686e-008 -0.0171772
1.384186e-008 -0.00673277
1.386686e-008 0.0316785
1.389186e-008 0.0337502
1.391686e-008 0.00319375
1.394186e-008 -0.00284848
1.396686e-008 0.0183856
1.399186e-008 0.0289164
1.401686e-008 0.0268448
1.404186e-008 0.0261542
1.406686e-008 0.019853
1.409186e-008 0.0141561
1.411686e-008 0.0291753
1.414186e-008 0.0503231
1.416686e-008 0.0531716
1.419186e-008 0.0547253
1.421686e-008 0.0680182
1.424186e-008 0.0630981
1.426686e-008 0.0330596
1.429186e-008 0.0206299
1.431686e-008 0.0394471
1.434186e-008 0.0586096
1.436686e-008 0.0712983
1.439186e-008 0.0839007
1.441686e-008 0.0691404
1.444186e-008 0.0241689
1.446686e-008 0.00517905
1.449186e-008 0.0272764
1.451686e-008 0.0296932
1.454186e-008 -0.00103581
1.456686e-008 -0.00371166
1.459186e-008 0.0257226
1.461686e-008 0.0267584
1.464186e-008 0.00207162
1.466686e-008 -0.0029348
1.469186e-008 -0.0141561
1.471686e-008 -0.0666372
1.474186e-008 -0.0994378
1.476686e-008 -0.0649108
1.479186e-008 -0.0371166
1.481686e-008 -0.0726794
1.484186e-008 -0.098402
1.486686e-008 -0.0631845
1.489186e-008 -0.0414324
1.491686e-008 -0.0738015
1.494186e-008 -0.0790669
1.496686e-008 -0.0207162
1.499186e-008 0.0157961
1.501686e-008 -0.010876
1.504186e-008 -0.0288301
1.506686e-008 -0.00379797
1.509186e-008 0.00802753
1.511686e-008 -0.0107897
1.514186e-008 -0.0156235
1.516686e-008 -0.0100992
1.519186e-008 -0.0353902
1.521686e-008 -0.0604223
1.524186e-008 -0.0264995
1.526686e-008 0.0281395
1.529186e-008 0.0234784
1.531686e-008 -0.0170909
1.534186e-008 -0.0118255
1.536686e-008 0.0282258
1.539186e-008 0.0232194
1.541686e-008 -0.0292617
1.544186e-008 -0.0526537
1.546686e-008 -0.0189035
1.549186e-008 0.0245142
1.551686e-008 0.039965
1.554186e-008 0.0288301
1.556686e-008 -0.00328007
1.559186e-008 -0.0397924
1.561686e-008 -0.0376345
1.564186e-008 0.0152782
1.566686e-008 0.0601633
1.569186e-008 0.0449715
1.571686e-008 -0.00129476
1.574186e-008 -0.0264132
1.576686e-008 -0.0334912
1.579186e-008 -0.0431588
1.581686e-008 -0.0403966
1.584186e-008 -0.018213
1.586686e-008 -0.00975389
1.589186e-008 -0.0249458
1.591686e-008 -0.0277943
1.594186e-008 -0.0138971
1.596686e-008 -0.0230468
1.599186e-008 -0.0485968
1.601686e-008 -0.0379797
1.604186e-008 -0.00215794
1.606686e-008 -0.00578328
1.609186e-008 -0.0389292
1.611686e-008 -0.0291753
1.614186e-008 0.0155372
1.616686e-008 0.0158824
1.619186e-008 -0.0277943
1.621686e-008 -0.0404829
1.624186e-008 -0.0191625
1.626686e-008 -0.0278806
1.629186e-008 -0.0572286
1.631686e-008 -0.0359944
1.634186e-008 0.0273627
1.636686e-008 0.0502368
1.639186e-008 0.0107897
1.641686e-008 -0.0338365
1.644186e-008 -0.0433314
1.646686e-008 -0.0242552
1.649186e-008 0.00457483
1.651686e-008 0.0195078
1.654186e-008 0.0124297
1.656686e-008 0.0210615
1.659186e-008 0.0691404
1.661686e-008 0.0946041
1.664186e-008 0.0395334
1.666686e-008 -0.0333186
1.669186e-008 -0.036685
1.671686e-008 -0.00776858
1.674186e-008 -0.0182993
1.676686e-008 -0.0271037
1.679186e-008 0.0237373
1.681686e-008 0.0688814
1.684186e-008 0.0322828
1.686686e-008 -0.0321101
1.689186e-008 -0.0461799
1.691686e-008 -0.0348723
1.694186e-008 -0.0384113
1.696686e-008 -0.0298659
1.699186e-008 8.63176e-005
1.701686e-008 0.00802753
1.704186e-008 -0.00966757
1.706686e-008 -0.011135
1.709186e-008 0.00353902
1.711686e-008 0.00940862
1.714186e-008 0.0185583
1.716686e-008 0.0330596
1.719186e-008 0.0148466
1.721686e-008 -0.0295206
1.724186e-008 -0.0409145
1.726686e-008 -0.0203709
1.729186e-008 -0.0250321
1.731686e-008 -0.0447988
1.734186e-008 -0.0223563
1.736686e-008 0.0246868
1.739186e-008 0.036426
1.741686e-008 0.0180404
1.744186e-008 0.00362534
1.746686e-008 -0.0152782
1.749186e-008 -0.038066
1.751686e-008 -0.0292617
1.754186e-008 0.00241689
1.756686e-008 0.00716436
1.759186e-008 -0.00863176
1.761686e-008 -0.00181267
1.764186e-008 0.00906335
1.766686e-008 -0.0117392
1.769186e-008 -0.0268448
1.771686e-008 0.00241689
1.774186e-008 0.0246005
1.776686e-008 -0.00889071
1.779186e-008 -0.0463525
1.781686e-008 -0.027449
1.784186e-008 0.016573
1.786686e-008 0.0353902
1.789186e-008 0.0408282
1.791686e-008 0.0498052
1.794186e-008 0.0361671
1.796686e-008 -0.0049201
1.799186e-008 -0.0276216
1.801686e-008 -0.0122571
1.804186e-008 0.00241689
1.806686e-008 -0.00604223
1.809186e-008 -0.00889071
1.811686e-008 0.00759595
1.814186e-008 0.0153645
1.816686e-008 0.00725068
1.819186e-008 0.00940862
1.821686e-008 0.0158824
1.824186e-008 -0.00612855
1.826686e-008 -0.034786
1.829186e-008 -0.0162277
1.831686e-008 0.025809
1.834186e-008 0.0161414
1.836686e-008 -0.0320238
1.839186e-008 -0.0339228
1.841686e-008 0.014415
1.844186e-008 0.0360807
1.846686e-008 0.0145014
1.849186e-008 -0.00138108
1.851686e-008 -0.00880439
1.854186e-008 -0.0338365
1.856686e-008 -0.0431588
1.859186e-008 -0.000172635
1.861686e-008 0.0481652
1.864186e-008 0.0485968
1.866686e-008 0.0321101
1.869186e-008 0.0358218
1.871686e-008 0.0284848
1.874186e-008 -0.00923598
1.876686e-008 -0.0311606
1.879186e-008 -0.0121708
1.881686e-008 0.00923598
1.884186e-008 0.0083728
1.886686e-008 0.00328007
1.889186e-008 0.00189899
1.891686e-008 0.00276216
1.894186e-008 0.0232194
1.896686e-008 0.056538
1.899186e-008 0.0529127
1.901686e-008 0.00233057
1.904186e-008 -0.0352176
1.906686e-008 -0.0285711
1.909186e-008 -0.0193351
1.911686e-008 -0.0304701
1.914186e-008 -0.0266721
1.916686e-008 0.00914966
1.919186e-008 0.0430725
1.921686e-008 0.05274
1.924186e-008 0.0470431
1.926686e-008 0.0271037
1.929186e-008 -0.00923598
1.931686e-008 -0.0365123
1.934186e-008 -0.0291753
1.936686e-008 -0.00164003
1.939186e-008 0.0191625
1.941686e-008 0.0334912
1.944186e-008 0.0460936
1.946686e-008 0.0377208
1.949186e-008 -8.63176e-005
1.951686e-008 -0.0301248
1.954186e-008 -0.0136382
1.956686e-008 0.0223563
1.959186e-008 0.0182993
1.961686e-008 -0.0223563
1.964186e-008 -0.0338365
1.966686e-008 0.00336639
1.969186e-008 0.032628
1.971686e-008 0.0213204
1.974186e-008 0.00371166
1.976686e-008 -0.00138108
1.979186e-008 -0.0210615
1.981686e-008 -0.0478199
1.984186e-008 -0.0321101
1.986686e-008 0.0209752
1.989186e-008 0.0504958
1.991686e-008 0.0431588
1.994186e-008 0.0384113
1.996686e-008 0.0365987
1.999186e-008 0.00526537
2.001686e-008 -0.0397924
2.004186e-008 -0.0502368
2.006686e-008 -0.02391
2.009186e-008 0.00138108
2.011686e-008 0.00923598
2.014186e-008 0.0119118
2.016686e-008 0.0210615
2.019186e-008 0.032628
2.021686e-008 0.0305564
2.024186e-008 0.00949493
2.026686e-008 -0.00725068
2.029186e-008 -8.63176e-005
2.031686e-008 0.0109623
2.034186e-008 0.00535169
2.036686e-008 0.00284848
2.039186e-008 0.0166593
2.041686e-008 0.0190762
2.044186e-008 0.00172635
2.046686e-008 -0.00388429
2.049186e-008 0.00457483
2.051686e-008 -0.00561064
2.054186e-008 -0.02555
2.056686e-008 -0.0186446
2.059186e-008 0.00172635
2.061686e-008 0.00120845
2.064186e-008 -0.00483378
2.066686e-008 0.00414324
2.069186e-008 0.00371166
2.071686e-008 -0.0132066
2.074186e-008 -0.0093223
2.076686e-008 0.0138108
2.079186e-008 0.00802753
2.081686e-008 -0.0238237
2.084186e-008 -0.0303838
2.086686e-008 -0.00949493
2.089186e-008 0.000776858
2.091686e-008 0.000690541
2.094186e-008 0.00880439
2.096686e-008 0.0110486
2.099186e-008 0.00215794
2.101686e-008 0.00863176
2.104186e-008 0.0253774
2.106686e-008 0.0126887
2.109186e-008 -0.0208025
2.111686e-008 -0.0251184
2.114186e-008 -0.00250321
2.116686e-008 -0.0019853
2.119186e-008 -0.0238237
2.121686e-008 -0.0199394
2.124186e-008 0.0176951
2.126686e-008 0.0447988
2.129186e-008 0.0378934
2.131686e-008 0.0205436
2.134186e-008 0.0134655
2.136686e-008 0.00388429
2.139186e-008 -0.0191625
2.141686e-008 -0.0334049
2.144186e-008 -0.0191625
2.146686e-008 -0.0034527
2.149186e-008 -0.022011
2.151686e-008 -0.0558475
2.154186e-008 -0.0588686
2.156686e-008 -0.0318512
2.159186e-008 -0.0120845
2.161686e-008 -0.00845912
2.164186e-008 -0.00319375
2.166686e-008 0.00923598
2.169186e-008 0.0231331
2.171686e-008 0.0323691
2.174186e-008 0.0224426
2.176686e-008 -0.00535169
2.179186e-008 -0.0164003
2.181686e-008 -0.00181267
2.184186e-008 -0.00725068
2.186686e-008 -0.0428135
2.189186e-008 -0.0469568
2.191686e-008 -0.00405693
2.194186e-008 0.0154508
2.196686e-008 -0.0105307
2.199186e-008 -0.0197667
2.201686e-008 -0.00414324
2.204186e-008 -0.0241689
2.206686e-008 -0.0637887
2.209186e-008 -0.0460073
2.211686e-008 0.00828649
2.214186e-008 0.0164003
2.216686e-008 -0.00656014
2.219186e-008 0.00336639
2.221686e-008 0.0192488
2.224186e-008 -0.00543801
2.226686e-008 -0.0221836
2.229186e-008 0.0117392
2.231686e-008 0.0374618
2.234186e-008 0.0182993
2.236686e-008 0.016314
2.239186e-008 0.0539485
2.241686e-008 0.054898
2.244186e-008 -0.00612855
2.246686e-008 -0.0467841
2.249186e-008 -0.0208025
2.251686e-008 0.0176951
2.254186e-008 0.0231331
2.256686e-008 0.0151056
2.259186e-008 0.0129476
2.261686e-008 0.000863176
2.264186e-008 -0.0299522
2.266686e-008 -0.0528264
2.269186e-008 -0.0360807
2.271686e-008 0.00949493
2.274186e-008 0.031247
2.276686e-008 0.00535169
2.279186e-008 -0.0222699
2.281686e-008 -0.0122571
2.284186e-008 -0.000431588
2.286686e-008 -0.0212341
2.289186e-008 -0.034527
2.291686e-008 -0.00716436
2.294186e-008 0.0139834
2.296686e-008 -0.00750963
2.299186e-008 -0.0272764
2.301686e-008 -0.0093223
2.304186e-008 0.0124297
2.306686e-008 0.00897703
2.309186e-008 0.000604223
2.311686e-008 0.000172635
2.314186e-008 -0.00612855
2.316686e-008 -0.018213
2.319186e-008 -0.0231331
2.321686e-008 -0.0174361
2.324186e-008 0.000258953
2.326686e-008 0.0216657
2.329186e-008 0.0164867
2.331686e-008 -0.0210615
2.334186e-008 -0.0487694
2.336686e-008 -0.0469568
2.339186e-008 -0.0457483
2.341686e-008 -0.0453167
2.344186e-008 -0.00699172
2.346686e-008 0.049201
2.349186e-008 0.0576601
2.351686e-008 0.0253774
2.354186e-008 0.0138971
2.356686e-008 0.0208889
2.359186e-008 0.0029348
2.361686e-008 -0.0240826
2.364186e-008 -0.0211478
2.366686e-008 -0.00474747
2.369186e-008 -0.000258953
2.371686e-008 0.00776858
2.374186e-008 0.0190762
2.376686e-008 0.00189899
2.379186e-008 -0.0310743
2.381686e-008 -0.029089
2.384186e-008 0.00233057
2.386686e-008 0.00897703
2.389186e-008 -0.0167456
2.391686e-008 -0.0323691
2.394186e-008 -0.0203709
2.396686e-008 0.00112213
2.399186e-008 0.0220973
2.401686e-008 0.0438493
2.404186e-008 0.0569696
2.406686e-008 0.0467841
2.409186e-008 0.0151056
2.411686e-008 -0.016314
2.414186e-008 -0.0277079
2.416686e-008 -0.0244279
2.419186e-008 -0.0202846
2.421686e-008 -0.00189899
2.424186e-008 0.0458346
2.426686e-008 0.0816564
2.429186e-008 0.0458346
2.431686e-008 -0.0389292
2.434186e-008 -0.0869218
2.436686e-008 -0.0718162
2.439186e-008 -0.044022
2.441686e-008 -0.0301248
2.444186e-008 -0.00742331
2.446686e-008 0.0262405
2.449186e-008 0.0426409
2.451686e-008 0.0377208
2.454186e-008 0.0309017
2.456686e-008 0.0214068
2.459186e-008 -0.00431588
2.461686e-008 -0.0393608
2.464186e-008 -0.061976
2.466686e-008 -0.0605086
2.469186e-008 -0.0369439
2.471686e-008 -0.000863176
2.474186e-008 0.0329733
2.476686e-008 0.0485105
2.479186e-008 0.0365123
2.481686e-008 0.00353902
2.484186e-008 -0.0252047
2.486686e-008 -0.030988
2.489186e-008 -0.0245142
2.491686e-008 -0.0192488
2.494186e-008 -0.000604223
2.496686e-008 0.0377208
2.499186e-008 0.0596454
2.501686e-008 0.0411735
2.504186e-008 0.0132066
2.506686e-008 -0.0029348
2.509186e-008 -0.0329733
2.511686e-008 -0.070953
2.514186e-008 -0.0580917
2.516686e-008 0.00284848
2.519186e-008 0.0259816
2.521686e-008 -0.0100128
2.524186e-008 -0.0215794
2.526686e-008 0.0268448
2.529186e-008 0.0640476
2.531686e-008 0.0435041
2.534186e-008 0.00353902
2.536686e-008 -0.0225289
2.539186e-008 -0.0391019
2.541686e-008 -0.0349586
2.544186e-008 -0.0029348
2.546686e-008 0.016573
2.549186e-008 -0.00258953
2.551686e-008 -0.0188172
2.554186e-008 -0.000690541
2.556686e-008 0.0164003
2.559186e-008 0.00371166
2.561686e-008 -0.0170046
2.564186e-008 -0.0352176
2.566686e-008 -0.0643066
2.569186e-008 -0.0815701
2.571686e-008 -0.0496326
2.574186e-008 0.0044022
2.576686e-008 0.0242552
2.579186e-008 0.0208889
2.581686e-008 0.0427272
2.584186e-008 0.073111
2.586686e-008 0.0511863
2.589186e-008 -0.0162277
2.591686e-008 -0.0521358
2.594186e-008 -0.0244279
2.596686e-008 0.00923598
2.599186e-008 -0.00595591
2.601686e-008 -0.0429862
2.604186e-008 -0.0430725
2.606686e-008 -0.00647382
2.609186e-008 0.0189899
2.611686e-008 0.0133792
2.614186e-008 -0.00189899
2.616686e-008 -0.00923598
2.619186e-008 -0.00897703
2.621686e-008 -0.00215794
2.624186e-008 0.00543801
2.626686e-008 0.000431588
2.629186e-008 -0.0142424
2.631686e-008 -0.0189035
2.634186e-008 -0.0093223
2.636686e-008 0.000517905
2.639186e-008 0.00535169
2.641686e-008 0.00811385
2.644186e-008 0.00725068
2.646686e-008 0.00759595
2.649186e-008 0.0181267
2.651686e-008 0.0266721
2.654186e-008 0.0149329
2.656686e-008 -0.00310743
2.659186e-008 0.000949493
2.661686e-008 0.0207162
2.664186e-008 0.0267584
2.666686e-008 0.00820017
2.669186e-008 -0.0223563
2.671686e-008 -0.0411735
2.674186e-008 -0.0271037
2.676686e-008 0.00448851
2.679186e-008 0.00690541
2.681686e-008 -0.0204573
2.684186e-008 -0.0208889
2.686686e-008 0.0138971
2.689186e-008 0.0200257
2.691686e-008 -0.0132066
2.694186e-008 -0.0170046
2.696686e-008 0.0200257
2.699186e-008 0.0282258
2.701686e-008 -0.00276216
2.704186e-008 -0.00750963
2.706686e-008 0.0249458
2.709186e-008 0.0450578
2.711686e-008 0.0474747
2.714186e-008 0.0498052
2.716686e-008 0.0262405
2.719186e-008 -0.0266721
2.721686e-008 -0.0486831
2.724186e-008 -0.0283985
2.726686e-008 -0.0290027
2.729186e-008 -0.0479926
2.731686e-008 -0.0137245
2.734186e-008 0.0514453
2.736686e-008 0.0530853
2.739186e-008 0.00647382
2.741686e-008 -0.000776858
2.744186e-008 0.012775
2.746686e-008 -0.0195941
2.749186e-008 -0.0534306
2.751686e-008 -0.0258953
2.754186e-008 0.00336639
2.756686e-008 -0.0209752
2.759186e-008 -0.0254637
2.761686e-008 0.0342681
2.764186e-008 0.0651698
2.766686e-008 0.0170909
2.769186e-008 -0.0195941
2.771686e-008 0.00405693
2.774186e-008 0.0134655
2.776686e-008 -0.022011
2.779186e-008 -0.0342681
2.781686e-008 -0.00759595
2.784186e-008 -0.00612855
2.786686e-008 -0.038066
2.789186e-008 -0.0458346
2.791686e-008 -0.0179541
2.794186e-008 0.00500642
2.796686e-008 0.0049201
2.799186e-008 -0.00897703
2.801686e-008 -0.0242552
2.804186e-008 -0.0221836
2.806686e-008 0.000431588
2.809186e-008 0.0151056
2.811686e-008 0.00845912
2.814186e-008 0.00431588
2.816686e-008 0.00811385
2.819186e-008 -0.000604223
2.821686e-008 -0.00880439
2.824186e-008 0.0105307
2.826686e-008 0.0322828
2.829186e-008 0.0199394
2.831686e-008 -0.00509274
2.834186e-008 -0.011135
2.836686e-008 -0.00940862
2.839186e-008 -0.00431588
2.841686e-008 0.0223563
2.844186e-008 0.0483378
2.846686e-008 0.0344407
2.849186e-008 0.00759595
2.851686e-008 0.0106171
2.854186e-008 0.010876
2.856686e-008 -0.0276216
2.859186e-008 -0.0516179
2.861686e-008 -0.0119981
2.864186e-008 0.0360807
2.866686e-008 0.0254637
2.869186e-008 -0.0195078
2.871686e-008 -0.0427272
2.874186e-008 -0.0353902
2.876686e-008 -0.0154508
2.879186e-008 0.00172635
2.881686e-008 0.00561064
2.884186e-008 0.00673277
2.886686e-008 0.0222699
2.889186e-008 0.0298659
2.891686e-008 0.000690541
2.894186e-008 -0.0321965
2.896686e-008 -0.0242552
2.899186e-008 -0.00172635
2.901686e-008 -0.00405693
2.904186e-008 -0.00371166
2.906686e-008 0.0237373
2.909186e-008 0.0358218
2.911686e-008 0.00759595
2.914186e-008 -0.0164867
2.916686e-008 -0.0126887
2.919186e-008 -0.0131203
2.921686e-008 -0.0232194
2.924186e-008 -0.0159688
2.926686e-008 -0.0063875
2.929186e-008 -0.0234784
2.931686e-008 -0.0372029
2.934186e-008 -0.0116529
2.936686e-008 0.0203709
2.939186e-008 0.0199394
2.941686e-008 0.0093223
2.944186e-008 0.0159688
2.946686e-008 0.0246005
2.949186e-008 0.0235647
2.951686e-008 0.0226152
2.954186e-008 0.0195941
2.956686e-008 0.0131203
2.959186e-008 0.0205436
2.961686e-008 0.0343544
2.964186e-008 0.0205436
2.966686e-008 -0.0083728
2.969186e-008 -0.00914966
2.971686e-008 -0.000949493
2.974186e-008 -0.0262405
2.976686e-008 -0.0435041
2.979186e-008 0.00457483
2.981686e-008 0.0610265
2.984186e-008 0.0448851
2.986686e-008 0.000604223
2.989186e-008 0.00310743
2.991686e-008 0.0124297
2.994186e-008 -0.0229605
2.996686e-008 -0.0354765
2.999186e-008 0.0303838
3.001686e-008 0.0847639
3.004186e-008 0.0404829
3.006686e-008 -0.0322828
3.009186e-008 -0.0344407
3.011686e-008 0.00302112
3.014186e-008 0.00578328
3.016686e-008 -0.0103581
3.019186e-008 0.0049201
3.021686e-008 0.0352176
3.024186e-008 0.032628
3.026686e-008 -0.00328007
3.029186e-008 -0.0332323
3.031686e-008 -0.0310743
3.034186e-008 -0.0063875
3.036686e-008 0.00776858
3.039186e-008 -0.0119118
3.041686e-008 -0.0503231
3.044186e-008 -0.0705215
3.046686e-008 -0.0539485
3.049186e-008 -0.0122571
3.051686e-008 0.0279669
3.054186e-008 0.0394471
3.056686e-008 0.0164003
3.059186e-008 -0.0113939
3.061686e-008 -0.0133792
3.064186e-008 -0.00207162
3.066686e-008 -0.00664645
3.069186e-008 -0.0161414
3.071686e-008 0.000949493
3.074186e-008 0.0346997
3.076686e-008 0.0446262
3.079186e-008 0.0244279
3.081686e-008 0.00224426
3.084186e-008 -0.0098402
3.086686e-008 -0.018472
3.089186e-008 -0.0171772
3.091686e-008 -0.00129476
3.094186e-008 0.00526537
3.096686e-008 -0.0123434
3.099186e-008 -0.0226152
3.101686e-008 -0.0019853
3.104186e-008 0.0098402
3.106686e-008 -0.027449
3.109186e-008 -0.0736289
3.111686e-008 -0.0630981
3.114186e-008 -0.0109623
3.116686e-008 0.0152782
3.119186e-008 0.00284848
3.121686e-008 -0.00353902
3.124186e-008 0.0115666
3.126686e-008 0.019853
3.129186e-008 0.0107034
3.131686e-008 0.0014674
3.134186e-008 -0.00526537
3.136686e-008 -0.0201983
3.139186e-008 -0.0316785
3.141686e-008 -0.0206299
3.144186e-008 8.63176e-005
3.146686e-008 0.00526537
3.149186e-008 0.00034527
3.151686e-008 0.000258953
3.154186e-008 -0.00871807
3.156686e-008 -0.0353039
3.159186e-008 -0.0439356
3.161686e-008 -0.0118255
3.164186e-008 0.0205436
3.166686e-008 0.0174361
3.169186e-008 0.0113076
3.171686e-008 0.0264132
3.174186e-008 0.0230468
3.176686e-008 -0.00716436
3.179186e-008 -0.00103581
3.181686e-008 0.0430725
3.184186e-008 0.0305564
3.186686e-008 -0.0489421
3.189186e-008 -0.0751826
3.191686e-008 -0.00820017
3.194186e-008 0.0428135
3.196686e-008 0.0276216
3.199186e-008 0.0209752
3.201686e-008 0.0352176
3.204186e-008 -0.00733699
3.206686e-008 -0.0830375
3.209186e-008 -0.0776858
3.211686e-008 0.00207162
3.214186e-008 0.0411735
3.216686e-008 0.0220973
3.219186e-008 0.0195078
3.221686e-008 0.0362534
3.224186e-008 0.0188172
3.226686e-008 -0.0220973
3.229186e-008 -0.0433314
3.231686e-008 -0.0500642
3.234186e-008 -0.0545527
3.236686e-008 -0.0376345
3.239186e-008 0.00112213
3.241686e-008 0.0316785
3.244186e-008 0.0394471
3.246686e-008 0.0220973
3.249186e-008 -0.0209752
3.251686e-008 -0.0566243
3.254186e-008 -0.0482515
3.256686e-008 -0.029348
3.259186e-008 -0.043763
3.261686e-008 -0.0438493
3.264186e-008 0.0227015
3.266686e-008 0.0854544
3.269186e-008 0.0620623
3.271686e-008 0.00707804
3.274186e-008 0.00397061
3.276686e-008 0.0175225
3.279186e-008 -0.00871807
3.281686e-008 -0.0369439
3.284186e-008 -0.0307291
3.286686e-008 -0.0288301
3.289186e-008 -0.0428998
3.291686e-008 -0.0257226
3.294186e-008 0.0175225
3.296686e-008 0.0285711
3.299186e-008 0.0104444
3.301686e-008 0.00940862
3.304186e-008 0.013034
3.306686e-008 -0.0107034
3.309186e-008 -0.0346133
3.311686e-008 -0.0286574
3.314186e-008 -0.0154508
3.316686e-008 -0.00811385
3.319186e-008 0.0110486
3.321686e-008 0.0241689
3.324186e-008 -0.0014674
3.326686e-008 -0.0323691
3.329186e-008 -0.0197667
3.331686e-008 0.00569696
3.334186e-008 -0.00742331
3.336686e-008 -0.0390155
3.339186e-008 -0.0476473
3.341686e-008 -0.0378934
3.344186e-008 -0.0195941
3.346686e-008 0.0126887
3.349186e-008 0.0339228
3.351686e-008 0.0122571
3.354186e-008 -0.0232194
3.356686e-008 -0.0258953
3.359186e-008 -0.0105307
3.361686e-008 -0.0114802
3.364186e-008 -0.0171772
3.366686e-008 -0.00923598
3.369186e-008 -0.00466115
3.371686e-008 -0.0116529
3.374186e-008 -0.0114802
3.376686e-008 -0.00129476
3.379186e-008 0.0029348
3.381686e-008 0.000776858
3.384186e-008 -0.00267584
3.386686e-008 -0.0151056
3.389186e-008 -0.0310743
3.391686e-008 -0.0296932
3.394186e-008 -0.0117392
3.396686e-008 0.00457483
3.399186e-008 0.0162277
3.401686e-008 0.0212341
3.404186e-008 0.0049201
3.406686e-008 -0.0230468
3.409186e-008 -0.0286574
3.411686e-008 -0.0153645
3.414186e-008 -0.0190762
3.416686e-008 -0.0335775
3.419186e-008 -0.0190762
3.421686e-008 0.0177814
3.424186e-008 0.0302112
3.426686e-008 0.0113939
3.429186e-008 -0.00181267
3.431686e-008 0.0063875
3.434186e-008 0.0159688
3.436686e-008 0.00699172
3.439186e-008 -0.0153645
3.441686e-008 -0.0235647
3.444186e-008 0.00189899
3.446686e-008 0.0339228
3.449186e-008 0.0246005
3.451686e-008 -0.0150193
3.454186e-008 -0.0180404
3.456686e-008 0.0297796
3.459186e-008 0.0561927
3.461686e-008 0.0137245
3.464186e-008 -0.0450578
3.466686e-008 -0.0509274
3.469186e-008 -0.0177814
3.471686e-008 -0.00310743
3.474186e-008 -0.0141561
3.476686e-008 -0.0124297
3.479186e-008 0.0109623
3.481686e-008 0.0259816
3.484186e-008 0.0229605
3.486686e-008 0.0221836
3.489186e-008 0.0233921
3.491686e-008 0.00630118
3.494186e-008 -0.0143287
3.496686e-008 -0.00233057
3.499186e-008 0.0272764
3.501686e-008 0.0229605
3.504186e-008 -0.010876
3.506686e-008 -0.0168319
3.509186e-008 0.0160551
3.511686e-008 0.0375481
3.514186e-008 0.0237373
3.516686e-008 0.0044022
3.519186e-008 -0.000258953
3.521686e-008 -0.0063875
3.524186e-008 -0.0260679
3.526686e-008 -0.0413461
3.529186e-008 -0.0264995
3.531686e-008 0.0171772
3.534186e-008 0.0504095
3.536686e-008 0.0378934
3.539186e-008 0.00336639
3.541686e-008 -0.00276216
3.544186e-008 0.0100992
3.546686e-008 -0.00681909
3.549186e-008 -0.0368576
3.551686e-008 -0.016314
3.554186e-008 0.0415188
3.556686e-008 0.058696
3.559186e-008 0.0268448
3.561686e-008 0.00647382
3.564186e-008 0.0044022
3.566686e-008 -0.0189035
3.569186e-008 -0.0448851
3.571686e-008 -0.0250321
3.574186e-008 0.0185583
3.576686e-008 0.0319375
3.579186e-008 0.0189899
3.581686e-008 0.0083728
3.584186e-008 -0.00681909
3.586686e-008 -0.0283985
3.589186e-008 -0.0294343
3.591686e-008 -0.0126024
3.594186e-008 -0.00871807
3.596686e-008 -0.00949493
3.599186e-008 0.00958125
3.601686e-008 0.0239963
3.604186e-008 0.00612855
3.606686e-008 -0.0113076
3.609186e-008 -0.000776858
3.611686e-008 0.00526537
3.614186e-008 -0.00880439
3.616686e-008 -0.00336639
3.619186e-008 0.0269311
3.621686e-008 0.0320238
3.624186e-008 0.00319375
3.626686e-008 -0.0168319
3.629186e-008 -0.0214068
3.631686e-008 -0.0329733
3.634186e-008 -0.0381524
3.636686e-008 -0.0214931
3.639186e-008 -0.0113939
3.641686e-008 -0.0186446
3.644186e-008 -0.00802753
3.646686e-008 0.0178677
3.649186e-008 0.0100992
3.651686e-008 -0.0268448
3.654186e-008 -0.0373755
3.656686e-008 -0.0193351
3.659186e-008 -0.0123434
3.661686e-008 -0.00958125
3.664186e-008 0.011135
3.666686e-008 0.0204573
3.669186e-008 -0.000431588
3.671686e-008 -0.00966757
3.674186e-008 0.00811385
3.676686e-008 0.0049201
3.679186e-008 -0.0230468
3.681686e-008 -0.0170046
3.684186e-008 0.0172635
3.686686e-008 0.00474747
3.689186e-008 -0.0463525
3.691686e-008 -0.0406556
3.694186e-008 0.0287438
3.696686e-008 0.0573149
3.699186e-008 0.0106171
3.701686e-008 -0.0233921
3.704186e-008 0.00422956
3.706686e-008 0.029089
3.709186e-008 0.0029348
3.711686e-008 -0.0269311
3.714186e-008 -0.0159688
3.716686e-008 0.00422956
3.719186e-008 0.0019853
3.721686e-008 0.0044022
3.724186e-008 0.0268448
3.726686e-008 0.0256363
3.729186e-008 -0.0181267
3.731686e-008 -0.0432451
3.734186e-008 -0.00750963
3.736686e-008 0.0307291
3.739186e-008 0.00630118
3.741686e-008 -0.0414324
3.744186e-008 -0.0386703
3.746686e-008 0.000172635
3.749186e-008 0.0113939
3.751686e-008 -0.00500642
3.754186e-008 -0.00725068
3.756686e-008 -0.0014674
3.759186e-008 -0.0209752
3.761686e-008 -0.0512726
3.764186e-008 -0.056538
3.766686e-008 -0.0429862
3.769186e-008 -0.0301248
3.771686e-008 -0.00621487
3.774186e-008 0.032887
3.776686e-008 0.0532579
3.779186e-008 0.0365123
3.781686e-008 0.0105307
3.784186e-008 -0.00448851
3.786686e-008 -0.0203709
3.789186e-008 -0.0342681
3.791686e-008 -0.0239963
3.794186e-008 0.00664645
3.796686e-008 0.0341818
3.799186e-008 0.054898
3.801686e-008 0.0675867
3.804186e-008 0.0519632
3.806686e-008 0.00992652
3.809186e-008 -0.0194215
3.811686e-008 -0.0195941
3.814186e-008 -0.0140698
3.816686e-008 -0.00906335
3.819186e-008 0.00845912
3.821686e-008 0.0172635
3.824186e-008 -0.0107034
3.826686e-008 -0.0410008
3.829186e-008 -0.0191625
3.831686e-008 0.0359081
3.834186e-008 0.0614581
3.836686e-008 0.0434177
3.839186e-008 0.0138971
3.841686e-008 -0.00802753
3.844186e-008 -0.0195078
3.846686e-008 -0.0155372
3.849186e-008 -0.00319375
3.851686e-008 0.00172635
3.854186e-008 0.00207162
3.856686e-008 0.00759595
3.859186e-008 0.00871807
3.861686e-008 -0.00336639
3.864186e-008 -0.0140698
3.866686e-008 -0.0138971
3.869186e-008 -0.0175225
3.871686e-008 -0.0304701
3.874186e-008 -0.0356492
3.876686e-008 -0.0229605
3.879186e-008 -0.00250321
3.881686e-008 0.0135519
3.884186e-008 0.0158824
3.886686e-008 0.00181267
3.889186e-008 -0.012775
3.891686e-008 -0.0121708
3.894186e-008 -0.00802753
3.896686e-008 -0.0128613
3.899186e-008 -0.00923598
3.901686e-008 0.00759595
3.904186e-008 0.0044022
3.906686e-008 -0.0226152
3.909186e-008 -0.0233057
3.911686e-008 0.0106171
3.914186e-008 0.0182993
3.916686e-008 -0.0132066
3.919186e-008 -0.0210615
3.921686e-008 0.00448851
3.924186e-008 -0.000949493
3.926686e-008 -0.0375481
3.929186e-008 -0.0324554
3.931686e-008 0.0151056
3.934186e-008 0.0329733
3.936686e-008 0.0147603
3.939186e-008 0.00975389
3.941686e-008 0.00690541
3.944186e-008 -0.0281395
3.946686e-008 -0.0591275
3.949186e-008 -0.0441946
3.951686e-008 -0.0149329
3.954186e-008 -0.000604223
3.956686e-008 0.0189899
3.959186e-008 0.0361671
3.961686e-008 0.0157098
3.964186e-008 -0.0137245
3.966686e-008 -0.00207162
3.969186e-008 0.0214931
3.971686e-008 0.0170046
3.974186e-008 0.0186446
3.976686e-008 0.0409145
3.979186e-008 0.0306427
3.981686e-008 -0.00319375
3.984186e-008 0.0145877
3.986686e-008 0.0557612
3.989186e-008 0.0224426
3.991686e-008 -0.0474747
3.994186e-008 -0.0397061
3.996686e-008 0.0123434
3.999186e-008 0.00215794
4.001686e-008 -0.0375481
