LECROYSDA18000 15238 Waveform
Segments 1 SegmentSize 3002
Segment TrigTime TimeSinceSegment1
#1 02-Nov-2018 14:20:13 0                 
Time Ampl
-1.000664e-008 0.0464389
-9.989975e-009 -0.0019853
-9.973308e-009 -0.0350449
-9.956642e-009 -0.0179541
-9.939975e-009 0.00483378
-9.923308e-009 -0.0267584
-9.906642e-009 -0.07829
-9.889975e-009 -0.0725068
-9.873308e-009 -0.0296932
-9.856642e-009 -0.0120845
-9.839975e-009 -0.00388429
-9.823308e-009 0.00828649
-9.806642e-009 -0.0175225
-9.789975e-009 -0.0458346
-9.773308e-009 0.00612855
-9.756642e-009 0.0789806
-9.739975e-009 0.0592139
-9.723308e-009 -0.00673277
-9.706642e-009 -0.0222699
-9.689975e-009 -0.00958125
-9.673308e-009 0.00241689
-9.656642e-009 0.0410008
-9.639975e-009 0.0616307
-9.623308e-009 0.00474747
-9.606642e-009 -0.0458346
-9.589975e-009 -0.0058696
-9.573308e-009 0.0329733
-9.556642e-009 -0.0150193
-9.539975e-009 -0.0575738
-9.523308e-009 -0.0157098
-9.506642e-009 0.0264995
-9.489975e-009 -0.00500642
-9.473308e-009 -0.0511
-9.456642e-009 -0.0477336
-9.439975e-009 -0.0164003
-9.423308e-009 -0.0019853
-9.406642e-009 -0.0233057
-9.389975e-009 -0.0630981
-9.373308e-009 -0.0694856
-9.356642e-009 -0.0277079
-9.339975e-009 -0.00120845
-9.323308e-009 -0.021752
-9.306642e-009 -0.0298659
-9.289975e-009 -0.0049201
-9.273308e-009 -0.00517905
-9.256642e-009 -0.02719
-9.239975e-009 -0.00940862
-9.223308e-009 0.0208889
-9.206642e-009 -0.000431588
-9.189975e-009 -0.0361671
-9.173308e-009 -0.0315059
-9.156642e-009 -0.0113076
-9.139975e-009 0.00949493
-9.123308e-009 0.0419503
-9.106642e-009 0.0384976
-9.089975e-009 -0.0176951
-9.073308e-009 -0.0313333
-9.056642e-009 0.0248595
-9.039975e-009 0.0357355
-9.023308e-009 -0.0233921
-9.006642e-009 -0.0279669
-8.989975e-009 0.0477336
-8.973308e-009 0.082347
-8.956642e-009 0.0228742
-8.939975e-009 -0.0566243
-8.923308e-009 -0.0790669
-8.906642e-009 -0.0320238
-8.889975e-009 0.0310743
-8.873308e-009 0.0391882
-8.856642e-009 0.000949493
-8.839975e-009 -0.0199394
-8.823308e-009 -0.0252047
-8.806642e-009 -0.0394471
-8.789975e-009 -0.0177814
-8.773308e-009 0.0397924
-8.756642e-009 0.0275353
-8.739975e-009 -0.0607676
-8.723308e-009 -0.0854544
-8.706642e-009 -0.0234784
-8.689975e-009 -0.00526537
-8.673308e-009 -0.0489421
-8.656642e-009 -0.0502368
-8.639975e-009 -0.00716436
-8.623308e-009 0.00664645
-8.606642e-009 0.000949493
-8.589975e-009 0.00612855
-8.573308e-009 0.00362534
-8.556642e-009 0.00690541
-8.539975e-009 0.0322828
-8.523308e-009 0.0204573
-8.506642e-009 -0.0363397
-8.489975e-009 -0.0429862
-8.473308e-009 -0.000258953
-8.456642e-009 -0.00517905
-8.439975e-009 -0.0300385
-8.423308e-009 -0.0044022
-8.406642e-009 -0.00181267
-8.389975e-009 -0.0496326
-8.373308e-009 -0.0212341
-8.356642e-009 0.0670688
-8.339975e-009 0.0476473
-8.323308e-009 -0.0397061
-8.306642e-009 -0.0422093
-8.289975e-009 -0.0220973
-8.273308e-009 -0.051359
-8.256642e-009 -0.00656014
-8.239975e-009 0.0956399
-8.223308e-009 0.0555022
-8.206642e-009 -0.0645655
-8.189975e-009 -0.0333186
-8.173308e-009 0.0667235
-8.156642e-009 0.02555
-8.139975e-009 -0.0687951
-8.123308e-009 -0.0532579
-8.106642e-009 0.00880439
-8.089975e-009 0.025809
-8.073308e-009 0.0150193
-8.056642e-009 -0.0168319
-8.039975e-009 -0.0498052
-8.023308e-009 -0.0276216
-8.006642e-009 0.00699172
-7.989975e-009 -0.025291
-7.973308e-009 -0.0707804
-7.956642e-009 -0.0588686
-7.939975e-009 -0.0310743
-7.923308e-009 -0.0116529
-7.906642e-009 0.0268448
-7.889975e-009 0.0460073
-7.873308e-009 0.00448851
-7.856642e-009 -0.0405693
-7.839975e-009 -0.0349586
-7.823308e-009 -0.00794122
-7.806642e-009 -0.0044022
-7.789975e-009 -0.0313333
-7.773308e-009 -0.0532579
-7.756642e-009 -0.0277079
-7.739975e-009 0.0154508
-7.723308e-009 0.0156235
-7.706642e-009 -0.00681909
-7.689975e-009 -0.0134655
-7.673308e-009 -0.0226152
-7.656642e-009 -0.0162277
-7.639975e-009 0.032628
-7.623308e-009 0.0415188
-7.606642e-009 -0.0246005
-7.589975e-009 -0.0462662
-7.573308e-009 -0.00621487
-7.556642e-009 -0.0253774
-7.539975e-009 -0.065515
-7.523308e-009 -0.0229605
-7.506642e-009 -0.000690541
-7.489975e-009 -0.0687951
-7.473308e-009 -0.0750963
-7.456642e-009 0.0107034
-7.439975e-009 0.0322828
-7.423308e-009 0.00319375
-7.406642e-009 0.0264995
-7.389975e-009 0.0265858
-7.373308e-009 -0.0307291
-7.356642e-009 -0.0164003
-7.339975e-009 0.0528264
-7.323308e-009 0.039965
-7.306642e-009 -0.0098402
-7.289975e-009 -0.00707804
-7.273308e-009 -0.0122571
-7.256642e-009 -0.0338365
-7.239975e-009 0.00569696
-7.223308e-009 0.0488557
-7.206642e-009 0.00811385
-7.189975e-009 -0.0479063
-7.173308e-009 -0.0460936
-7.156642e-009 -0.00794122
-7.139975e-009 0.036685
-7.123308e-009 0.0248595
-7.106642e-009 -0.0806206
-7.089975e-009 -0.135519
-7.073308e-009 -0.0276216
-7.056642e-009 0.0762184
-7.039975e-009 0.0368576
-7.023308e-009 -0.013034
-7.006642e-009 0.0120845
-6.989975e-009 0.0137245
-6.973308e-009 -0.0122571
-6.956642e-009 0.0123434
-6.939975e-009 0.0361671
-6.923308e-009 -0.00112213
-6.906642e-009 -0.0381524
-6.889975e-009 -0.0356492
-6.873308e-009 -0.0174361
-6.856642e-009 0.0093223
-6.839975e-009 0.0178677
-6.823308e-009 -0.0162277
-6.806642e-009 -0.0330596
-6.789975e-009 0.00258953
-6.773308e-009 0.0286574
-6.756642e-009 0.0206299
-6.739975e-009 0.0093223
-6.723308e-009 -0.00509274
-6.706642e-009 0.00379797
-6.689975e-009 0.0587823
-6.673308e-009 0.0609402
-6.656642e-009 -0.0303838
-6.639975e-009 -0.0569696
-6.623308e-009 0.0258953
-6.606642e-009 0.0397924
-6.589975e-009 -0.0397924
-6.573308e-009 -0.0556748
-6.556642e-009 -0.0202846
-6.539975e-009 -0.0283985
-6.523308e-009 -0.0139834
-6.506642e-009 0.042123
-6.489975e-009 0.0194215
-6.473308e-009 -0.0518769
-6.456642e-009 -0.0381524
-6.439975e-009 0.00258953
-6.423308e-009 -0.0240826
-6.406642e-009 -0.0343544
-6.389975e-009 0.00552432
-6.373308e-009 -0.012516
-6.356642e-009 -0.0671551
-6.339975e-009 -0.0340091
-6.323308e-009 0.034786
-6.306642e-009 0.00949493
-6.289975e-009 -0.0575738
-6.273308e-009 -0.045662
-6.256642e-009 0.0158824
-6.239975e-009 0.0340954
-6.223308e-009 0.0156235
-6.206642e-009 0.0208889
-6.189975e-009 0.0532579
-6.173308e-009 0.0722478
-6.156642e-009 0.0573149
-6.139975e-009 0.016314
-6.123308e-009 -0.0153645
-6.106642e-009 0.0102718
-6.089975e-009 0.0670688
-6.073308e-009 0.0566243
-6.056642e-009 -0.012775
-6.039975e-009 -0.014415
-6.023308e-009 0.0491147
-6.006642e-009 0.0444536
-5.989975e-009 -0.0200257
-5.973308e-009 -0.038325
-5.956642e-009 -0.0400514
-5.939975e-009 -0.0688814
-5.923308e-009 -0.0447988
-5.906642e-009 0.0243416
-5.889975e-009 0.0195941
-5.873308e-009 -0.0282258
-5.856642e-009 -0.0183856
-5.839975e-009 -8.63176e-005
-5.823308e-009 -0.00940862
-5.806642e-009 0.0177814
-5.789975e-009 0.0318512
-5.773308e-009 -0.0378934
-5.756642e-009 -0.0640476
-5.739975e-009 0.0188172
-5.723308e-009 0.0447125
-5.706642e-009 -0.0257226
-5.689975e-009 -0.038325
-5.673308e-009 -0.00267584
-5.656642e-009 -0.0246005
-5.639975e-009 -0.0415188
-5.623308e-009 -0.0121708
-5.606642e-009 -0.0271037
-5.589975e-009 -0.0511
-5.573308e-009 0.00897703
-5.556642e-009 0.056538
-5.539975e-009 0.0200257
-5.523308e-009 0.0162277
-5.506642e-009 0.0531716
-5.489975e-009 0.012516
-5.473308e-009 -0.0410008
-5.456642e-009 0.00371166
-5.439975e-009 0.0378071
-5.423308e-009 -0.0241689
-5.406642e-009 -0.062235
-5.389975e-009 -0.0256363
-5.373308e-009 -0.00940862
-5.356642e-009 -0.0269311
-5.339975e-009 -0.0250321
-5.323308e-009 -0.0143287
-5.306642e-009 0.0014674
-5.289975e-009 0.0358218
-5.273308e-009 0.0373755
-5.256642e-009 -0.0083728
-5.239975e-009 -0.0156235
-5.223308e-009 0.0252047
-5.206642e-009 0.0177814
-5.189975e-009 -0.0344407
-5.173308e-009 -0.0322828
-5.156642e-009 0.0208889
-5.139975e-009 0.034786
-5.123308e-009 -0.00353902
-5.106642e-009 -0.038584
-5.089975e-009 -0.0572286
-5.073308e-009 -0.0752689
-5.056642e-009 -0.0682772
-5.039975e-009 -0.0190762
-5.023308e-009 0.00897703
-5.006642e-009 -0.0319375
-4.989975e-009 -0.0588686
-4.973308e-009 0.00336639
-4.956642e-009 0.0634434
-4.939975e-009 0.0306427
-4.923308e-009 -0.0145014
-4.906642e-009 -0.000431588
-4.889975e-009 0.00845912
-4.873308e-009 0.000863176
-4.856642e-009 0.0428998
-4.839975e-009 0.0716436
-4.823308e-009 -0.00103581
-4.806642e-009 -0.0535169
-4.789975e-009 0.0277079
-4.773308e-009 0.0920145
-4.756642e-009 0.0123434
-4.739975e-009 -0.0614581
-4.723308e-009 -0.00958125
-4.706642e-009 0.0414324
-4.689975e-009 0.00595591
-4.673308e-009 -0.0197667
-4.656642e-009 -0.00233057
-4.639975e-009 -0.0136382
-4.623308e-009 -0.027449
-4.606642e-009 0.0200257
-4.589975e-009 0.0573149
-4.573308e-009 0.0172635
-4.556642e-009 -0.0207162
-4.539975e-009 -0.00802753
-4.523308e-009 -0.0176088
-4.506642e-009 -0.0517905
-4.489975e-009 -0.0220973
-4.473308e-009 0.0447988
-4.456642e-009 0.0431588
-4.439975e-009 -0.00241689
-4.423308e-009 0.00276216
-4.406642e-009 0.0396198
-4.389975e-009 0.0373755
-4.373308e-009 0.0098402
-4.356642e-009 0.00328007
-4.339975e-009 0.0083728
-4.323308e-009 -0.00103581
-4.306642e-009 -0.0101855
-4.289975e-009 0.0148466
-4.273308e-009 0.0637024
-4.256642e-009 0.0769953
-4.239975e-009 0.0346133
-4.223308e-009 -0.0058696
-4.206642e-009 -0.00630118
-4.189975e-009 8.63176e-005
-4.173308e-009 -0.00474747
-4.156642e-009 0.00112213
-4.139975e-009 0.0136382
-4.123308e-009 0.0162277
-4.106642e-009 0.0171772
-4.089975e-009 0.0114802
-4.073308e-009 -0.00854544
-4.056642e-009 -0.00906335
-4.039975e-009 0.0145877
-4.023308e-009 0.00820017
-4.006642e-009 -0.0232194
-3.989975e-009 -0.0170909
-3.973308e-009 0.00725068
-3.956642e-009 -0.0133792
-3.939975e-009 -0.0538622
-3.923308e-009 -0.0579191
-3.906642e-009 -0.0361671
-3.889975e-009 -0.0191625
-3.873308e-009 -0.0141561
-3.856642e-009 -0.0140698
-3.839975e-009 0.00457483
-3.823308e-009 0.0332323
-3.806642e-009 0.0164867
-3.789975e-009 -0.0296069
-3.773308e-009 -0.0208889
-3.756642e-009 0.0214931
-3.739975e-009 0.0122571
-3.723308e-009 -0.0137245
-3.706642e-009 0.00448851
-3.689975e-009 0.0101855
-3.673308e-009 -0.0246868
-3.656642e-009 -0.0302975
-3.639975e-009 -0.0113939
-3.623308e-009 -0.029348
-3.606642e-009 -0.0458346
-3.589975e-009 -0.012516
-3.573308e-009 0.0158824
-3.556642e-009 0.0014674
-3.539975e-009 -0.019853
-3.523308e-009 -0.0306427
-3.506642e-009 -0.0330596
-3.489975e-009 -0.0223563
-3.473308e-009 -0.0161414
-3.456642e-009 -0.0138108
-3.439975e-009 0.0083728
-3.423308e-009 0.0131203
-3.406642e-009 -0.0227015
-3.389975e-009 -0.0172635
-3.373308e-009 0.0363397
-3.356642e-009 0.0170909
-3.339975e-009 -0.0533443
-3.323308e-009 -0.0351313
-3.306642e-009 0.0226152
-3.289975e-009 -0.0029348
-3.273308e-009 -0.0442809
-3.256642e-009 -0.0339228
-3.239975e-009 -0.045662
-3.223308e-009 -0.0642203
-3.206642e-009 -0.0170046
-3.189975e-009 0.00768226
-3.173308e-009 -0.0390155
-3.156642e-009 -0.016314
-3.139975e-009 0.083728
-3.123308e-009 0.0917556
-3.106642e-009 0.0208889
-3.089975e-009 0.00164003
-3.073308e-009 -0.00509274
-3.056642e-009 -0.0405693
-3.039975e-009 -0.0176088
-3.023308e-009 0.0266721
-3.006642e-009 -0.0266721
-2.989975e-009 -0.0921009
-2.973308e-009 -0.0550706
-2.956642e-009 -0.0150193
-2.939975e-009 -0.0365123
-2.923308e-009 -0.0202846
-2.906642e-009 0.0271037
-2.889975e-009 0.00656014
-2.873308e-009 -0.0259816
-2.856642e-009 0.00914966
-2.839975e-009 0.0298659
-2.823308e-009 -0.00621487
-2.806642e-009 -0.00811385
-2.789975e-009 0.0258953
-2.773308e-009 0.00906335
-2.756642e-009 -0.0275353
-2.739975e-009 -0.0164003
-2.723308e-009 -0.014674
-2.706642e-009 -0.0624939
-2.689975e-009 -0.0722478
-2.673308e-009 -0.0110486
-2.656642e-009 0.02719
-2.639975e-009 0.0113076
-2.623308e-009 0.0126887
-2.606642e-009 0.0384113
-2.589975e-009 0.0302112
-2.573308e-009 0.000517905
-2.556642e-009 -0.00716436
-2.539975e-009 -0.0134655
-2.523308e-009 -0.0307291
-2.506642e-009 -0.0192488
-2.489975e-009 0.0124297
-2.473308e-009 0.0112213
-2.456642e-009 -0.00949493
-2.439975e-009 -0.00388429
-2.423308e-009 0.0129476
-2.406642e-009 0.00897703
-2.389975e-009 -0.0161414
-2.373308e-009 -0.0483378
-2.356642e-009 -0.047561
-2.339975e-009 0.00621487
-2.323308e-009 0.0321965
-2.306642e-009 -0.0232194
-2.289975e-009 -0.0561064
-2.273308e-009 -0.00422956
-2.256642e-009 0.0251184
-2.239975e-009 -0.00172635
-2.223308e-009 0.016573
-2.206642e-009 0.0583507
-2.189975e-009 0.0256363
-2.173308e-009 -0.0104444
-2.156642e-009 0.0361671
-2.139975e-009 0.0670688
-2.123308e-009 0.0161414
-2.106642e-009 -0.0246005
-2.089975e-009 -0.0204573
-2.073308e-009 -0.0291753
-2.056642e-009 -0.039965
-2.039975e-009 -0.0179541
-2.023308e-009 0.00716436
-2.006642e-009 0.0114802
-1.989975e-009 -0.00120845
-1.973308e-009 -0.025809
-1.956642e-009 -0.0270174
-1.939975e-009 0.0083728
-1.923308e-009 0.0265858
-1.906642e-009 0.0215794
-1.889975e-009 0.0340091
-1.873308e-009 0.0233057
-1.856642e-009 -0.0266721
-1.839975e-009 -0.012516
-1.823308e-009 0.0594728
-1.806642e-009 0.0426409
-1.789975e-009 -0.0420367
-1.773308e-009 -0.0518769
-1.756642e-009 -0.0121708
-1.739975e-009 0.00207162
-1.723308e-009 0.0287438
-1.706642e-009 0.0430725
-1.689975e-009 -0.0197667
-1.673308e-009 -0.0664645
-1.656642e-009 -0.0247731
-1.639975e-009 0.0063875
-1.623308e-009 0.00371166
-1.606642e-009 0.027449
-1.589975e-009 0.00759595
-1.573308e-009 -0.0661193
-1.556642e-009 -0.0367713
-1.539975e-009 0.0511863
-1.523308e-009 -0.00362534
-1.506642e-009 -0.106171
-1.489975e-009 -0.069313
-1.473308e-009 -0.0189035
-1.456642e-009 -0.0541211
-1.439975e-009 -0.0206299
-1.423308e-009 0.0620623
-1.406642e-009 0.0159688
-1.389975e-009 -0.0435904
-1.373308e-009 0.0484242
-1.356642e-009 0.107206
-1.339975e-009 -0.000690541
-1.323308e-009 -0.0653424
-1.306642e-009 0.011135
-1.289975e-009 0.0449715
-1.273308e-009 -0.0225289
-1.256642e-009 -0.0597318
-1.239975e-009 -0.0297796
-1.223308e-009 0.00336639
-1.206642e-009 0.0131203
-1.189975e-009 0.00319375
-1.173308e-009 -0.012516
-1.156642e-009 -0.0172635
-1.139975e-009 -0.0211478
-1.123308e-009 -0.0192488
-1.106642e-009 0.0174361
-1.089975e-009 0.0570559
-1.073308e-009 0.0359944
-1.056642e-009 -0.0271037
-1.039975e-009 -0.0642203
-1.023308e-009 -0.0463525
-1.006642e-009 0.00759595
-9.899751e-010 0.0381524
-9.733084e-010 0.00975389
-9.566418e-010 -0.0103581
-9.399751e-010 0.0286574
-9.233084e-010 0.0479926
-9.066418e-010 0.00776858
-8.899751e-010 -0.00828649
-8.733084e-010 0.011135
-8.566418e-010 -0.00552432
-8.399751e-010 -0.0245142
-8.233084e-010 0.00975389
-8.066418e-010 0.0369439
-7.899751e-010 0.030988
-7.733084e-010 0.0530853
-7.566418e-010 0.0799301
-7.399751e-010 0.0520495
-7.233084e-010 0.0209752
-7.066418e-010 0.0272764
-6.899751e-010 0.0203709
-6.733084e-010 0.00414324
-6.566418e-010 0.0199394
-6.399751e-010 0.0214931
-6.233084e-010 -0.0148466
-6.066418e-010 -0.0153645
-5.899751e-010 0.0220973
-5.733084e-010 0.0115666
-5.566418e-010 -0.040224
-5.399751e-010 -0.0536032
-5.233084e-010 -0.0203709
-5.066418e-010 0.0173498
-4.899751e-010 0.0342681
-4.733084e-010 0.0214931
-4.566418e-010 0.00802753
-4.399751e-010 0.036685
-4.233084e-010 0.0809659
-4.066418e-010 0.080189
-3.899751e-010 0.0410008
-3.733084e-010 0.00759595
-3.566418e-010 -0.0103581
-3.399751e-010 -0.0134655
-3.233084e-010 0.00595591
-3.066418e-010 0.0313333
-2.899751e-010 0.031247
-2.733084e-010 0.0103581
-2.566418e-010 0.0117392
-2.399751e-010 0.0441946
-2.233084e-010 0.0466115
-2.066418e-010 -0.00811385
-1.899751e-010 -0.0353039
-1.733084e-010 0.014415
-1.566418e-010 0.0555885
-1.399751e-010 0.0523084
-1.233084e-010 0.0904608
-1.066418e-010 0.157961
-8.997511e-011 0.151056
-7.330844e-011 0.13526
-5.664178e-011 0.240135
-3.997511e-011 0.36685
-2.330844e-011 0.36918
-6.641775e-012 0.343199
1.002489e-011 0.417345
2.669156e-011 0.522135
4.335822e-011 0.595419
6.002489e-011 0.70228
7.669156e-011 0.832533
9.335822e-011 0.886913
1.100249e-010 0.886654
1.266916e-010 0.936977
1.433582e-010 1.03236
1.600249e-010 1.09597
1.766916e-010 1.12843
1.933582e-010 1.17262
2.100249e-010 1.222
2.266916e-010 1.263
2.433582e-010 1.31626
2.600249e-010 1.36598
2.766916e-010 1.35234
2.933582e-010 1.28812
3.100249e-010 1.26248
3.266916e-010 1.29097
3.433582e-010 1.30348
3.600249e-010 1.28492
3.766916e-010 1.2775
3.933582e-010 1.27603
4.100249e-010 1.26145
4.266916e-010 1.26498
4.433582e-010 1.29968
4.600249e-010 1.32014
4.766916e-010 1.29597
4.933582e-010 1.24668
5.100249e-010 1.20905
5.266916e-010 1.20094
5.433582e-010 1.18626
5.600249e-010 1.11738
5.766916e-010 1.02882
5.933582e-010 0.977805
6.100249e-010 0.925756
6.266916e-010 0.831584
6.433582e-010 0.755883
6.600249e-010 0.717558
6.766916e-010 0.628306
6.933582e-010 0.482861
7.100249e-010 0.390328
7.266916e-010 0.361239
7.433582e-010 0.286488
7.600249e-010 0.125419
7.766916e-010 -0.0521358
7.933582e-010 -0.176088
8.100249e-010 -0.24238
8.266916e-010 -0.306341
8.433582e-010 -0.422093
8.600249e-010 -0.575393
8.766916e-010 -0.70884
8.933582e-010 -0.794812
9.100249e-010 -0.858687
9.266916e-010 -0.953809
9.433582e-010 -1.09045
9.600249e-010 -1.19015
9.766916e-010 -1.20206
9.933582e-010 -1.20465
1.010025e-009 -1.25834
1.026692e-009 -1.29934
1.043358e-009 -1.30141
1.060025e-009 -1.32584
1.076692e-009 -1.35415
1.093358e-009 -1.32601
1.110025e-009 -1.29235
1.126692e-009 -1.29649
1.143358e-009 -1.27154
1.160025e-009 -1.21173
1.176692e-009 -1.2005
1.193358e-009 -1.22019
1.210025e-009 -1.19075
1.226692e-009 -1.1412
1.243358e-009 -1.14155
1.260025e-009 -1.17987
1.276692e-009 -1.20655
1.293358e-009 -1.19386
1.310025e-009 -1.15372
1.326692e-009 -1.12886
1.343358e-009 -1.10797
1.360025e-009 -1.03296
1.376692e-009 -0.938445
1.393358e-009 -0.894854
1.410025e-009 -0.851005
1.426692e-009 -0.764946
1.443358e-009 -0.717213
1.460025e-009 -0.701935
1.476692e-009 -0.607503
1.493358e-009 -0.477509
1.510025e-009 -0.42451
1.526692e-009 -0.381955
1.543358e-009 -0.280964
1.560025e-009 -0.202674
1.576692e-009 -0.145704
1.593358e-009 -0.0307291
1.610025e-009 0.0523084
1.626692e-009 0.0155372
1.643358e-009 -0.00302112
1.660025e-009 0.0802753
1.676692e-009 0.134914
1.693358e-009 0.112127
1.710025e-009 0.102114
1.726692e-009 0.105998
1.743358e-009 0.0895113
1.760025e-009 0.0973662
1.776692e-009 0.119377
1.793358e-009 0.0898566
1.810025e-009 0.038584
1.826692e-009 0.0204573
1.843358e-009 0.0253774
1.860025e-009 0.0574012
1.876692e-009 0.0895976
1.893358e-009 0.0218383
1.910025e-009 -0.104617
1.926692e-009 -0.108588
1.943358e-009 -0.0159688
1.960025e-009 -0.0256363
1.976692e-009 -0.121276
1.993358e-009 -0.139834
2.010025e-009 -0.103063
2.026692e-009 -0.104617
2.043358e-009 -0.0904608
2.060025e-009 -0.0233921
2.076692e-009 0.00448851
2.093358e-009 -0.0286574
2.110025e-009 -0.032628
2.126692e-009 -0.000517905
2.143358e-009 -0.00776858
2.160025e-009 -0.0435041
2.176692e-009 -0.038325
2.193358e-009 -0.0122571
2.210025e-009 -0.0352176
2.226692e-009 -0.0845912
2.243358e-009 -0.0893387
2.260025e-009 -0.0721615
2.276692e-009 -0.0936546
2.293358e-009 -0.118428
2.310025e-009 -0.103926
2.326692e-009 -0.111177
2.343358e-009 -0.160464
2.360025e-009 -0.154681
2.376692e-009 -0.0919282
2.393358e-009 -0.105739
2.410025e-009 -0.191539
2.426692e-009 -0.189294
2.443358e-009 -0.0871807
2.460025e-009 -0.0459209
2.476692e-009 -0.113076
2.493358e-009 -0.16642
2.510025e-009 -0.12611
2.526692e-009 -0.0504095
2.543358e-009 -0.02719
2.560025e-009 -0.0589549
2.576692e-009 -0.0803617
2.593358e-009 -0.0644792
2.610025e-009 -0.0458346
2.626692e-009 -0.0331459
2.643358e-009 -0.00319375
2.660025e-009 0.0238237
2.676692e-009 0.0137245
2.693358e-009 -0.0107034
2.710025e-009 -0.0176951
2.726692e-009 -0.018213
2.743358e-009 -0.0233921
2.760025e-009 -0.0271037
2.776692e-009 -0.0251184
2.793358e-009 -0.00612855
2.810025e-009 0.0233057
2.826692e-009 0.0197667
2.843358e-009 -0.0216657
2.860025e-009 -0.0423819
2.876692e-009 -0.0238237
2.893358e-009 -0.00164003
2.910025e-009 0.0168319
2.926692e-009 0.0324554
2.943358e-009 0.0239963
2.960025e-009 0.0156235
2.976692e-009 0.0455757
2.993358e-009 0.0632708
3.010025e-009 0.0129476
3.026692e-009 -0.0510137
3.043358e-009 -0.0643066
3.060025e-009 -0.0486831
3.076692e-009 -0.0334049
3.093358e-009 -0.0145877
3.110025e-009 0.00595591
3.126692e-009 0.0279669
3.143358e-009 0.0487694
3.160025e-009 0.047561
3.176692e-009 0.0340954
3.193358e-009 0.0318512
3.210025e-009 0.0112213
3.226692e-009 -0.0226152
3.243358e-009 0.0114802
3.260025e-009 0.0694856
3.276692e-009 0.00379797
3.293358e-009 -0.116011
3.310025e-009 -0.0934819
3.326692e-009 0.00155372
3.343358e-009 -0.0171772
3.360025e-009 -0.0771679
3.376692e-009 -0.060077
3.393358e-009 -0.0608539
3.410025e-009 -0.106689
3.426692e-009 -0.064134
3.443358e-009 0.0171772
3.460025e-009 -0.0253774
3.476692e-009 -0.102545
3.493358e-009 -0.0630981
3.510025e-009 -0.0117392
3.526692e-009 -0.0500642
3.543358e-009 -0.0682772
3.560025e-009 -0.0297796
3.576692e-009 -0.0397924
3.593358e-009 -0.0670688
3.610025e-009 -0.0126887
3.626692e-009 0.0454894
3.643358e-009 0.0161414
3.660025e-009 -0.0138108
3.676692e-009 0.0218383
3.693358e-009 0.0514453
3.710025e-009 0.0438493
3.726692e-009 0.0320238
3.743358e-009 -0.0034527
3.760025e-009 -0.0548117
3.776692e-009 -0.0435904
3.793358e-009 0.00630118
3.810025e-009 -0.0143287
3.826692e-009 -0.071212
3.843358e-009 -0.0548117
3.860025e-009 -0.00820017
3.876692e-009 -0.00759595
3.893358e-009 0.0122571
3.910025e-009 0.0758731
3.926692e-009 0.071471
3.943358e-009 0.000172635
3.960025e-009 -0.0019853
3.976692e-009 0.0522221
3.993358e-009 0.0369439
4.010025e-009 -0.021752
4.026692e-009 -0.0283985
4.043358e-009 -0.0137245
4.060025e-009 -0.0192488
4.076692e-009 -0.00189899
4.093358e-009 0.034786
4.110025e-009 0.0410872
4.126692e-009 0.038066
4.143358e-009 0.0500642
4.160025e-009 0.0422956
4.176692e-009 0.018472
4.193358e-009 0.0116529
4.210025e-009 0.00716436
4.226692e-009 0.0151919
4.243358e-009 0.0613718
4.260025e-009 0.0668961
4.276692e-009 -0.00923598
4.293358e-009 -0.0252047
4.310025e-009 0.0629255
4.326692e-009 0.0679319
4.343358e-009 -0.0406556
4.360025e-009 -0.0572286
4.376692e-009 0.0191625
4.393358e-009 -0.00388429
4.410025e-009 -0.0859723
4.426692e-009 -0.0682772
4.443358e-009 -0.0204573
4.460025e-009 -0.0373755
4.476692e-009 -0.02555
4.493358e-009 0.029089
4.510025e-009 0.00483378
4.526692e-009 -0.0557612
4.543358e-009 -0.0251184
4.560025e-009 0.0256363
4.576692e-009 -0.00992652
4.593358e-009 -0.0536895
4.610025e-009 -0.0308154
4.626692e-009 0.00828649
4.643358e-009 0.0428135
4.660025e-009 0.0812248
4.676692e-009 0.0679319
4.693358e-009 -0.00319375
4.710025e-009 -0.0439356
4.726692e-009 -0.0359081
4.743358e-009 -0.0350449
4.760025e-009 -0.0378934
4.776692e-009 -0.0289164
4.793358e-009 -0.0420367
4.810025e-009 -0.0599044
4.826692e-009 -0.0269311
4.843358e-009 0.0241689
4.860025e-009 0.0329733
4.876692e-009 0.0222699
4.893358e-009 0.0208889
4.910025e-009 0.012516
4.926692e-009 0.000949493
4.943358e-009 -0.00992652
4.960025e-009 -0.0416051
4.976692e-009 -0.0596454
4.993358e-009 -0.0178677
5.010025e-009 0.0193351
5.026692e-009 -0.00673277
5.043358e-009 -0.0245142
5.060025e-009 -0.00414324
5.076692e-009 -0.0283122
5.093358e-009 -0.0813975
5.110025e-009 -0.0656014
5.126692e-009 -0.0259816
5.143358e-009 -0.0461799
5.160025e-009 -0.049201
5.176692e-009 0.0286574
5.193358e-009 0.0942588
5.210025e-009 0.0969346
5.226692e-009 0.0937409
5.243358e-009 0.0886481
5.260025e-009 0.0611992
5.276692e-009 0.0468704
5.293358e-009 0.0237373
5.310025e-009 -0.0587823
5.326692e-009 -0.113249
5.343358e-009 -0.0539485
5.360025e-009 0.0109623
5.376692e-009 -0.00923598
5.393358e-009 -0.0186446
5.410025e-009 0.0318512
5.426692e-009 0.0426409
5.443358e-009 -0.00906335
5.460025e-009 -0.0371166
5.476692e-009 -0.0298659
5.493358e-009 -0.0315059
5.510025e-009 -0.0251184
5.526692e-009 0.016314
5.543358e-009 0.0656014
5.560025e-009 0.0851091
5.576692e-009 0.0637887
5.593358e-009 0.0208889
5.610025e-009 -0.0109623
5.626692e-009 -0.0334049
5.643358e-009 -0.0693993
5.660025e-009 -0.0941725
5.676692e-009 -0.0730247
5.693358e-009 -0.0388429
5.710025e-009 -0.0315922
5.726692e-009 -0.0239963
5.743358e-009 0.0147603
5.760025e-009 0.0587823
5.776692e-009 0.0673277
5.793358e-009 0.0310743
5.810025e-009 -0.0225289
5.826692e-009 -0.0547253
5.843358e-009 -0.0585233
5.860025e-009 -0.0450578
5.876692e-009 -0.0104444
5.893358e-009 0.0243416
5.910025e-009 0.0135519
5.926692e-009 -0.0214931
5.943358e-009 -0.0195078
5.960025e-009 0.0029348
5.976692e-009 0.00284848
5.993358e-009 0.00517905
6.010025e-009 0.0218383
6.026692e-009 0.0200257
6.043358e-009 0.0173498
6.060025e-009 0.029348
6.076692e-009 -0.00897703
6.093358e-009 -0.0946904
6.110025e-009 -0.11135
6.126692e-009 -0.0514453
6.143358e-009 -0.0358218
6.160025e-009 -0.0775132
6.176692e-009 -0.0849365
6.193358e-009 -0.0425546
6.210025e-009 0.00664645
6.226692e-009 0.0422093
6.243358e-009 0.0476473
6.260025e-009 0.0328007
6.276692e-009 0.0370302
6.293358e-009 0.0416914
6.310025e-009 0.00725068
6.326692e-009 -0.0288301
6.343358e-009 -0.0416914
6.360025e-009 -0.070953
6.376692e-009 -0.0870944
6.393358e-009 -0.0329733
6.410025e-009 0.0138971
6.426692e-009 -0.0175225
6.443358e-009 -0.0273627
6.460025e-009 0.0416914
6.476692e-009 0.0744057
6.493358e-009 0.0275353
6.510025e-009 0.00466115
6.526692e-009 0.027449
6.543358e-009 0.0212341
6.560025e-009 -0.00958125
6.576692e-009 -0.0205436
6.593358e-009 -0.0336639
6.610025e-009 -0.0598181
6.626692e-009 -0.0425546
6.643358e-009 0.0300385
6.660025e-009 0.0738015
6.676692e-009 0.0334912
6.693358e-009 -0.0211478
6.710025e-009 -0.00336639
6.726692e-009 0.0427272
6.743358e-009 0.0245142
6.760025e-009 -0.0281395
6.776692e-009 -0.0359081
6.793358e-009 -0.0267584
6.810025e-009 -0.0467841
6.826692e-009 -0.0521358
6.843358e-009 -0.0272764
6.860025e-009 -0.027449
6.876692e-009 -0.0393608
6.893358e-009 -0.00569696
6.910025e-009 0.0303838
6.926692e-009 0.00388429
6.943358e-009 -0.0368576
6.960025e-009 -0.0219247
6.976692e-009 0.0228742
6.993358e-009 0.0344407
7.010025e-009 0.00656014
7.026692e-009 -0.0157098
7.043358e-009 -0.0164867
7.060025e-009 -0.0384113
7.076692e-009 -0.0744921
7.093358e-009 -0.0372029
7.110025e-009 0.0490284
7.126692e-009 0.0316785
7.143358e-009 -0.0683635
7.160025e-009 -0.0616307
7.176692e-009 0.0373755
7.193358e-009 0.0485105
7.210025e-009 -0.00630118
7.226692e-009 0.00172635
7.243358e-009 0.0246005
7.260025e-009 0.0044022
7.276692e-009 0.0164867
7.293358e-009 0.0409145
7.310025e-009 -0.0188172
7.326692e-009 -0.0740605
7.343358e-009 -0.0132066
7.360025e-009 0.0432451
7.376692e-009 -0.00258953
7.393358e-009 -0.027449
7.410025e-009 0.0243416
7.426692e-009 0.0329733
7.443358e-009 -0.0214931
7.460025e-009 -0.0352176
7.476692e-009 -0.00138108
7.493358e-009 0.0215794
7.510025e-009 0.0352176
7.526692e-009 0.0343544
7.543358e-009 -0.00897703
7.560025e-009 -0.0504095
7.576692e-009 -0.0313333
7.593358e-009 0.0166593
7.610025e-009 0.049201
7.626692e-009 0.0788943
7.643358e-009 0.0947767
7.660025e-009 0.058178
7.676692e-009 0.00371166
7.693358e-009 -0.00466115
7.710025e-009 0.000863176
7.726692e-009 -0.0427272
7.743358e-009 -0.0914966
7.760025e-009 -0.0662056
7.776692e-009 0.00319375
7.793358e-009 0.0354765
7.810025e-009 0.0272764
7.826692e-009 0.0208025
7.843358e-009 0.0220973
7.860025e-009 0.0155372
7.876692e-009 -0.00880439
7.893358e-009 -0.0477336
7.910025e-009 -0.0653424
7.926692e-009 -0.0386703
7.943358e-009 -0.0129476
7.960025e-009 -0.0129476
7.976692e-009 0.0169182
7.993358e-009 0.0704351
8.010025e-009 0.0514453
8.026692e-009 -0.0181267
8.043358e-009 -0.0138971
8.060025e-009 0.0315059
8.076692e-009 -0.00975389
8.093358e-009 -0.0878713
8.110025e-009 -0.0727657
8.126692e-009 -0.00302112
8.143358e-009 0.0167456
8.160025e-009 -0.00768226
8.176692e-009 -0.0331459
8.193358e-009 -0.0405693
8.210025e-009 -0.00405693
8.226692e-009 0.0455757
8.243358e-009 0.0269311
8.260025e-009 -0.0354765
8.276692e-009 -0.0403966
8.293358e-009 0.00612855
8.310025e-009 0.0280532
8.326692e-009 0.0170909
8.343358e-009 -0.00871807
8.360025e-009 -0.0391882
8.376692e-009 -0.0249458
8.393358e-009 0.0374618
8.410025e-009 0.0531716
8.426692e-009 -0.00224426
8.443358e-009 -0.0436767
8.460025e-009 -0.0551569
8.476692e-009 -0.0690541
8.493358e-009 -0.0391882
8.510025e-009 0.0263269
8.526692e-009 0.0104444
8.543358e-009 -0.0595591
8.560025e-009 -0.0275353
8.576692e-009 0.0589549
8.593358e-009 0.034527
8.610025e-009 -0.0365123
8.626692e-009 -0.0098402
8.643358e-009 0.038066
8.660025e-009 0.00854544
8.676692e-009 -0.016573
8.693358e-009 0.00794122
8.710025e-009 0.0141561
8.726692e-009 0.0199394
8.743358e-009 0.0681909
8.760025e-009 0.0736289
8.776692e-009 -0.00207162
8.793358e-009 -0.0457483
8.810025e-009 -0.0197667
8.826692e-009 -0.0110486
8.843358e-009 -0.02555
8.860025e-009 -0.00517905
8.876692e-009 0.0281395
8.893358e-009 0.0311606
8.910025e-009 0.0128613
8.926692e-009 -0.0104444
8.943358e-009 -0.0107034
8.960025e-009 0.0313333
8.976692e-009 0.0533443
8.993358e-009 0.0113076
9.010025e-009 -0.0171772
9.026692e-009 0
9.043358e-009 -0.0201983
9.060025e-009 -0.060336
9.076692e-009 -0.0199394
9.093358e-009 0.0378934
9.110025e-009 -0.00759595
9.126692e-009 -0.0845912
9.143358e-009 -0.0775132
9.160025e-009 -0.0249458
9.176692e-009 0.0122571
9.193358e-009 0.0387566
9.210025e-009 0.0335775
9.226692e-009 -0.0120845
9.243358e-009 -0.0417777
9.260025e-009 -0.0391019
9.276692e-009 -0.0348723
9.293358e-009 -0.0115666
9.310025e-009 0.038066
9.326692e-009 0.0611128
9.343358e-009 0.05274
9.360025e-009 0.0511
9.376692e-009 0.0302112
9.393358e-009 -0.0301248
9.410025e-009 -0.0672414
9.426692e-009 -0.049201
9.443358e-009 -0.0230468
9.460025e-009 -0.0140698
9.476692e-009 -0.0110486
9.493358e-009 -0.0139834
9.510025e-009 -0.0142424
9.526692e-009 0.00181267
9.543358e-009 0.0278806
9.560025e-009 0.060077
9.576692e-009 0.0802753
9.593358e-009 0.0529127
9.610025e-009 0.0106171
9.626692e-009 0.0168319
9.643358e-009 0.0223563
9.660025e-009 -0.0369439
9.676692e-009 -0.0741468
9.693358e-009 -0.0171772
9.710025e-009 0.0320238
9.726692e-009 -8.63176e-005
9.743358e-009 -0.0344407
9.760025e-009 -0.0196804
9.776692e-009 0.00336639
9.793358e-009 0.0083728
9.810025e-009 -0.011135
9.826692e-009 -0.0531716
9.843358e-009 -0.0719025
9.860025e-009 -0.0427272
9.876692e-009 -0.00129476
9.893358e-009 0.0332323
9.910025e-009 0.0462662
9.926692e-009 0.00388429
9.943358e-009 -0.044022
9.960025e-009 -0.0178677
9.976692e-009 0.0196804
9.993358e-009 -0.00466115
1.001002e-008 -0.0150193
1.002669e-008 0.00940862
1.004336e-008 -0.0187309
1.006002e-008 -0.0395334
1.007669e-008 0.0443672
1.009336e-008 0.095122
1.011002e-008 0.0138971
1.012669e-008 -0.0227015
1.014336e-008 0.0547253
1.016002e-008 0.0642203
1.017669e-008 -0.0191625
1.019336e-008 -0.0353039
1.021002e-008 0.0113939
1.022669e-008 0.0170046
1.024336e-008 -0.00129476
1.026002e-008 -0.0116529
1.027669e-008 -0.0276216
1.029336e-008 -0.0273627
1.031002e-008 -0.0215794
1.032669e-008 -0.0447988
1.034336e-008 -0.0333186
1.036002e-008 0.0310743
1.037669e-008 0.0261542
1.039336e-008 -0.0342681
1.041002e-008 -0.00138108
1.042669e-008 0.0540348
1.044336e-008 -0.0186446
1.046002e-008 -0.0941725
1.047669e-008 -0.0423819
1.049336e-008 -0.00716436
1.051002e-008 -0.0579191
1.052669e-008 -0.0536895
1.054336e-008 0.00448851
1.056002e-008 0.00552432
1.057669e-008 0.010876
1.059336e-008 0.0737152
1.061002e-008 0.0730247
1.062669e-008 -0.00526537
1.064336e-008 -0.0212341
1.066002e-008 0.0177814
1.067669e-008 0.00353902
1.069336e-008 -0.0283122
1.071002e-008 -0.00707804
1.072669e-008 0.0213204
1.074336e-008 0.0183856
1.076002e-008 0.0107897
1.077669e-008 -0.0034527
1.079336e-008 -0.0334912
1.081002e-008 -0.0465252
1.082669e-008 -0.0378934
1.084336e-008 -0.0374618
1.086002e-008 -0.0277079
1.087669e-008 0.0175225
1.089336e-008 0.045662
1.091002e-008 0.00120845
1.092669e-008 -0.0525674
1.094336e-008 -0.0281395
1.096002e-008 0.012775
1.097669e-008 -0.040224
1.099336e-008 -0.11463
1.101002e-008 -0.0719025
1.102669e-008 0.0110486
1.104336e-008 -0.0174361
1.106002e-008 -0.0815701
1.107669e-008 -0.0451441
1.109336e-008 0.0169182
1.111002e-008 0.00457483
1.112669e-008 -0.0211478
1.114336e-008 -0.0238237
1.116002e-008 -0.0499779
1.117669e-008 -0.0634434
1.119336e-008 -0.0230468
1.121002e-008 -0.0128613
1.122669e-008 -0.0590412
1.124336e-008 -0.0529127
1.126002e-008 0.0168319
1.127669e-008 0.045662
1.129336e-008 0.030988
1.131002e-008 0.0391019
1.132669e-008 0.0523084
1.134336e-008 0.0390155
1.136002e-008 0.0281395
1.137669e-008 0.025809
1.139336e-008 0.00302112
1.141002e-008 -0.036426
1.142669e-008 -0.0599907
1.144336e-008 -0.0367713
1.146002e-008 0.0295206
1.147669e-008 0.0646519
1.149336e-008 0.0143287
1.151002e-008 -0.0412598
1.152669e-008 -0.0132066
1.154336e-008 0.0336639
1.156002e-008 0.00673277
1.157669e-008 -0.0488557
1.159336e-008 -0.0508411
1.161002e-008 -0.0185583
1.162669e-008 -0.0148466
1.164336e-008 -0.0416051
1.166002e-008 -0.0509274
1.167669e-008 -0.0290027
1.169336e-008 -0.0160551
1.171002e-008 -0.0231331
1.172669e-008 -0.00871807
1.174336e-008 0.0174361
1.176002e-008 0.00405693
1.177669e-008 -0.00992652
1.179336e-008 0.0340954
1.181002e-008 0.0666372
1.182669e-008 0.0238237
1.184336e-008 -0.0159688
1.186002e-008 -0.011135
1.187669e-008 -0.0301248
1.189336e-008 -0.056538
1.191002e-008 -0.0232194
1.192669e-008 0.00284848
1.194336e-008 -0.0362534
1.196002e-008 -0.0433314
1.197669e-008 0.0100128
1.199336e-008 0.0123434
1.201002e-008 -0.0300385
1.202669e-008 -0.0083728
1.204336e-008 0.0470431
1.206002e-008 0.0476473
1.207669e-008 0.0179541
1.209336e-008 -0.0160551
1.211002e-008 -0.071212
1.212669e-008 -0.0844186
1.214336e-008 -0.0100992
1.216002e-008 0.0465252
1.217669e-008 0.0120845
1.219336e-008 -0.0262405
1.221002e-008 -0.0129476
1.222669e-008 -0.00742331
1.224336e-008 -0.0300385
1.226002e-008 -0.0414324
1.227669e-008 -0.0451441
1.229336e-008 -0.0561064
1.231002e-008 -0.0485105
1.232669e-008 -0.0155372
1.234336e-008 0.00422956
1.236002e-008 -0.00949493
1.237669e-008 -0.0247731
1.239336e-008 -0.0058696
1.241002e-008 0.0240826
1.242669e-008 0.0106171
1.244336e-008 -0.0321965
1.246002e-008 -0.0371166
1.247669e-008 -0.0063875
1.249336e-008 0.0078549
1.251002e-008 0.00612855
1.252669e-008 -0.00673277
1.254336e-008 -0.0583507
1.256002e-008 -0.0944314
1.257669e-008 -0.0304701
1.259336e-008 0.0470431
1.261002e-008 -0.000690541
1.262669e-008 -0.0939135
1.264336e-008 -0.0738878
1.266002e-008 0.0119118
1.267669e-008 0.0317649
1.269336e-008 -0.000604223
1.271002e-008 -0.0189035
1.272669e-008 -0.0349586
1.274336e-008 -0.0521358
1.276002e-008 -0.0264995
1.277669e-008 0.0285711
1.279336e-008 0.0404829
1.281002e-008 0.00379797
1.282669e-008 -0.0019853
1.284336e-008 0.0470431
1.286002e-008 0.0621487
1.287669e-008 -0.00371166
1.289336e-008 -0.0615444
1.291002e-008 -0.0455757
1.292669e-008 -0.0140698
1.294336e-008 0.000517905
1.296002e-008 0.0353039
1.297669e-008 0.0507547
1.299336e-008 -0.00276216
1.301002e-008 -0.0304701
1.302669e-008 0.0295206
1.304336e-008 0.0530853
1.306002e-008 -0.0187309
1.307669e-008 -0.0536032
1.309336e-008 0.00233057
1.311002e-008 0.0497189
1.312669e-008 0.0501505
1.314336e-008 0.0257226
1.316002e-008 -0.0362534
1.317669e-008 -0.0865765
1.319336e-008 -0.0484242
1.321002e-008 0.00517905
1.322669e-008 -0.0190762
1.324336e-008 -0.0420367
1.326002e-008 0.00328007
1.327669e-008 0.038584
1.329336e-008 0.0381524
1.331002e-008 0.0480789
1.332669e-008 0.0161414
1.334336e-008 -0.0752689
1.336002e-008 -0.0814838
1.337669e-008 0.0209752
1.339336e-008 0.0330596
1.341002e-008 -0.0927051
1.342669e-008 -0.156062
1.344336e-008 -0.0839007
1.346002e-008 -0.0159688
1.347669e-008 -0.0112213
1.349336e-008 -0.00405693
1.351002e-008 0.00604223
1.352669e-008 -0.0225289
1.354336e-008 -0.0542074
1.356002e-008 -0.0472157
1.357669e-008 -0.0386703
1.359336e-008 -0.0570559
1.361002e-008 -0.0608539
1.362669e-008 -0.0287438
1.364336e-008 -0.00543801
1.366002e-008 -0.00966757
1.367669e-008 -0.0034527
1.369336e-008 0.0158824
1.371002e-008 0.0098402
1.372669e-008 -0.00224426
1.374336e-008 0.027449
1.376002e-008 0.0590412
1.377669e-008 0.0264132
1.379336e-008 -0.0277943
1.381002e-008 -0.0277079
1.382669e-008 -0.00112213
1.384336e-008 -0.0118255
1.386002e-008 -0.0416914
1.387669e-008 -0.0375481
1.389336e-008 0.00189899
1.391002e-008 0.0382387
1.392669e-008 0.0431588
1.394336e-008 0.0285711
1.396002e-008 0.0337502
1.397669e-008 0.0594728
1.399336e-008 0.0579191
1.401002e-008 0.0254637
1.402669e-008 0.0210615
1.404336e-008 0.0484242
1.406002e-008 0.0405693
1.407669e-008 -0.0029348
1.409336e-008 -0.00371166
1.411002e-008 0.0441083
1.412669e-008 0.0629255
1.414336e-008 0.0451441
1.416002e-008 0.0514453
1.417669e-008 0.0644792
1.419336e-008 0.025809
1.421002e-008 -0.0138971
1.422669e-008 0.0233921
1.424336e-008 0.0840733
1.426002e-008 0.0893387
1.427669e-008 0.0722478
1.429336e-008 0.0585233
1.431002e-008 0.0126887
1.432669e-008 -0.0179541
1.434336e-008 0.0344407
1.436002e-008 0.0757868
1.437669e-008 0.0220973
1.439336e-008 -0.00233057
1.441002e-008 0.0761321
1.442669e-008 0.110055
1.444336e-008 0.0441083
1.446002e-008 0.0206299
1.447669e-008 0.060336
1.449336e-008 0.0466115
1.451002e-008 0.00207162
1.452669e-008 0.00750963
1.454336e-008 0.0113939
1.456002e-008 -0.0157961
1.457669e-008 0.00112213
1.459336e-008 0.0542074
1.461002e-008 0.0711257
1.462669e-008 0.0719025
1.464336e-008 0.0736289
1.466002e-008 0.0261542
1.467669e-008 -0.0340954
1.469336e-008 -0.0280532
1.471002e-008 -0.00681909
1.472669e-008 -0.0260679
1.474336e-008 -0.0203709
1.476002e-008 0.0157961
1.477669e-008 -0.00457483
1.479336e-008 -0.0507547
1.481002e-008 -0.032628
1.482669e-008 0.00258953
1.484336e-008 -0.0112213
1.486002e-008 -0.0251184
1.487669e-008 -0.0197667
1.489336e-008 -0.0427272
1.491002e-008 -0.0617171
1.492669e-008 -0.0195941
1.494336e-008 0.0281395
1.496002e-008 0.0164867
1.497669e-008 -0.0227878
1.499336e-008 -0.0505821
1.501002e-008 -0.0651698
1.502669e-008 -0.0514453
1.504336e-008 -0.0141561
1.506002e-008 -0.00353902
1.507669e-008 -0.0327144
1.509336e-008 -0.054639
1.511002e-008 -0.0441946
1.512669e-008 -0.0223563
1.514336e-008 -0.0103581
1.516002e-008 -0.0118255
1.517669e-008 -0.018472
1.519336e-008 -0.014674
1.521002e-008 0.00794122
1.522669e-008 0.0327144
1.524336e-008 0.0264132
1.526002e-008 -0.0141561
1.527669e-008 -0.0398787
1.529336e-008 -0.0193351
1.531002e-008 0.00448851
1.532669e-008 -0.00034527
1.534336e-008 0.00483378
1.536002e-008 0.0309017
1.537669e-008 0.0344407
1.539336e-008 0.02391
1.541002e-008 0.0307291
1.542669e-008 0.0202846
1.544336e-008 -0.00949493
1.546002e-008 0.00940862
1.547669e-008 0.0452304
1.549336e-008 0.00371166
1.551002e-008 -0.0511
1.552669e-008 -0.0116529
1.554336e-008 0.0466115
1.556002e-008 0.0387566
1.557669e-008 0.0373755
1.559336e-008 0.0689677
1.561002e-008 0.0598181
1.562669e-008 0.0414324
1.564336e-008 0.0727657
1.566002e-008 0.0688814
1.567669e-008 -0.0121708
1.569336e-008 -0.0614581
1.571002e-008 -0.0499779
1.572669e-008 -0.0478199
1.574336e-008 -0.034527
1.576002e-008 0.00500642
1.577669e-008 -0.00759595
1.579336e-008 -0.040224
1.581002e-008 0.0104444
1.582669e-008 0.0526537
1.584336e-008 -0.0253774
1.586002e-008 -0.0870944
1.587669e-008 -0.0263269
1.589336e-008 0.0192488
1.591002e-008 -0.0104444
1.592669e-008 0.00034527
1.594336e-008 0.0359944
1.596002e-008 0.00267584
1.597669e-008 -0.0176088
1.599336e-008 0.0384113
1.601002e-008 0.0382387
1.602669e-008 -0.0498052
1.604336e-008 -0.0625802
1.606002e-008 0.0205436
1.607669e-008 0.0486831
1.609336e-008 0.00500642
1.611002e-008 -0.0110486
1.612669e-008 0.00302112
1.614336e-008 0.00630118
1.616002e-008 0.0128613
1.617669e-008 0.0196804
1.619336e-008 0.00595591
1.621002e-008 -0.0019853
1.622669e-008 0.00776858
1.624336e-008 0.00699172
1.626002e-008 0.00906335
1.627669e-008 0.0227015
1.629336e-008 -0.0140698
1.631002e-008 -0.0876987
1.632669e-008 -0.0662919
1.634336e-008 0.0447988
1.636002e-008 0.0669824
1.637669e-008 -0.0263269
1.639336e-008 -0.0703488
1.641002e-008 -0.0297796
1.642669e-008 -0.0114802
1.644336e-008 -0.00940862
1.646002e-008 0.0304701
1.647669e-008 0.0355628
1.649336e-008 -0.0272764
1.651002e-008 -0.0453167
1.652669e-008 -0.000431588
1.654336e-008 -0.00906335
1.656002e-008 -0.0520495
1.657669e-008 -0.0140698
1.659336e-008 0.04946
1.661002e-008 0.0267584
1.662669e-008 -0.0157098
1.664336e-008 0.00699172
1.666002e-008 0.030988
1.667669e-008 0.0176951
1.669336e-008 0.0254637
1.671002e-008 0.0436767
1.672669e-008 0.0157098
1.674336e-008 -0.018472
1.676002e-008 -0.00776858
1.677669e-008 0.00707804
1.679336e-008 -0.00371166
1.681002e-008 -0.00863176
1.682669e-008 0.00405693
1.684336e-008 0.0195078
1.686002e-008 0.0213204
1.687669e-008 -0.019853
1.689336e-008 -0.0830375
1.691002e-008 -0.0812248
1.692669e-008 -0.0113939
1.694336e-008 0.0253774
1.696002e-008 0.0103581
1.697669e-008 0.0119118
1.699336e-008 0.0267584
1.701002e-008 0.0171772
1.702669e-008 0.00776858
1.704336e-008 0.00647382
1.706002e-008 -0.016573
1.707669e-008 -0.0372892
1.709336e-008 -0.0300385
1.711002e-008 -0.0279669
1.712669e-008 -0.0219247
1.714336e-008 0.0212341
1.716002e-008 0.0367713
1.717669e-008 -0.0133792
1.719336e-008 -0.0267584
1.721002e-008 0.0232194
1.722669e-008 0.0162277
1.724336e-008 -0.0484242
1.726002e-008 -0.0473883
1.727669e-008 0.00794122
1.729336e-008 0.0337502
1.731002e-008 0.047302
1.732669e-008 0.0478199
1.734336e-008 -0.0102718
1.736002e-008 -0.0469568
1.737669e-008 0.0149329
1.739336e-008 0.0553296
1.741002e-008 -0.0078549
1.742669e-008 -0.0483378
1.744336e-008 -0.00310743
1.746002e-008 0.0297796
1.747669e-008 0.0202846
1.749336e-008 0.00466115
1.751002e-008 -0.0403966
1.752669e-008 -0.0868355
1.754336e-008 -0.0511
1.756002e-008 0.0174361
1.757669e-008 0.0210615
1.759336e-008 0.000690541
1.761002e-008 0.00422956
1.762669e-008 -0.0124297
1.764336e-008 -0.0311606
1.766002e-008 -0.000863176
1.767669e-008 0.0112213
1.769336e-008 -0.0412598
1.771002e-008 -0.0643929
1.772669e-008 -0.0153645
1.774336e-008 0.0269311
1.776002e-008 0.0280532
1.777669e-008 0.0122571
1.779336e-008 -0.00664645
1.781002e-008 0.0114802
1.782669e-008 0.0678456
1.784336e-008 0.0591275
1.786002e-008 -0.0295206
1.787669e-008 -0.056797
1.789336e-008 0.00543801
1.791002e-008 0.0322828
1.792669e-008 0.0098402
1.794336e-008 0.0170909
1.796002e-008 0.0341818
1.797669e-008 0.0304701
1.799336e-008 0.0460073
1.801002e-008 0.0560201
1.802669e-008 0.00517905
1.804336e-008 -0.0444536
1.806002e-008 -0.0390155
1.807669e-008 -0.0404829
1.809336e-008 -0.0542074
1.811002e-008 -0.0115666
1.812669e-008 0.0346133
1.814336e-008 -0.00215794
1.816002e-008 -0.0439356
1.817669e-008 -0.0049201
1.819336e-008 0.0354765
1.821002e-008 0.0161414
1.822669e-008 0.0103581
1.824336e-008 0.0397061
1.826002e-008 0.0237373
1.827669e-008 -0.0408282
1.829336e-008 -0.0703488
1.831002e-008 -0.049201
1.832669e-008 -0.0192488
1.834336e-008 0.0173498
1.836002e-008 0.0535169
1.837669e-008 0.0367713
1.839336e-008 -0.0204573
1.841002e-008 -0.0231331
1.842669e-008 0.032628
1.844336e-008 0.0390155
1.846002e-008 -0.0136382
1.847669e-008 -0.0238237
1.849336e-008 0.00966757
1.851002e-008 0.00733699
1.852669e-008 -0.0044022
1.854336e-008 0.0230468
1.856002e-008 0.0176951
1.857669e-008 -0.0465252
1.859336e-008 -0.05274
1.861002e-008 0.0266721
1.862669e-008 0.0680182
1.864336e-008 0.0391019
1.866002e-008 0.0189899
1.867669e-008 0.0103581
1.869336e-008 -0.0183856
1.871002e-008 -0.0321101
1.872669e-008 -0.0287438
1.874336e-008 -0.0480789
1.876002e-008 -0.0498916
1.877669e-008 0.0014674
1.879336e-008 0.0215794
1.881002e-008 -0.0299522
1.882669e-008 -0.0577465
1.884336e-008 -0.0266721
1.886002e-008 -0.0145877
1.887669e-008 -0.0353902
1.889336e-008 -0.0415188
1.891002e-008 -0.045662
1.892669e-008 -0.0580054
1.894336e-008 -0.034786
1.896002e-008 0.0044022
1.897669e-008 -0.0122571
1.899336e-008 -0.0518769
1.901002e-008 -0.0205436
1.902669e-008 0.0607676
1.904336e-008 0.0962441
1.906002e-008 0.0750963
1.907669e-008 0.0561064
1.909336e-008 0.0511
1.911002e-008 0.0246868
1.912669e-008 -0.0231331
1.914336e-008 -0.0479926
1.916002e-008 -0.0371166
1.917669e-008 -0.0328007
1.919336e-008 -0.0496326
1.921002e-008 -0.0365123
1.922669e-008 0.0242552
1.924336e-008 0.0612855
1.926002e-008 0.0277943
1.927669e-008 -0.0159688
1.929336e-008 -0.00733699
1.931002e-008 0.0192488
1.932669e-008 0.00310743
1.934336e-008 -0.0375481
1.936002e-008 -0.0356492
1.937669e-008 0.0155372
1.939336e-008 0.0405693
1.941002e-008 0.000431588
1.942669e-008 -0.0277079
1.944336e-008 0.0215794
1.946002e-008 0.0651698
1.947669e-008 0.0083728
1.949336e-008 -0.0703488
1.951002e-008 -0.0542074
1.952669e-008 0.00319375
1.954336e-008 -0.00500642
1.956002e-008 -0.0457483
1.957669e-008 -0.0442809
1.959336e-008 -0.0258953
1.961002e-008 -0.0324554
1.962669e-008 -0.0412598
1.964336e-008 -0.0308154
1.966002e-008 -0.00647382
1.967669e-008 0.0244279
1.969336e-008 0.0334912
1.971002e-008 0.00379797
1.972669e-008 -0.0120845
1.974336e-008 0.0164867
1.976002e-008 0.0192488
1.977669e-008 -0.0334049
1.979336e-008 -0.0519632
1.981002e-008 -0.00241689
1.982669e-008 0.0219247
1.984336e-008 -0.0228742
1.986002e-008 -0.0681046
1.987669e-008 -0.0666372
1.989336e-008 -0.0359081
1.991002e-008 0.0029348
1.992669e-008 0.0286574
1.994336e-008 0.0180404
1.996002e-008 -0.0170909
1.997669e-008 -0.0423819
1.999336e-008 -0.0391019
2.001002e-008 -0.00776858
2.002669e-008 0.0214931
2.004336e-008 0.00388429
2.006002e-008 -0.0487694
2.007669e-008 -0.0694856
2.009336e-008 -0.0339228
2.011002e-008 0.0132066
2.012669e-008 0.0193351
2.014336e-008 -0.0334912
2.016002e-008 -0.100387
2.017669e-008 -0.0939135
2.019336e-008 -0.0058696
2.021002e-008 0.0585233
2.022669e-008 0.044022
2.024336e-008 0.020112
2.026002e-008 0.0298659
2.027669e-008 0.0207162
2.029336e-008 -0.0283122
2.031002e-008 -0.0537758
2.032669e-008 -0.0141561
2.034336e-008 0.0428998
2.036002e-008 0.0447988
2.037669e-008 -0.00561064
2.039336e-008 -0.0310743
2.041002e-008 -0.000604223
2.042669e-008 0.0246868
2.044336e-008 0.00906335
2.046002e-008 -0.00681909
2.047669e-008 -0.0123434
2.049336e-008 -0.0377208
2.051002e-008 -0.0549843
2.052669e-008 -0.0209752
2.054336e-008 0.020112
2.056002e-008 0.0100128
2.057669e-008 -0.0216657
2.059336e-008 -0.0209752
2.061002e-008 0.0049201
2.062669e-008 0.0107897
2.064336e-008 -0.0256363
2.066002e-008 -0.071471
2.067669e-008 -0.0736289
2.069336e-008 -0.0305564
2.071002e-008 0.0166593
2.072669e-008 0.0459209
2.074336e-008 0.0447125
2.076002e-008 0.0147603
2.077669e-008 0.012775
2.079336e-008 0.0586096
2.081002e-008 0.0582644
2.082669e-008 -0.0132066
2.084336e-008 -0.0331459
2.086002e-008 0.0109623
2.087669e-008 -0.0132066
2.089336e-008 -0.0789806
2.091002e-008 -0.0504958
2.092669e-008 0.0049201
2.094336e-008 -0.0349586
2.096002e-008 -0.0706941
2.097669e-008 -0.00811385
2.099336e-008 0.0424682
2.101002e-008 0.0214931
2.102669e-008 0.0120845
2.104336e-008 0.0246868
2.106002e-008 0.0235647
2.107669e-008 0.0438493
2.109336e-008 0.056797
2.111002e-008 -0.0151919
2.112669e-008 -0.0822606
2.114336e-008 -0.0279669
2.116002e-008 0.034786
2.117669e-008 -0.0210615
2.119336e-008 -0.0928777
2.121002e-008 -0.0729383
2.122669e-008 -0.0246868
2.124336e-008 -0.00897703
2.126002e-008 -0.00414324
2.127669e-008 -0.00284848
2.129336e-008 0.00302112
2.131002e-008 0.0381524
2.132669e-008 0.0681046
2.134336e-008 0.0465252
2.136002e-008 0.0132929
2.137669e-008 0.016314
2.139336e-008 0.0262405
2.141002e-008 0.0124297
2.142669e-008 -0.00630118
2.144336e-008 -0.0112213
2.146002e-008 0.00034527
2.147669e-008 0.0284848
2.149336e-008 0.0543801
2.151002e-008 0.0477336
2.152669e-008 0.00535169
2.154336e-008 -0.0360807
2.156002e-008 -0.031247
2.157669e-008 0.0137245
2.159336e-008 0.032628
2.161002e-008 -0.00509274
2.162669e-008 -0.0374618
2.164336e-008 -0.00776858
2.166002e-008 0.0468704
2.167669e-008 0.0554159
2.169336e-008 0.00940862
2.171002e-008 -0.0265858
2.172669e-008 -0.00267584
2.174336e-008 0.0289164
2.176002e-008 -0.0063875
2.177669e-008 -0.0539485
2.179336e-008 -0.0242552
2.181002e-008 0.0239963
2.182669e-008 0.0122571
2.184336e-008 0.00871807
2.186002e-008 0.0460073
2.187669e-008 0.0230468
2.189336e-008 -0.0509274
2.191002e-008 -0.0455757
2.192669e-008 0.00897703
2.194336e-008 -0.00595591
2.196002e-008 -0.0378071
2.197669e-008 -0.00725068
2.199336e-008 0.00543801
2.201002e-008 -0.0351313
2.202669e-008 -0.0268448
2.204336e-008 0.0435041
2.206002e-008 0.0771679
2.207669e-008 0.0580054
2.209336e-008 0.0354765
2.211002e-008 0.0168319
2.212669e-008 -0.00129476
2.214336e-008 -0.0148466
2.216002e-008 -0.0290027
2.217669e-008 -0.0234784
2.219336e-008 0.00129476
2.221002e-008 -0.0214068
2.222669e-008 -0.0830375
2.224336e-008 -0.0673277
2.226002e-008 0.0161414
2.227669e-008 0.0264132
2.229336e-008 -0.0247731
2.231002e-008 -0.00664645
2.232669e-008 0.0493737
2.234336e-008 0.0329733
2.236002e-008 0
2.237669e-008 0.0394471
2.239336e-008 0.0704351
2.241002e-008 0.00673277
2.242669e-008 -0.0627529
2.244336e-008 -0.0391882
2.246002e-008 0.00889071
2.247669e-008 -0.0188172
2.249336e-008 -0.0737152
2.251002e-008 -0.0520495
2.252669e-008 0.0254637
2.254336e-008 0.0640476
2.256002e-008 0.0471294
2.257669e-008 0.010876
2.259336e-008 -0.0291753
2.261002e-008 -0.0359081
2.262669e-008 0.0230468
2.264336e-008 0.0681909
2.266002e-008 0.0152782
2.267669e-008 -0.0538622
2.269336e-008 -0.038325
2.271002e-008 -0.00630118
2.272669e-008 -0.0281395
2.274336e-008 -0.0319375
2.276002e-008 0.0107034
2.277669e-008 0.0100992
2.279336e-008 -0.0331459
2.281002e-008 -0.0202846
2.282669e-008 0.0323691
2.284336e-008 0.0322828
2.286002e-008 0.00422956
2.287669e-008 0.0233921
2.289336e-008 0.0558475
2.291002e-008 0.0350449
2.292669e-008 -0.0142424
2.294336e-008 -0.0315059
2.296002e-008 -0.00284848
2.297669e-008 0.0455757
2.299336e-008 0.0656014
2.301002e-008 0.0302975
2.302669e-008 -0.0128613
2.304336e-008 -0.0083728
2.306002e-008 0.00673277
2.307669e-008 -0.014674
2.309336e-008 -0.0279669
2.311002e-008 -0.00422956
2.312669e-008 0.0044022
2.314336e-008 0.00310743
2.316002e-008 0.0441946
2.317669e-008 0.0561927
2.319336e-008 -0.0319375
2.321002e-008 -0.0861449
2.322669e-008 -0.00569696
2.324336e-008 0.052999
2.326002e-008 -0.00906335
2.327669e-008 -0.0432451
2.329336e-008 0.0049201
2.331002e-008 0.0110486
2.332669e-008 -0.0019853
2.334336e-008 0.0618897
2.336002e-008 0.0892524
2.337669e-008 -0.00181267
2.339336e-008 -0.0372892
2.341002e-008 0.0482515
2.342669e-008 0.0647382
2.344336e-008 -0.0227015
2.346002e-008 -0.0403103
2.347669e-008 0.0139834
2.349336e-008 0.00630118
2.351002e-008 -0.0318512
2.352669e-008 -0.00405693
2.354336e-008 0.0477336
2.356002e-008 0.0531716
2.357669e-008 0.0272764
2.359336e-008 0.0063875
2.361002e-008 0.00992652
2.362669e-008 0.0327144
2.364336e-008 0.0381524
2.366002e-008 0.0233921
2.367669e-008 0.0209752
2.369336e-008 0.00561064
2.371002e-008 -0.0551569
2.372669e-008 -0.0952083
2.374336e-008 -0.0577465
2.376002e-008 -0.00500642
2.377669e-008 0.00215794
2.379336e-008 -0.00431588
2.381002e-008 0.0145014
2.382669e-008 0.0483378
2.384336e-008 0.0636161
2.386002e-008 0.0384113
2.387669e-008 0.00250321
2.389336e-008 -0.00241689
2.391002e-008 -0.00794122
2.392669e-008 -0.0413461
2.394336e-008 -0.0403103
2.396002e-008 0.00500642
2.397669e-008 -0.000604223
2.399336e-008 -0.04946
2.401002e-008 -0.0353902
2.402669e-008 0.00880439
2.404336e-008 -0.0122571
2.406002e-008 -0.0375481
2.407669e-008 0.00975389
2.409336e-008 0.0577465
2.411002e-008 0.0508411
2.412669e-008 0.0337502
2.414336e-008 0.0193351
2.416002e-008 0.00034527
2.417669e-008 0.00733699
2.419336e-008 0.0153645
2.421002e-008 -0.022011
2.422669e-008 -0.0420367
2.424336e-008 0.00302112
2.426002e-008 0.021752
2.427669e-008 -0.0226152
2.429336e-008 -0.0275353
2.431002e-008 0.0250321
2.432669e-008 0.0363397
2.434336e-008 0.00129476
2.436002e-008 -0.0063875
2.437669e-008 0.00897703
2.439336e-008 0.00958125
2.441002e-008 0.010876
2.442669e-008 0.0259816
2.444336e-008 0.0407419
2.446002e-008 0.0536032
2.447669e-008 0.0504958
2.449336e-008 0.00474747
2.451002e-008 -0.0448851
2.452669e-008 -0.0218383
2.454336e-008 0.0473883
2.456002e-008 0.0506684
2.457669e-008 -0.0214068
2.459336e-008 -0.0548117
2.461002e-008 -0.0157098
2.462669e-008 0.0029348
2.464336e-008 -0.025291
2.466002e-008 -0.0284848
2.467669e-008 -0.00966757
2.469336e-008 -0.0234784
2.471002e-008 -0.031247
2.472669e-008 -0.00103581
2.474336e-008 -0.00509274
2.476002e-008 -0.0464389
2.477669e-008 -0.0321101
2.479336e-008 0.0107034
2.481002e-008 -0.00276216
2.482669e-008 -0.0145014
2.484336e-008 0.0173498
2.486002e-008 -0.000690541
2.487669e-008 -0.0522221
2.489336e-008 -0.0190762
2.491002e-008 0.031247
2.492669e-008 -0.0107034
2.494336e-008 -0.0320238
2.496002e-008 0.0387566
2.497669e-008 0.0576601
2.499336e-008 -0.00776858
2.501002e-008 -0.0307291
2.502669e-008 -0.0234784
2.504336e-008 -0.0359081
2.506002e-008 0.0134655
2.507669e-008 0.0820017
2.509336e-008 0.0118255
2.511002e-008 -0.0939998
2.512669e-008 -0.0381524
2.514336e-008 0.0589549
2.516002e-008 0.0254637
2.517669e-008 -0.0232194
2.519336e-008 0.0121708
2.521002e-008 0.0295206
2.522669e-008 0.00543801
2.524336e-008 0.0133792
2.526002e-008 0.0241689
2.527669e-008 0.00992652
2.529336e-008 0.0170909
2.531002e-008 0.0188172
2.532669e-008 -0.0132929
2.534336e-008 0.00336639
2.536002e-008 0.0610265
2.537669e-008 0.0398787
2.539336e-008 -0.0161414
2.541002e-008 0.0107034
2.542669e-008 0.0372892
2.544336e-008 -0.0264995
2.546002e-008 -0.0677593
2.547669e-008 -0.0262405
2.549336e-008 -0.00371166
2.551002e-008 -0.0145014
2.552669e-008 0.0106171
2.554336e-008 0.0285711
2.556002e-008 -0.0110486
2.557669e-008 -0.0407419
2.559336e-008 -0.0221836
2.561002e-008 -0.00353902
2.562669e-008 0.00578328
2.564336e-008 0.0267584
2.566002e-008 0.0391019
2.567669e-008 0.0306427
2.569336e-008 0.0204573
2.571002e-008 0.0107034
2.572669e-008 8.63176e-005
2.574336e-008 0.00422956
2.576002e-008 0.0186446
2.577669e-008 0.0189899
2.579336e-008 -0.000949493
2.581002e-008 -0.021752
2.582669e-008 -0.0134655
2.584336e-008 0.0271037
2.586002e-008 0.0559338
2.587669e-008 0.0419503
2.589336e-008 0.00517905
2.591002e-008 -0.0278806
2.592669e-008 -0.0235647
2.594336e-008 0.0485105
2.596002e-008 0.106343
2.597669e-008 0.0340954
2.599336e-008 -0.0752689
2.601002e-008 -0.0519632
2.602669e-008 0.0178677
2.604336e-008 -0.0278806
2.606002e-008 -0.0915829
2.607669e-008 -0.0492873
2.609336e-008 -0.0100128
2.611002e-008 -0.0401377
2.612669e-008 -0.0275353
2.614336e-008 0.0336639
2.616002e-008 0.0409145
2.617669e-008 0.0237373
2.619336e-008 0.0353902
2.621002e-008 0.0115666
2.622669e-008 -0.0477336
2.624336e-008 -0.0544664
2.626002e-008 -0.0302975
2.627669e-008 -0.0340954
2.629336e-008 -0.0153645
2.631002e-008 0.0410008
2.632669e-008 0.0549843
2.634336e-008 0.0365987
2.636002e-008 0.0654287
2.637669e-008 0.104185
2.639336e-008 0.0625802
2.641002e-008 -0.0309017
2.642669e-008 -0.071212
2.644336e-008 -0.0222699
2.646002e-008 0.0412598
2.647669e-008 0.0277079
2.649336e-008 -0.0403103
2.651002e-008 -0.0593002
2.652669e-008 -0.00966757
2.654336e-008 0.0355628
2.656002e-008 0.0320238
2.657669e-008 -0.0164867
2.659336e-008 -0.073111
2.661002e-008 -0.0718162
2.662669e-008 -0.0177814
2.664336e-008 0.00483378
2.666002e-008 0.000776858
2.667669e-008 0.0277943
2.669336e-008 0.0232194
2.671002e-008 -0.0478199
2.672669e-008 -0.0525674
2.674336e-008 0.0283985
2.676002e-008 0.0207162
2.677669e-008 -0.07501
2.679336e-008 -0.0757868
2.681002e-008 0.00992652
2.682669e-008 0.0397061
2.684336e-008 0.0174361
2.686002e-008 0.00388429
2.687669e-008 0.00250321
2.689336e-008 0.0343544
2.691002e-008 0.0658603
2.692669e-008 0.00466115
2.694336e-008 -0.0774269
2.696002e-008 -0.0384976
2.697669e-008 0.0416914
2.699336e-008 0.0384976
2.701002e-008 0.0208889
2.702669e-008 0.0303838
2.704336e-008 0.0078549
2.706002e-008 0.00725068
2.707669e-008 0.0624939
2.709336e-008 0.0427272
2.711002e-008 -0.0416051
2.712669e-008 -0.0222699
2.714336e-008 0.0450578
2.716002e-008 0.0199394
2.717669e-008 0.00897703
2.719336e-008 0.0723341
2.721002e-008 0.0468704
2.722669e-008 -0.0503231
2.724336e-008 -0.0317649
2.726002e-008 0.0384113
2.727669e-008 0.00716436
2.729336e-008 -0.0429862
2.731002e-008 -0.0303838
2.732669e-008 -0.016573
2.734336e-008 0.00595591
2.736002e-008 0.0415188
2.737669e-008 -0.00906335
2.739336e-008 -0.0895113
2.741002e-008 -0.0338365
2.742669e-008 0.0789806
2.744336e-008 0.0824333
2.746002e-008 0.036685
2.747669e-008 0.0230468
2.749336e-008 -0.000690541
2.751002e-008 -0.0034527
2.752669e-008 0.0449715
2.754336e-008 0.038584
2.756002e-008 -0.027449
2.757669e-008 -0.0319375
2.759336e-008 -0.00612855
2.761002e-008 -0.0148466
2.762669e-008 0.0314196
2.764336e-008 0.111436
2.766002e-008 0.0744057
2.767669e-008 -0.00112213
2.769336e-008 0.0302975
2.771002e-008 0.0422093
2.772669e-008 -0.0510137
2.774336e-008 -0.0803617
2.776002e-008 -0.0273627
2.777669e-008 -0.0563654
2.779336e-008 -0.110228
2.781002e-008 -0.0585233
2.782669e-008 -0.011135
2.784336e-008 -0.0388429
2.786002e-008 -0.0154508
2.787669e-008 0.0479926
2.789336e-008 0.0203709
2.791002e-008 -0.0302975
2.792669e-008 0.0135519
2.794336e-008 0.0668961
2.796002e-008 0.0381524
2.797669e-008 -0.0192488
2.799336e-008 -0.0568833
2.801002e-008 -0.0660329
2.802669e-008 -0.0273627
2.804336e-008 0.0204573
2.806002e-008 0.0201983
2.807669e-008 0.0109623
2.809336e-008 0.0325417
2.811002e-008 0.039965
2.812669e-008 0.0279669
2.814336e-008 0.0460936
2.816002e-008 0.071212
2.817669e-008 0.0558475
2.819336e-008 0.0264132
2.821002e-008 0.00578328
2.822669e-008 -0.0211478
2.824336e-008 -0.031247
2.826002e-008 -0.0107897
2.827669e-008 -0.0147603
2.829336e-008 -0.0518769
2.831002e-008 -0.0518769
2.832669e-008 -0.0153645
2.834336e-008 -0.00863176
2.836002e-008 -0.00690541
2.837669e-008 0.047302
2.839336e-008 0.0899429
2.841002e-008 0.0454894
2.842669e-008 -0.0145014
2.844336e-008 -0.00828649
2.846002e-008 0.0063875
2.847669e-008 -0.0287438
2.849336e-008 -0.0606813
2.851002e-008 -0.0558475
2.852669e-008 -0.0452304
2.854336e-008 -0.0157098
2.856002e-008 0.0377208
2.857669e-008 0.0315059
2.859336e-008 -0.0405693
2.861002e-008 -0.0453167
2.862669e-008 0.0354765
2.864336e-008 0.0618897
2.866002e-008 0.0143287
2.867669e-008 -0.00802753
2.869336e-008 -0.014674
2.871002e-008 -0.0365987
2.872669e-008 0.00172635
2.874336e-008 0.0812248
2.876002e-008 0.061976
2.877669e-008 -0.0230468
2.879336e-008 -0.019853
2.881002e-008 0.0298659
2.882669e-008 0.00215794
2.884336e-008 -0.0477336
2.886002e-008 -0.0445399
2.887669e-008 -0.0480789
2.889336e-008 -0.0673277
2.891002e-008 -0.0254637
2.892669e-008 0.0419503
2.894336e-008 0.0415188
2.896002e-008 0.00388429
2.897669e-008 0.000431588
2.899336e-008 0.0191625
2.901002e-008 0.0283122
2.902669e-008 0.0158824
2.904336e-008 -0.0303838
2.906002e-008 -0.0756142
2.907669e-008 -0.0602497
2.909336e-008 -0.00889071
2.911002e-008 0.00975389
2.912669e-008 -0.00241689
2.914336e-008 -0.0178677
2.916002e-008 -0.0422093
2.917669e-008 -0.0510137
2.919336e-008 -0.0100128
2.921002e-008 0.0291753
2.922669e-008 0.00526537
2.924336e-008 -0.0303838
2.926002e-008 -0.00768226
2.927669e-008 0.0368576
2.929336e-008 0.0401377
2.931002e-008 0.0107034
2.932669e-008 -0.0189899
2.934336e-008 -0.0376345
2.936002e-008 -0.0398787
2.937669e-008 -0.0382387
2.939336e-008 -0.0485968
2.941002e-008 -0.0372029
2.942669e-008 0.022011
2.944336e-008 0.058696
2.946002e-008 0.0155372
2.947669e-008 -0.0243416
2.949336e-008 0.0197667
2.951002e-008 0.071212
2.952669e-008 0.036426
2.954336e-008 -0.0417777
2.956002e-008 -0.0889071
2.957669e-008 -0.0943451
2.959336e-008 -0.0536032
2.961002e-008 0.0214931
2.962669e-008 0.0568833
2.964336e-008 0.0188172
2.966002e-008 -0.0186446
2.967669e-008 -0.00241689
2.969336e-008 0.0271037
2.971002e-008 0.0355628
2.972669e-008 0.0329733
2.974336e-008 0.0177814
2.976002e-008 -0.00673277
2.977669e-008 -0.00690541
2.979336e-008 0.0205436
2.981002e-008 0.0332323
2.982669e-008 0.018213
2.984336e-008 0.00379797
2.986002e-008 -0.0049201
2.987669e-008 -0.0299522
2.989336e-008 -0.063875
2.991002e-008 -0.0675867
2.992669e-008 -0.0316785
2.994336e-008 0.00500642
2.996002e-008 0.0126024
2.997669e-008 0.0063875
2.999336e-008 0.00681909
3.001002e-008 0.00914966
3.002669e-008 0.00750963
3.004336e-008 0.00949493
3.006002e-008 0.0169182
3.007669e-008 0.0136382
3.009336e-008 -0.0200257
3.011002e-008 -0.0609402
3.012669e-008 -0.0405693
3.014336e-008 0.0373755
3.016002e-008 0.0535169
3.017669e-008 -0.0240826
3.019336e-008 -0.0529127
3.021002e-008 0.0173498
3.022669e-008 0.0485105
3.024336e-008 0.0114802
3.026002e-008 0.0285711
3.027669e-008 0.0689677
3.029336e-008 0.0107897
3.031002e-008 -0.0637024
3.032669e-008 -0.0381524
3.034336e-008 -0.0132929
3.036002e-008 -0.0561064
3.037669e-008 -0.0435904
3.039336e-008 0.0331459
3.041002e-008 0.0322828
3.042669e-008 -0.0168319
3.044336e-008 0.0172635
3.046002e-008 0.069572
3.047669e-008 0.0237373
3.049336e-008 -0.0426409
3.051002e-008 -0.0280532
3.052669e-008 0.0189899
3.054336e-008 0.036685
3.056002e-008 0.0370302
3.057669e-008 0.0262405
3.059336e-008 -0.00241689
3.061002e-008 -0.0295206
3.062669e-008 -0.0361671
3.064336e-008 -0.0148466
3.066002e-008 0.0233921
3.067669e-008 0.0222699
3.069336e-008 -0.0450578
3.071002e-008 -0.0794122
3.072669e-008 0.0118255
3.074336e-008 0.123175
3.076002e-008 0.0897703
3.077669e-008 -0.0322828
3.079336e-008 -0.0578328
3.081002e-008 0.0107034
3.082669e-008 0.0214068
3.084336e-008 -0.0334049
3.086002e-008 -0.045662
3.087669e-008 -0.0275353
3.089336e-008 -0.0406556
3.091002e-008 -0.0307291
3.092669e-008 0.0222699
3.094336e-008 0.0129476
3.096002e-008 -0.0556748
3.097669e-008 -0.0497189
3.099336e-008 0.0154508
3.101002e-008 0.0147603
3.102669e-008 -0.0214931
3.104336e-008 -0.00656014
3.106002e-008 0.0141561
3.107669e-008 0.00457483
3.109336e-008 0.013034
3.111002e-008 0.014674
3.112669e-008 -0.0372029
3.114336e-008 -0.0630118
3.116002e-008 -0.00457483
3.117669e-008 0.0487694
3.119336e-008 0.0315922
3.121002e-008 -0.00897703
3.122669e-008 -0.0259816
3.124336e-008 -0.00750963
3.126002e-008 0.0290027
3.127669e-008 0.0235647
3.129336e-008 -0.0269311
3.131002e-008 -0.0365987
3.132669e-008 0.0029348
3.134336e-008 0.0117392
3.136002e-008 -0.00457483
3.137669e-008 0.00543801
3.139336e-008 0.0135519
3.141002e-008 0.00250321
3.142669e-008 0.00526537
3.144336e-008 0.00215794
3.146002e-008 -0.0160551
3.147669e-008 0.0117392
3.149336e-008 0.0555022
3.151002e-008 0.0170909
3.152669e-008 -0.0414324
3.154336e-008 -0.00647382
3.156002e-008 0.0488557
3.157669e-008 0.0277079
3.159336e-008 -0.00794122
3.161002e-008 -0.00604223
3.162669e-008 -0.00759595
3.164336e-008 -0.0185583
3.166002e-008 -0.0208889
3.167669e-008 -0.0197667
3.169336e-008 0.0122571
3.171002e-008 0.067414
3.172669e-008 0.0555885
3.174336e-008 -0.0100992
3.176002e-008 -0.00725068
3.177669e-008 0.0486831
3.179336e-008 0.0496326
3.181002e-008 0.016573
3.182669e-008 0.00371166
3.184336e-008 -0.0188172
3.186002e-008 -0.0393608
3.187669e-008 -0.0250321
3.189336e-008 -0.02719
3.191002e-008 -0.043763
3.192669e-008 -0.00336639
3.194336e-008 0.0291753
3.196002e-008 -0.0267584
3.197669e-008 -0.0497189
3.199336e-008 0.0269311
3.201002e-008 0.0524811
3.202669e-008 -0.00034527
3.204336e-008 0.0128613
3.206002e-008 0.0511863
3.207669e-008 -0.0158824
3.209336e-008 -0.0880439
3.211002e-008 -0.0422956
3.212669e-008 0.0216657
3.214336e-008 0.0145014
3.216002e-008 -0.00768226
3.217669e-008 -0.0183856
3.219336e-008 -0.027449
3.221002e-008 0.000517905
3.222669e-008 0.0491147
3.224336e-008 0.049201
3.226002e-008 0.0136382
3.227669e-008 8.63176e-005
3.229336e-008 0.0169182
3.231002e-008 0.0552432
3.232669e-008 0.0813112
3.234336e-008 0.0335775
3.236002e-008 -0.0561927
3.237669e-008 -0.0801027
3.239336e-008 -0.0323691
3.241002e-008 0.00690541
3.242669e-008 0.0136382
3.244336e-008 0.00267584
3.246002e-008 -0.0123434
3.247669e-008 0.0029348
3.249336e-008 0.0441083
3.251002e-008 0.04946
3.252669e-008 0.012775
3.254336e-008 -0.012516
3.256002e-008 -0.00388429
3.257669e-008 0.0410872
3.259336e-008 0.0911514
3.261002e-008 0.0591275
3.262669e-008 -0.0367713
3.264336e-008 -0.0501505
3.266002e-008 0.0145014
3.267669e-008 0.0120845
3.269336e-008 -0.0263269
3.271002e-008 0.0083728
3.272669e-008 0.0296069
3.274336e-008 -0.0302975
3.276002e-008 -0.0458346
3.277669e-008 0.00267584
3.279336e-008 -0.00535169
3.281002e-008 -0.0268448
3.282669e-008 0.0183856
3.284336e-008 0.0202846
3.286002e-008 -0.0454894
3.287669e-008 -0.0206299
3.289336e-008 0.0690541
3.291002e-008 0.0558475
3.292669e-008 -0.00483378
3.294336e-008 0.011135
3.296002e-008 0.0324554
3.297669e-008 0.00733699
3.299336e-008 0.00362534
3.301002e-008 -0.000258953
3.302669e-008 -0.0378071
3.304336e-008 -0.0247731
3.306002e-008 0.0195941
3.307669e-008 -0.0207162
3.309336e-008 -0.0580917
3.311002e-008 0.0302112
3.312669e-008 0.0936546
3.314336e-008 0.0159688
3.316002e-008 -0.0336639
3.317669e-008 0.0214931
3.319336e-008 0.0294343
3.321002e-008 -0.0195941
3.322669e-008 -0.00155372
3.324336e-008 0.0386703
3.326002e-008 0.0186446
3.327669e-008 0.0078549
3.329336e-008 0.0250321
3.331002e-008 -0.00664645
3.332669e-008 -0.0350449
3.334336e-008 0.0228742
3.336002e-008 0.0687088
3.337669e-008 0.0129476
3.339336e-008 -0.0532579
3.341002e-008 -0.0601633
3.342669e-008 -0.0485968
3.344336e-008 -0.0176951
3.346002e-008 0.0452304
3.347669e-008 0.0616307
3.349336e-008 -0.00336639
3.351002e-008 -0.0539485
3.352669e-008 -0.0261542
3.354336e-008 0.0246868
3.356002e-008 0.0322828
3.357669e-008 -0.0014674
3.359336e-008 -0.0201983
3.361002e-008 0.0133792
3.362669e-008 0.0378071
3.364336e-008 -0.0196804
3.366002e-008 -0.0864039
3.367669e-008 -0.0561064
3.369336e-008 0.0109623
3.371002e-008 0.00863176
3.372669e-008 -0.029089
3.374336e-008 -0.0371166
3.376002e-008 -0.0273627
3.377669e-008 -0.00552432
3.379336e-008 0.0244279
3.381002e-008 0.0170046
3.382669e-008 -0.00543801
3.384336e-008 0.0258953
3.386002e-008 0.0481652
3.387669e-008 -0.0192488
3.389336e-008 -0.0659466
3.391002e-008 0.0019853
3.392669e-008 0.0587823
3.394336e-008 0.0194215
3.396002e-008 -0.00561064
3.397669e-008 0.0291753
3.399336e-008 0.031247
3.401002e-008 -0.0136382
3.402669e-008 -0.0420367
3.404336e-008 -0.0432451
3.406002e-008 -0.0208025
3.407669e-008 0.0189035
3.409336e-008 0.0235647
3.411002e-008 -0.00310743
3.412669e-008 0.0122571
3.414336e-008 0.0460073
3.416002e-008 0.023651
3.417669e-008 -0.00509274
3.419336e-008 0.0164003
3.421002e-008 0.0254637
3.422669e-008 0.00388429
3.424336e-008 0.0123434
3.426002e-008 0.0179541
3.427669e-008 -0.0281395
3.429336e-008 -0.0477336
3.431002e-008 -0.00319375
3.432669e-008 0.0221836
3.434336e-008 0.0216657
3.436002e-008 0.0480789
3.437669e-008 0.0433314
3.439336e-008 -0.0259816
3.441002e-008 -0.0491147
3.442669e-008 -0.00120845
3.444336e-008 0.0014674
3.446002e-008 -0.0362534
3.447669e-008 -0.00897703
3.449336e-008 0.0404829
3.451002e-008 0.0150193
3.452669e-008 -0.0231331
3.454336e-008 0.0126887
3.456002e-008 0.0617171
3.457669e-008 0.0504095
3.459336e-008 0.0145014
3.461002e-008 -0.00241689
3.462669e-008 -0.00992652
3.464336e-008 -0.00284848
3.466002e-008 0.0374618
3.467669e-008 0.0744057
3.469336e-008 0.0523084
3.471002e-008 -0.00854544
3.472669e-008 -0.0336639
3.474336e-008 -0.000949493
3.476002e-008 0.0387566
3.477669e-008 0.0354765
3.479336e-008 -0.000776858
3.481002e-008 -0.00820017
3.482669e-008 0.0508411
3.484336e-008 0.116356
3.486002e-008 0.101682
3.487669e-008 0.0340954
3.489336e-008 0.00500642
3.491002e-008 0.0142424
3.492669e-008 0.0100992
3.494336e-008 -0.0034527
3.496002e-008 -0.0282258
3.497669e-008 -0.087785
3.499336e-008 -0.116442
3.501002e-008 -0.0463525
3.502669e-008 0.0216657
3.504336e-008 -0.0223563
3.506002e-008 -0.0901155
3.507669e-008 -0.0690541
3.509336e-008 -0.0100992
3.511002e-008 0.014674
3.512669e-008 0.0182993
3.514336e-008 0.00681909
3.516002e-008 -0.0215794
3.517669e-008 -0.0277079
3.519336e-008 -0.00561064
3.521002e-008 0.00630118
3.522669e-008 0.0162277
3.524336e-008 0.0406556
3.526002e-008 0.0376345
3.527669e-008 -0.00379797
3.529336e-008 -0.025291
3.531002e-008 -0.0129476
3.532669e-008 -0.0120845
3.534336e-008 -0.0246005
3.536002e-008 -0.0132066
3.537669e-008 0.0197667
3.539336e-008 0.0372892
3.541002e-008 0.0233057
3.542669e-008 -8.63176e-005
3.544336e-008 -0.00466115
3.546002e-008 0.00224426
3.547669e-008 -0.00820017
3.549336e-008 -0.0340091
3.551002e-008 -0.0448851
3.552669e-008 -0.0216657
3.554336e-008 0.0283985
3.556002e-008 0.0658603
3.557669e-008 0.0548117
3.559336e-008 0.0305564
3.561002e-008 0.0463525
3.562669e-008 0.0624939
3.564336e-008 0.0242552
3.566002e-008 -0.0219247
3.567669e-008 -0.0316785
3.569336e-008 -0.045662
3.571002e-008 -0.0681046
3.572669e-008 -0.0533443
3.574336e-008 -0.0296932
3.576002e-008 -0.0346997
3.577669e-008 -0.0152782
3.579336e-008 0.044022
3.581002e-008 0.0660329
3.582669e-008 0.0430725
3.584336e-008 0.0403103
3.586002e-008 0.0444536
3.587669e-008 0.0093223
3.589336e-008 -0.0296932
3.591002e-008 -0.0277079
3.592669e-008 -0.00863176
3.594336e-008 -0.0101855
3.596002e-008 -0.032628
3.597669e-008 -0.0443672
3.599336e-008 -0.0243416
3.601002e-008 -0.0118255
3.602669e-008 -0.0413461
3.604336e-008 -0.0479063
3.606002e-008 0.0208025
3.607669e-008 0.0809659
3.609336e-008 0.0573149
3.611002e-008 0.00474747
3.612669e-008 -0.0188172
3.614336e-008 -0.0196804
3.616002e-008 -0.00103581
3.617669e-008 0.0145877
3.619336e-008 -0.0136382
3.621002e-008 -0.0498916
3.622669e-008 -0.043763
3.624336e-008 -0.0348723
3.626002e-008 -0.038584
3.627669e-008 -0.00509274
3.629336e-008 0.0292617
3.631002e-008 0.00319375
3.632669e-008 -0.0149329
3.634336e-008 0.0200257
3.636002e-008 0.0244279
3.637669e-008 -0.00595591
3.639336e-008 0.00897703
3.641002e-008 0.0243416
3.642669e-008 -0.0161414
3.644336e-008 -0.0285711
3.646002e-008 0.00267584
3.647669e-008 -0.0147603
3.649336e-008 -0.0321101
3.651002e-008 0.0316785
3.652669e-008 0.0560201
3.654336e-008 -0.0272764
3.656002e-008 -0.0504095
3.657669e-008 0.040224
3.659336e-008 0.0720752
3.661002e-008 0.00664645
3.662669e-008 -0.0270174
3.664336e-008 -0.0183856
3.666002e-008 -0.032628
3.667669e-008 -0.0444536
3.669336e-008 -0.0334049
3.671002e-008 -0.0369439
3.672669e-008 -0.0472157
3.674336e-008 -0.0308154
3.676002e-008 0.00578328
3.677669e-008 0.0476473
3.679336e-008 0.060336
3.681002e-008 0.00759595
3.682669e-008 -0.0350449
3.684336e-008 0.0249458
3.686002e-008 0.0895113
3.687669e-008 0.034786
3.689336e-008 -0.0384113
3.691002e-008 -0.010876
3.692669e-008 0.0297796
3.694336e-008 0.010876
3.696002e-008 0.00802753
3.697669e-008 0.0277079
3.699336e-008 -0.00233057
3.701002e-008 -0.030988
3.702669e-008 0.00759595
3.704336e-008 0.0228742
3.706002e-008 -0.0391019
3.707669e-008 -0.0646519
3.709336e-008 -0.00500642
3.711002e-008 0.0353039
3.712669e-008 0.0166593
3.714336e-008 0.00362534
3.716002e-008 0.00414324
3.717669e-008 -0.00811385
3.719336e-008 0.00103581
3.721002e-008 0.0410872
3.722669e-008 0.0458346
3.724336e-008 -0.00103581
3.726002e-008 -0.0288301
3.727669e-008 -0.00414324
3.729336e-008 0.0302975
3.731002e-008 0.0374618
3.732669e-008 0.018472
3.734336e-008 -0.0107897
3.736002e-008 -0.0234784
3.737669e-008 -0.00483378
3.739336e-008 0.0143287
3.741002e-008 0.00276216
3.742669e-008 -0.00768226
3.744336e-008 0.0189899
3.746002e-008 0.0357355
3.747669e-008 -0.0049201
3.749336e-008 -0.0359944
3.751002e-008 0.00647382
3.752669e-008 0.0420367
3.754336e-008 -0.00353902
3.756002e-008 -0.0447988
3.757669e-008 -0.0137245
3.759336e-008 0.0104444
3.761002e-008 -0.00742331
3.762669e-008 0.00207162
3.764336e-008 0.0235647
3.766002e-008 -0.000690541
3.767669e-008 -0.00802753
3.769336e-008 0.0313333
3.771002e-008 0.0176088
3.772669e-008 -0.0334049
3.774336e-008 0.00250321
3.776002e-008 0.0631845
3.777669e-008 0.0258953
3.779336e-008 -0.0170909
3.781002e-008 0.00811385
3.782669e-008 -0.0132066
3.784336e-008 -0.0706078
3.786002e-008 -0.0228742
3.787669e-008 0.0519632
3.789336e-008 0.0190762
3.791002e-008 -0.00742331
3.792669e-008 0.0447988
3.794336e-008 0.0334049
3.796002e-008 -0.0308154
3.797669e-008 0.00517905
3.799336e-008 0.0590412
3.801002e-008 -0.00215794
3.802669e-008 -0.0511863
3.804336e-008 8.63176e-005
3.806002e-008 0.0196804
3.807669e-008 -0.0189899
3.809336e-008 -0.0134655
3.811002e-008 0.00552432
3.812669e-008 -0.0103581
3.814336e-008 0.00612855
3.816002e-008 0.0346133
3.817669e-008 -0.0119981
3.819336e-008 -0.0618897
3.821002e-008 -0.0248595
3.822669e-008 0.0197667
3.824336e-008 0.00940862
3.826002e-008 -0.0058696
3.827669e-008 -0.0187309
3.829336e-008 -0.0473883
3.831002e-008 -0.0428135
3.832669e-008 0.0101855
3.834336e-008 0.0478199
3.836002e-008 0.0278806
3.837669e-008 -0.0410872
3.839336e-008 -0.0983157
3.841002e-008 -0.0608539
3.842669e-008 0.0264132
3.844336e-008 0.0227878
3.846002e-008 -0.0468704
3.847669e-008 -0.0404829
3.849336e-008 0.0206299
3.851002e-008 0.0298659
3.852669e-008 0.0034527
3.854336e-008 -0.018472
3.856002e-008 -0.0391882
3.857669e-008 -0.0141561
3.859336e-008 0.0483378
3.861002e-008 0.0435041
3.862669e-008 -0.00397061
3.864336e-008 0.0178677
3.866002e-008 0.0406556
3.867669e-008 -0.0211478
3.869336e-008 -0.0444536
3.871002e-008 0.0200257
3.872669e-008 0.0187309
3.874336e-008 -0.0541211
3.876002e-008 -0.045403
3.877669e-008 0.0178677
3.879336e-008 0.0246005
3.881002e-008 0.0207162
3.882669e-008 0.0422093
3.884336e-008 0.0273627
3.886002e-008 0.00535169
3.887669e-008 0.0246005
3.889336e-008 0.00500642
3.891002e-008 -0.0589549
3.892669e-008 -0.0410008
3.894336e-008 0.0265858
3.896002e-008 0.00258953
3.897669e-008 -0.0453167
3.899336e-008 0.0132929
3.901002e-008 0.0816564
3.902669e-008 0.0466978
3.904336e-008 0.000776858
3.906002e-008 0.00535169
3.907669e-008 -0.0210615
3.909336e-008 -0.0624939
3.911002e-008 -0.0216657
3.912669e-008 0.0327144
3.914336e-008 -0.00940862
3.916002e-008 -0.0547253
3.917669e-008 -0.00664645
3.919336e-008 0.0277079
3.921002e-008 -0.0139834
3.922669e-008 -0.0240826
3.924336e-008 0.000172635
3.926002e-008 -0.0450578
3.927669e-008 -0.0843323
3.929336e-008 -0.0115666
3.931002e-008 0.0355628
3.932669e-008 -0.0422093
3.934336e-008 -0.0743194
3.936002e-008 0.0170046
3.937669e-008 0.0681909
3.939336e-008 0.0356492
3.941002e-008 0.0242552
3.942669e-008 0.0172635
3.944336e-008 -0.010876
3.946002e-008 0.0238237
3.947669e-008 0.0744921
3.949336e-008 0.0116529
3.951002e-008 -0.0686225
3.952669e-008 -0.0303838
3.954336e-008 0.0200257
3.956002e-008 -0.00189899
3.957669e-008 0.00690541
3.959336e-008 0.0516179
3.961002e-008 0.0327144
3.962669e-008 -0.00207162
3.964336e-008 0.0177814
3.966002e-008 0.0206299
3.967669e-008 -0.021752
3.969336e-008 -0.0424682
3.971002e-008 -0.0392745
3.972669e-008 -0.0253774
3.974336e-008 0.0181267
3.976002e-008 0.0214931
3.977669e-008 -0.0568833
3.979336e-008 -0.0738878
3.981002e-008 0.034786
3.982669e-008 0.0949493
3.984336e-008 0.0273627
3.986002e-008 -0.0279669
3.987669e-008 -0.0109623
3.989336e-008 0.00828649
3.991002e-008 0.0212341
3.992669e-008 0.0328007
3.994336e-008 -0.0058696
3.996002e-008 -0.0614581
3.997669e-008 -0.0398787
3.999336e-008 0.0273627
4.001002e-008 0.036685
